0.49688103795051575,0.3877604007720947,-0.34831497073173523,0.9999713897705078,0.5102540254592896,0.34873586893081665,-0.31948986649513245,0.9999120235443115,0.5191096663475037,0.34817343950271606,-0.31944429874420166,0.9999006986618042,0.5265500545501709,0.3481234908103943,-0.3194940388202667,0.9999163150787354,0.4834931492805481,0.35075604915618896,-0.3078373372554779,0.9999144077301025,0.4756200611591339,0.3510860204696655,-0.3076072633266449,0.9999176263809204,0.4696227014064789,0.3526463508605957,-0.30791157484054565,0.9999390840530396,0.5361810922622681,0.3586008548736572,-0.13984599709510803,0.9998996257781982,0.4639008641242981,0.3675280809402466,-0.07613222301006317,0.9998998641967773,0.5142499804496765,0.42790114879608154,-0.2848750054836273,0.9999619722366333,0.48087963461875916,0.43112021684646606,-0.26822003722190857,0.9999535083770752,0.6059454083442688,0.5942091345787048,-0.06529288738965988,0.9997424483299255,0.4161830544471741,0.5600404143333435,-0.034000955522060394,0.9999067783355713,0.6394709348678589,0.8909654021263123,-0.036072950810194016,0.942749559879303,0.32216861844062805,0.7247775197029114,-0.37252727150917053,0.996967613697052,0.6475282311439514,1.147908329963684,-0.05290500447154045,0.6057726740837097,0.4049563407897949,0.49217483401298523,-0.7583900690078735,0.9914803504943848,0.6597232818603516,1.2268624305725098,-0.07007820159196854,0.39244338870048523,0.4179791212081909,0.41297900676727295,-0.8466185927391052,0.9606695771217346,0.6392160058021545,1.2283551692962646,-0.09624004364013672,0.4513302445411682,0.42667844891548157,0.40042203664779663,-0.7984358072280884,0.9557421207427979,0.6278655529022217,1.1963424682617188,-0.06659313291311264,0.48068419098854065,0.4308277368545532,0.42696768045425415,-0.7547585964202881,0.9490754008293152,0.5488782525062561,1.0352147817611694,-0.03651924803853035,0.13515225052833557,0.4223824441432953,1.0225019454956055,0.038436513394117355,0.1643911749124527,0.5372602343559265,1.4154322147369385,-0.05509562790393829,0.0006006091134622693,0.4115484952926636,1.3891241550445557,0.13508795201778412,0.0007455478771589696,0.5216236114501953,1.7379567623138428,0.19914117455482483,6.529966049129143e-05,0.39410945773124695,1.715364933013916,0.4078229069709778,5.844126280862838e-05,0.5234994292259216,1.7853825092315674,0.20760883390903473,4.5859582314733416e-05,0.3872970938682556,1.765030026435852,0.42854776978492737,6.843272421974689e-05,0.49533626437187195,1.846386194229126,-0.07993132621049881,6.411995855160058e-05,0.40563884377479553,1.8264461755752563,0.13857446610927582,0.00020643172319978476,0.0,0.0,0.0,0.0,0.0,0.0,0.0,0.0,0.0,0.0,0.0,0.0,0.0,0.0,0.0,0.0,0.0,0.0,0.0,0.0,0.0,0.0,0.0,0.0,0.0,0.0,0.0,0.0,0.0,0.0,0.0,0.0,0.0,0.0,0.0,0.0,0.0,0.0,0.0,0.0,0.0,0.0,0.0,0.0,0.0,0.0,0.0,0.0,0.0,0.0,0.0,0.0,0.0,0.0,0.0,0.0,0.0,0.0,0.0,0.0,0.0,0.0,0.0,0.41808682680130005,0.4873160719871521,-2.6668486863279384e-10,0.4443185329437256,0.47525328397750854,-0.009670151397585869,0.4662594795227051,0.4513312578201294,-0.0143930958583951,0.48556753993034363,0.43703094124794006,-0.019327806308865547,0.5019822716712952,0.43739667534828186,-0.02438383735716343,0.455381840467453,0.3805416524410248,-0.0038156730588525534,0.4613809287548065,0.34117451310157776,-0.01009045634418726,0.46445000171661377,0.3162612020969391,-0.014185584150254726,0.465495765209198,0.2940978407859802,-0.017521290108561516,0.4392934739589691,0.37479525804519653,-0.00474029453471303,0.44030603766441345,0.3351755738258362,-0.01466310303658247,0.4401731491088867,0.369788259267807,-0.016221217811107635,0.44067496061325073,0.38919058442115784,-0.014486832544207573,0.42316147685050964,0.3771616518497467,-0.007161231711506844,0.42299214005470276,0.3442974090576172,-0.01892503723502159,0.4247259497642517,0.37949371337890625,-0.015391610562801361,0.4249022901058197,0.3951228857040405,-0.009605802595615387,0.4067433774471283,0.3853997588157654,-0.01053448487073183,0.4060153663158417,0.35052186250686646,-0.01808757521212101,0.4099716246128082,0.37347111105918884,-0.013762645423412323,0.4115712642669678,0.38937756419181824,-0.00861678458750248
0.503081202507019,0.3844262957572937,-0.442233681678772,0.9999718070030212,0.5184928774833679,0.34746411442756653,-0.4149249494075775,0.999910831451416,0.5261436700820923,0.3473694920539856,-0.41489872336387634,0.9999040365219116,0.5323785543441772,0.34743261337280273,-0.4150099754333496,0.9999140501022339,0.4907779395580292,0.3490535318851471,-0.3978194296360016,0.9999144077301025,0.48166146874427795,0.34923243522644043,-0.39743730425834656,0.999918520450592,0.47468096017837524,0.3496841490268707,-0.39752593636512756,0.9999329447746277,0.5410929322242737,0.3597239553928375,-0.24484635889530182,0.9998973608016968,0.4660141170024872,0.36505943536758423,-0.15122655034065247,0.9999014735221863,0.5187604427337646,0.4234241843223572,-0.3829871118068695,0.9999635219573975,0.483839213848114,0.42554280161857605,-0.35813388228416443,0.9999564290046692,0.6010311841964722,0.5773388743400574,-0.1570451259613037,0.9997771382331848,0.40517014265060425,0.5705773234367371,-0.0757652148604393,0.9999024271965027,0.6643087267875671,0.8112920522689819,-0.2691313624382019,0.9509113430976868,0.3384067118167877,0.7986542582511902,-0.3207745850086212,0.9957062602043152,0.61712247133255,1.0571980476379395,-0.22189660370349884,0.6592355966567993,0.37764158844947815,0.5853565335273743,-0.7419624924659729,0.9849492907524109,0.621878445148468,1.1692053079605103,-0.25586631894111633,0.4622153043746948,0.3811359107494354,0.5186821222305298,-0.8361964821815491,0.9472982883453369,0.5910108685493469,1.1745163202285767,-0.2753642499446869,0.5156471729278564,0.390677809715271,0.5091768503189087,-0.7907429337501526,0.9446026086807251,0.5868750810623169,1.1390680074691772,-0.2315823882818222,0.5425869822502136,0.39567831158638,0.5284547209739685,-0.7398352026939392,0.9424397945404053,0.5643364191055298,1.0245546102523804,-0.028709817677736282,0.16773204505443573,0.4384749233722687,1.0162286758422852,0.030266107991337776,0.19208909571170807,0.5734619498252869,1.4207351207733154,0.03577050939202309,0.0007614623173139989,0.44009530544281006,1.4117951393127441,0.2157270312309265,0.0008262045448645949,0.5655660629272461,1.744218349456787,0.36279600858688354,8.589220669819042e-05,0.43515416979789734,1.7412729263305664,0.5812770128250122,9.41803737077862e-05,0.5684119462966919,1.7893160581588745,0.3788011968135834,7.769940566504374e-05,0.43001043796539307,1.7885041236877441,0.6118547320365906,0.00017409617430530488,0.5445120930671692,1.8657615184783936,0.08692954480648041,0.00013336616393644363,0.454415500164032,1.8633086681365967,0.3152267634868622,0.0003456337144598365,0.0,0.0,0.0,0.0,0.0,0.0,0.0,0.0,0.0,0.0,0.0,0.0,0.0,0.0,0.0,0.0,0.0,0.0,0.0,0.0,0.0,0.0,0.0,0.0,0.0,0.0,0.0,0.0,0.0,0.0,0.0,0.0,0.0,0.0,0.0,0.0,0.0,0.0,0.0,0.0,0.0,0.0,0.0,0.0,0.0,0.0,0.0,0.0,0.0,0.0,0.0,0.0,0.0,0.0,0.0,0.0,0.0,0.0,0.0,0.0,0.0,0.0,0.0,0.4063964784145355,0.5150071382522583,1.134547034098432e-07,0.43338117003440857,0.493065744638443,-0.0055393497459590435,0.4564704895019531,0.46519556641578674,-0.008845886215567589,0.47574084997177124,0.44813233613967896,-0.013264304026961327,0.4909990429878235,0.438590407371521,-0.01738850027322769,0.4443899095058441,0.4204365015029907,0.003692363388836384,0.4477594792842865,0.3841902017593384,-0.0005094741354696453,0.4485108256340027,0.3718798756599426,-0.003635815577581525,0.4493374228477478,0.3604487478733063,-0.005473856348544359,0.4305934011936188,0.414913147687912,0.0028627358842641115,0.4329617917537689,0.3807019591331482,-0.0017782762879505754,0.4322597086429596,0.3844436705112457,-0.00371251767501235,0.4338260889053345,0.3803495168685913,-0.003493104362860322,0.4168672263622284,0.41236820816993713,0.00031651498284190893,0.41900894045829773,0.38152748346328735,-0.004736979957669973,0.4186052083969116,0.3834812343120575,-0.0030697931069880724,0.41984662413597107,0.3781338334083557,-0.0003274987975601107,0.40337473154067993,0.41377899050712585,-0.0031219010706990957,0.4033849835395813,0.3828178346157074,-0.005894164089113474,0.4044501781463623,0.38262850046157837,-0.0031805909238755703,0.40627217292785645,0.38092195987701416,0.0001287877676077187
0.5040339231491089,0.38250303268432617,-0.5355029702186584,0.9999668598175049,0.5187270045280457,0.34547343850135803,-0.5039785504341125,0.999893844127655,0.5256453156471252,0.3454296290874481,-0.5039814710617065,0.9998919367790222,0.5312973260879517,0.3456345200538635,-0.5039176344871521,0.9998940825462341,0.49142614006996155,0.34782710671424866,-0.4975320100784302,0.9999004006385803,0.4820546507835388,0.34842878580093384,-0.4973943531513214,0.9999078512191772,0.4743521809577942,0.3487534523010254,-0.49773547053337097,0.9999136328697205,0.5414482355117798,0.36065149307250977,-0.3023075759410858,0.9998759627342224,0.4660402834415436,0.36456477642059326,-0.2641941010951996,0.9998939037322998,0.5196012258529663,0.4210565686225891,-0.46387016773223877,0.9999603033065796,0.4847583770751953,0.424312949180603,-0.4540170133113861,0.9999555945396423,0.6001371145248413,0.5765668153762817,-0.20269624888896942,0.9997645020484924,0.4017845392227173,0.5753277540206909,-0.15842223167419434,0.9998798966407776,0.6600596904754639,0.8268190026283264,-0.31193405389785767,0.9567615389823914,0.3379240334033966,0.7780260443687439,-0.4217451214790344,0.9949904680252075,0.619702935218811,1.0882542133331299,-0.46190741658210754,0.7029043436050415,0.38046327233314514,0.5540696382522583,-0.8159236907958984,0.9781826734542847,0.6029685735702515,1.1825430393218994,-0.5084974765777588,0.5223932266235352,0.3893490433692932,0.4831567704677582,-0.9077591300010681,0.9300582408905029,0.5846320986747742,1.1769932508468628,-0.7070667743682861,0.5693809986114502,0.39918941259384155,0.4734377861022949,-0.8637802600860596,0.9293096661567688,0.5835012197494507,1.1426219940185547,-0.5151159763336182,0.5949356555938721,0.40207144618034363,0.4948975741863251,-0.8135777711868286,0.9315377473831177,0.5664007067680359,1.0221666097640991,-0.029422195628285408,0.2097553163766861,0.4365927577018738,1.0214201211929321,0.03064887970685959,0.22579732537269592,0.5733464360237122,1.426122784614563,-0.00019436251022852957,0.00141975749284029,0.4440447986125946,1.4192763566970825,0.18274156749248505,0.0011023563565686345,0.5764779448509216,1.7503297328948975,0.3138958513736725,0.00014622991147916764,0.4474312663078308,1.7473207712173462,0.48385199904441833,0.00014593632658943534,0.5796085000038147,1.7954918146133423,0.32663267850875854,0.000220123867620714,0.43929624557495117,1.7974662780761719,0.5063321590423584,0.0003949673264287412,0.5597632527351379,1.8754593133926392,0.01648225262761116,0.00024731323355808854,0.4678715169429779,1.8726567029953003,0.18908195197582245,0.0005599416326731443,0.0,0.0,0.0,0.0,0.0,0.0,0.0,0.0,0.0,0.0,0.0,0.0,0.0,0.0,0.0,0.0,0.0,0.0,0.0,0.0,0.0,0.0,0.0,0.0,0.0,0.0,0.0,0.0,0.0,0.0,0.0,0.0,0.0,0.0,0.0,0.0,0.0,0.0,0.0,0.0,0.0,0.0,0.0,0.0,0.0,0.0,0.0,0.0,0.0,0.0,0.0,0.0,0.0,0.0,0.0,0.0,0.0,0.0,0.0,0.0,0.0,0.0,0.0,0.4173281192779541,0.49108344316482544,1.0463025290619044e-07,0.4436415433883667,0.4770151674747467,-0.0073673962615430355,0.465669721364975,0.4523819088935852,-0.011348634026944637,0.48449045419692993,0.4379957318305969,-0.01614314690232277,0.5004151463508606,0.4393548369407654,-0.021210238337516785,0.4552954435348511,0.3819783329963684,0.001364395720884204,0.45993638038635254,0.3449467420578003,-0.002862380351871252,0.4626149535179138,0.31733351945877075,-0.005927487276494503,0.4642653465270996,0.2950321435928345,-0.00853616464883089,0.4395406246185303,0.3754323124885559,0.00016788292850833386,0.4423317313194275,0.3371215760707855,-0.0073639508336782455,0.44132816791534424,0.3711584806442261,-0.008119802922010422,0.44170162081718445,0.39072611927986145,-0.0055137621238827705,0.4239538908004761,0.3771391808986664,-0.0024305456317961216,0.42494693398475647,0.34574127197265625,-0.011731988750398159,0.42573800683021545,0.3787420094013214,-0.007959488779306412,0.4255712926387787,0.3947487771511078,-0.0019526841351762414,0.40807676315307617,0.38530951738357544,-0.0058854855597019196,0.4072057604789734,0.35168522596359253,-0.01186123862862587,0.41088172793388367,0.37395891547203064,-0.007254918571561575,0.41285383701324463,0.39049455523490906,-0.001693867496214807
0.5033900737762451,0.38165801763534546,-0.4039168357849121,0.9999488592147827,0.5174574255943298,0.3446132242679596,-0.3721134066581726,0.9998493790626526,0.5243299603462219,0.34438204765319824,-0.3721093237400055,0.9998511075973511,0.5300597548484802,0.34460750222206116,-0.3722233474254608,0.9998503923416138,0.4905345141887665,0.34683695435523987,-0.3612900972366333,0.999859094619751,0.48122093081474304,0.3473362624645233,-0.36124542355537415,0.999871551990509,0.4733099937438965,0.3475770354270935,-0.3616240620613098,0.9998794198036194,0.54192054271698,0.3612549901008606,-0.19679416716098785,0.9998184442520142,0.465482622385025,0.36370986700057983,-0.14104342460632324,0.9998591542243958,0.5191482305526733,0.4207777976989746,-0.34257692098617554,0.9999401569366455,0.4846799969673157,0.4230406582355499,-0.3280167281627655,0.9999375343322754,0.6011814475059509,0.58409583568573,-0.11959674209356308,0.9996903538703918,0.40332332253456116,0.5735008716583252,-0.0730636790394783,0.9998470544815063,0.6558220386505127,0.8645442724227905,-0.15687479078769684,0.9573236107826233,0.3363305330276489,0.7653099298477173,-0.32604360580444336,0.9946102499961853,0.6185457110404968,1.121307134628296,-0.2560439705848694,0.7107129693031311,0.3849566876888275,0.544709324836731,-0.6779173016548157,0.9735440015792847,0.6116289496421814,1.2101025581359863,-0.2869293987751007,0.5445692539215088,0.39730337262153625,0.4756310284137726,-0.7642194032669067,0.9181371927261353,0.5841659903526306,1.2108322381973267,-0.31105297803878784,0.5871608257293701,0.40737879276275635,0.4652414321899414,-0.7027522921562195,0.9178186655044556,0.5757067799568176,1.1757948398590088,-0.27062004804611206,0.6094000339508057,0.409451425075531,0.48705586791038513,-0.668665885925293,0.9220962524414062,0.5652732849121094,1.0229763984680176,-0.013328230939805508,0.2683071196079254,0.43536561727523804,1.0229101181030273,0.01437439676374197,0.283199280500412,0.5546291470527649,1.4288290739059448,-0.08197581768035889,0.0025260732509195805,0.4307553172111511,1.41372811794281,0.08331163972616196,0.002202858217060566,0.5515010356903076,1.752362608909607,0.14165467023849487,0.00027805601712316275,0.424714595079422,1.7493380308151245,0.28040316700935364,0.00034787633921951056,0.5557432174682617,1.7980552911758423,0.149143785238266,0.0003610920684877783,0.41956576704978943,1.7975585460662842,0.29192668199539185,0.0009900867007672787,0.5265534520149231,1.8729418516159058,-0.13389375805854797,0.0004693221999332309,0.43944188952445984,1.8675258159637451,0.011271393857896328,0.0009880125289782882,0.0,0.0,0.0,0.0,0.0,0.0,0.0,0.0,0.0,0.0,0.0,0.0,0.0,0.0,0.0,0.0,0.0,0.0,0.0,0.0,0.0,0.0,0.0,0.0,0.0,0.0,0.0,0.0,0.0,0.0,0.0,0.0,0.0,0.0,0.0,0.0,0.0,0.0,0.0,0.0,0.0,0.0,0.0,0.0,0.0,0.0,0.0,0.0,0.0,0.0,0.0,0.0,0.0,0.0,0.0,0.0,0.0,0.0,0.0,0.0,0.0,0.0,0.0,0.4174838960170746,0.4912830591201782,9.626722174971292e-08,0.4436117708683014,0.4776262044906616,-0.006580864079296589,0.46501418948173523,0.45338571071624756,-0.010465613566339016,0.48368096351623535,0.4388924539089203,-0.015036837197840214,0.49979642033576965,0.43981119990348816,-0.019920362159609795,0.45555731654167175,0.3857368528842926,-0.00032316616852767766,0.45997169613838196,0.3462483286857605,-0.0052490150555968285,0.46335503458976746,0.31805798411369324,-0.008874797262251377,0.46472597122192383,0.29461759328842163,-0.011853501200675964,0.4399898648262024,0.378226101398468,-0.0017989599145948887,0.4422181248664856,0.338097482919693,-0.00846609566360712,0.4413912892341614,0.3738704323768616,-0.008166749030351639,0.44179853796958923,0.3930075466632843,-0.005221725907176733,0.4242655038833618,0.3791283369064331,-0.004596257582306862,0.42470237612724304,0.3461950719356537,-0.013898138888180256,0.4258364737033844,0.37977832555770874,-0.009609938599169254,0.4259086549282074,0.3955686688423157,-0.0034098804462701082,0.4085743725299835,0.3871971368789673,-0.008067453280091286,0.4073033928871155,0.3511299788951874,-0.014709576033055782,0.4106711447238922,0.37420499324798584,-0.009915820322930813,0.41229450702667236,0.3922746777534485,-0.004226463846862316
0.5026350617408752,0.38148143887519836,-0.4355359375476837,0.9999303221702576,0.5164047479629517,0.344119668006897,-0.4056910276412964,0.9998050332069397,0.5230807065963745,0.3438091278076172,-0.40573850274086,0.9998059272766113,0.5291036367416382,0.3441152572631836,-0.4057981073856354,0.9998038411140442,0.4902692437171936,0.34652847051620483,-0.3939509987831116,0.9998184442520142,0.4810471534729004,0.3469328284263611,-0.3939705491065979,0.9998343586921692,0.47327789664268494,0.3470543920993805,-0.3943637013435364,0.9998476505279541,0.5415747165679932,0.3618917763233185,-0.2316269874572754,0.9997527003288269,0.46535587310791016,0.36314210295677185,-0.17375575006008148,0.9998144507408142,0.5182635188102722,0.4205842614173889,-0.37344226241111755,0.9999149441719055,0.48489275574684143,0.42257171869277954,-0.35843023657798767,0.9999143481254578,0.6022698879241943,0.5873198509216309,-0.1384693682193756,0.9995529055595398,0.4052523374557495,0.5718520283699036,-0.08496209233999252,0.99980229139328,0.6567011475563049,0.8669431805610657,-0.16135242581367493,0.9577890634536743,0.3345138132572174,0.7610087394714355,-0.3378188908100128,0.9942378401756287,0.6215413212776184,1.1239604949951172,-0.246599942445755,0.7281122207641602,0.38489407300949097,0.5370107293128967,-0.6975902318954468,0.969390332698822,0.6204584836959839,1.2132529020309448,-0.2779777944087982,0.5720300674438477,0.39736148715019226,0.4655943512916565,-0.7815975546836853,0.9074868559837341,0.5969448685646057,1.2115997076034546,-0.3008984923362732,0.6106868982315063,0.40745893120765686,0.4553792178630829,-0.7290374040603638,0.9078643918037415,0.585789680480957,1.1785807609558105,-0.25984713435173035,0.6298160552978516,0.40999287366867065,0.4771925210952759,-0.6912366151809692,0.9136714339256287,0.5618740916252136,1.024398684501648,-0.018967092037200928,0.3219064474105835,0.4360184669494629,1.0211923122406006,0.019988972693681717,0.33403143286705017,0.5462167263031006,1.4296995401382446,-0.1268477439880371,0.00463694566860795,0.42739561200141907,1.4158838987350464,0.0675758421421051,0.0039716316387057304,0.5434622168540955,1.757826805114746,0.07819286733865738,0.00046391377691179514,0.4179810583591461,1.7525941133499146,0.2430032193660736,0.0005237073637545109,0.5472461581230164,1.8041194677352905,0.08367820829153061,0.0005301045021042228,0.4138648808002472,1.7997277975082397,0.2522759735584259,0.0015001700958237052,0.5207720994949341,1.8728657960891724,-0.20124946534633636,0.0006932698306627572,0.42851313948631287,1.8641455173492432,-0.024991797283291817,0.0013489836128428578,0.0,0.0,0.0,0.0,0.0,0.0,0.0,0.0,0.0,0.0,0.0,0.0,0.0,0.0,0.0,0.0,0.0,0.0,0.0,0.0,0.0,0.0,0.0,0.0,0.0,0.0,0.0,0.0,0.0,0.0,0.0,0.0,0.0,0.0,0.0,0.0,0.0,0.0,0.0,0.0,0.0,0.0,0.0,0.0,0.0,0.0,0.0,0.0,0.0,0.0,0.0,0.0,0.0,0.0,0.0,0.0,0.0,0.0,0.0,0.0,0.0,0.0,0.0,0.41877102851867676,0.4850351810455322,8.423499764376174e-08,0.44375166296958923,0.47651058435440063,-0.008279319852590561,0.4659859538078308,0.45250582695007324,-0.013041813857853413,0.48426422476768494,0.4394088685512543,-0.018344976007938385,0.4999012351036072,0.4423712193965912,-0.02383403666317463,0.4557003080844879,0.38207948207855225,-0.002097980584949255,0.4609662592411041,0.34360364079475403,-0.007403610739856958,0.46365833282470703,0.31788089871406555,-0.010654260404407978,0.46514275670051575,0.2968519628047943,-0.013272710144519806,0.4397578537464142,0.3765144348144531,-0.0031006131321191788,0.4424647092819214,0.33906090259552,-0.011873058043420315,0.44199472665786743,0.37306535243988037,-0.012590635567903519,0.442341685295105,0.3909754753112793,-0.010042178444564342,0.42394062876701355,0.37823012471199036,-0.0054276385344564915,0.42469751834869385,0.34647321701049805,-0.01574416272342205,0.4260278642177582,0.3800223171710968,-0.011647881008684635,0.42575180530548096,0.3960508406162262,-0.005404286086559296,0.4078975319862366,0.3855059742927551,-0.00862519908696413,0.4074380397796631,0.3522721529006958,-0.015276409685611725,0.4112603962421417,0.37497806549072266,-0.010636165738105774,0.4128883183002472,0.3913308382034302,-0.005056116264313459
0.5027072429656982,0.38196808099746704,-0.42571598291397095,0.9999024271965027,0.5161697864532471,0.3445718288421631,-0.3962162137031555,0.9997512698173523,0.5227218270301819,0.34426379203796387,-0.3962475061416626,0.9997482895851135,0.5288776755332947,0.3445532023906708,-0.3963429033756256,0.9997498989105225,0.49051302671432495,0.34654608368873596,-0.3863970935344696,0.999764084815979,0.48125937581062317,0.34689801931381226,-0.38639557361602783,0.9997829794883728,0.4735517203807831,0.346842885017395,-0.3867669999599457,0.9998080730438232,0.541341245174408,0.3626682162284851,-0.2203807681798935,0.999687671661377,0.4652562439441681,0.36306607723236084,-0.1708967536687851,0.9997673034667969,0.5180680751800537,0.42147424817085266,-0.36294952034950256,0.9998897910118103,0.4853227436542511,0.42260709404945374,-0.3500041961669922,0.9998915195465088,0.6030308604240417,0.5851068496704102,-0.13095763325691223,0.9994873404502869,0.4062460660934448,0.5702482461929321,-0.09526629000902176,0.9997684359550476,0.65632164478302,0.8663129806518555,-0.16105274856090546,0.9581617116928101,0.3333302140235901,0.7587123513221741,-0.3511762022972107,0.9939085245132446,0.6150428652763367,1.1270103454589844,-0.25765159726142883,0.7365524768829346,0.3869423270225525,0.5322672128677368,-0.6981240510940552,0.9666321277618408,0.6200959086418152,1.2086740732192993,-0.2912200391292572,0.5897416472434998,0.3995051085948944,0.45943906903266907,-0.7814276814460754,0.8998181223869324,0.5978808999061584,1.2056889533996582,-0.3128091096878052,0.6250479221343994,0.40976086258888245,0.4495479464530945,-0.7311639189720154,0.900576114654541,0.5871841311454773,1.173394799232483,-0.27118122577667236,0.6427584290504456,0.4124642610549927,0.47132691740989685,-0.692034125328064,0.9075881838798523,0.5657525658607483,1.0423541069030762,-0.013853787444531918,0.36184534430503845,0.4356957674026489,1.0253850221633911,0.014863125048577785,0.37106457352638245,0.5491507649421692,1.4323976039886475,-0.07603514939546585,0.0058904350735247135,0.4260224997997284,1.4135184288024902,0.04241972416639328,0.005044222343713045,0.5390822291374207,1.7590742111206055,0.14364761114120483,0.000670814944896847,0.4146333932876587,1.7530750036239624,0.19853414595127106,0.0007042614161036909,0.541887640953064,1.805161476135254,0.1511053442955017,0.0007573071052320302,0.4103037118911743,1.8000099658966064,0.20631904900074005,0.0020567835308611393,0.5158311128616333,1.8777210712432861,-0.12088574469089508,0.0009163669892586768,0.42590752243995667,1.8658888339996338,-0.07104510813951492,0.0016975307371467352,0.0,0.0,0.0,0.0,0.0,0.0,0.0,0.0,0.0,0.0,0.0,0.0,0.0,0.0,0.0,0.0,0.0,0.0,0.0,0.0,0.0,0.0,0.0,0.0,0.0,0.0,0.0,0.0,0.0,0.0,0.0,0.0,0.0,0.0,0.0,0.0,0.0,0.0,0.0,0.0,0.0,0.0,0.0,0.0,0.0,0.0,0.0,0.0,0.0,0.0,0.0,0.0,0.0,0.0,0.0,0.0,0.0,0.0,0.0,0.0,0.0,0.0,0.0,0.41864141821861267,0.48668286204338074,7.535818014048346e-08,0.4437914788722992,0.477889746427536,-0.008588572964072227,0.4659911096096039,0.4532378017902374,-0.013368477113544941,0.4844847321510315,0.43833792209625244,-0.018493156880140305,0.5005123019218445,0.43849459290504456,-0.023768944665789604,0.45579442381858826,0.383093923330307,-0.0033116324339061975,0.46173861622810364,0.34363386034965515,-0.008994805626571178,0.46538013219833374,0.3179507255554199,-0.01243751309812069,0.46689897775650024,0.29613304138183594,-0.015237987041473389,0.44019749760627747,0.3771243095397949,-0.004395198542624712,0.44242948293685913,0.33838531374931335,-0.013603233732283115,0.4422062039375305,0.3747546672821045,-0.014297973364591599,0.4422525465488434,0.392791211605072,-0.011741925030946732,0.4244232475757599,0.37869128584861755,-0.006772802211344242,0.4246373474597931,0.3447170853614807,-0.01776077039539814,0.42633387446403503,0.3805786073207855,-0.013227539137005806,0.42572301626205444,0.396110475063324,-0.006636747159063816,0.4079071283340454,0.386161744594574,-0.010009816847741604,0.4071226119995117,0.3513971269130707,-0.017393779009580612,0.4112289547920227,0.3754427433013916,-0.01252079103142023,0.41232892870903015,0.3916572332382202,-0.006683663930743933
0.5034182071685791,0.3820023536682129,-0.38333794474601746,0.9998958706855774,0.5166820883750916,0.34434136748313904,-0.3505316972732544,0.999739408493042,0.5231485962867737,0.34394580125808716,-0.35052162408828735,0.9997371435165405,0.5292631387710571,0.3442123830318451,-0.35062000155448914,0.9997386932373047,0.49124306440353394,0.346494197845459,-0.3403988182544708,0.9997533559799194,0.48197314143180847,0.3468543589115143,-0.34032946825027466,0.9997713565826416,0.474149614572525,0.34669020771980286,-0.34067586064338684,0.9997950196266174,0.5413853526115417,0.3623022437095642,-0.17097149789333344,0.9996659755706787,0.46536001563072205,0.3634985685348511,-0.1191878393292427,0.9997609257698059,0.5187278389930725,0.42146503925323486,-0.32090041041374207,0.9998840093612671,0.48616474866867065,0.4224987030029297,-0.3073885142803192,0.9998868107795715,0.6037406325340271,0.5861024260520935,-0.09422262758016586,0.9994860887527466,0.4070180058479309,0.5696696043014526,-0.057365722954273224,0.9997492432594299,0.6567283868789673,0.8657380938529968,-0.12785236537456512,0.9607778787612915,0.3327726423740387,0.7566483020782471,-0.3363979458808899,0.9937931299209595,0.6267639994621277,1.1350107192993164,-0.2177521139383316,0.7513859272003174,0.38892194628715515,0.5281033515930176,-0.6996763348579407,0.9652601480484009,0.6283031702041626,1.218084692955017,-0.25159505009651184,0.6120704412460327,0.40045541524887085,0.457198828458786,-0.7879040241241455,0.8959973454475403,0.6049261093139648,1.2167590856552124,-0.2732974588871002,0.6449847221374512,0.4105949103832245,0.44720354676246643,-0.734555184841156,0.8971033692359924,0.5944857001304626,1.1847096681594849,-0.2316199690103531,0.6609715819358826,0.4134626090526581,0.4691992998123169,-0.6937154531478882,0.9052046537399292,0.5643849968910217,1.0502684116363525,-0.015581047162413597,0.406920850276947,0.4333670437335968,1.0193047523498535,0.016927024349570274,0.41383692622184753,0.5461260080337524,1.438529133796692,-0.07576588541269302,0.0068004135973751545,0.4231305420398712,1.414754867553711,0.05666302144527435,0.005906268488615751,0.5341860055923462,1.7637375593185425,0.14428284764289856,0.0008035772480070591,0.41043707728385925,1.7564431428909302,0.2363230437040329,0.0008541549905203283,0.5367060303688049,1.8096070289611816,0.15086345374584198,0.0009187212563119829,0.40568798780441284,1.8035110235214233,0.24620817601680756,0.0024830978363752365,0.5101888179779053,1.8838939666748047,-0.12922431528568268,0.0010842172196134925,0.4214543402194977,1.8704801797866821,-0.03829335421323776,0.0019980231299996376,0.0,0.0,0.0,0.0,0.0,0.0,0.0,0.0,0.0,0.0,0.0,0.0,0.0,0.0,0.0,0.0,0.0,0.0,0.0,0.0,0.0,0.0,0.0,0.0,0.0,0.0,0.0,0.0,0.0,0.0,0.0,0.0,0.0,0.0,0.0,0.0,0.0,0.0,0.0,0.0,0.0,0.0,0.0,0.0,0.0,0.0,0.0,0.0,0.0,0.0,0.0,0.0,0.0,0.0,0.0,0.0,0.0,0.0,0.0,0.0,0.0,0.0,0.0,0.4190710484981537,0.4868541955947876,7.696099402210166e-08,0.4441054165363312,0.4775512218475342,-0.008028565905988216,0.46649959683418274,0.4520553648471832,-0.012387699447572231,0.4850316643714905,0.43788784742355347,-0.01727641001343727,0.5009264349937439,0.43786346912384033,-0.022438358515501022,0.45581457018852234,0.3829058110713959,-0.002063005929812789,0.46128106117248535,0.3439028263092041,-0.0071603721007704735,0.4644678235054016,0.3180677890777588,-0.01054030004888773,0.4657394587993622,0.2955726981163025,-0.013449614867568016,0.4401112496852875,0.37703073024749756,-0.003311966313049197,0.4421672821044922,0.33927568793296814,-0.012275625951588154,0.442430317401886,0.3743152916431427,-0.013506164774298668,0.44248875975608826,0.3922390341758728,-0.011424710042774677,0.4243522584438324,0.3788470923900604,-0.005767934489995241,0.424895703792572,0.34497082233428955,-0.01644180901348591,0.4267089068889618,0.3802141547203064,-0.012261193245649338,0.42595961689949036,0.3962898850440979,-0.00599655881524086,0.408050537109375,0.3866451680660248,-0.00904988031834364,0.4074768126010895,0.35135650634765625,-0.016468647867441177,0.4113250970840454,0.3753129243850708,-0.011844083666801453,0.4123999774456024,0.3921157121658325,-0.00618122098967433
0.50345778465271,0.3819544017314911,-0.4116574227809906,0.9998887777328491,0.5167735815048218,0.34424641728401184,-0.37820494174957275,0.9997272491455078,0.5234318375587463,0.3438752293586731,-0.37820670008659363,0.9997267127037048,0.5296086072921753,0.3441593647003174,-0.3782922923564911,0.9997266530990601,0.49095985293388367,0.3464057147502899,-0.3695293068885803,0.999742329120636,0.4817487597465515,0.346750408411026,-0.3694670796394348,0.9997614622116089,0.47398892045021057,0.34644952416419983,-0.3698244094848633,0.9997836351394653,0.5415042042732239,0.3622352182865143,-0.19265152513980865,0.9996458888053894,0.46530601382255554,0.3635861575603485,-0.14903375506401062,0.9997566938400269,0.5192848443984985,0.4212571680545807,-0.3466612994670868,0.9998776316642761,0.4861584007740021,0.42239460349082947,-0.33547061681747437,0.9998819231987,0.6037909984588623,0.5855231285095215,-0.10200874507427216,0.9994706511497498,0.407319575548172,0.5693655610084534,-0.08204297721385956,0.9997300505638123,0.6556745767593384,0.8603776097297668,-0.13062523305416107,0.9618099331855774,0.33267536759376526,0.7544127702713013,-0.36082518100738525,0.9937413930892944,0.625283420085907,1.129127860069275,-0.22345317900180817,0.7613616585731506,0.3888445496559143,0.5254840850830078,-0.7215314507484436,0.9647462964057922,0.6267372369766235,1.2150007486343384,-0.25611984729766846,0.628166913986206,0.4004068672657013,0.45389997959136963,-0.8088375329971313,0.8943621516227722,0.6043302416801453,1.213241696357727,-0.27865883708000183,0.6591832637786865,0.4103158712387085,0.4439266622066498,-0.7572675347328186,0.8955711722373962,0.5942273736000061,1.1813892126083374,-0.23743663728237152,0.6737537384033203,0.4130938649177551,0.4664413034915924,-0.7157374620437622,0.9040961861610413,0.5638262629508972,1.0337245464324951,-0.011261362582445145,0.4382663071155548,0.43430253863334656,1.0159499645233154,0.012625852599740028,0.44374749064445496,0.5480746030807495,1.4357253313064575,-0.08209686726331711,0.007419690489768982,0.423862487077713,1.4119797945022583,0.03504958376288414,0.0064746844582259655,0.5378913283348083,1.7646700143814087,0.13477832078933716,0.00086386309703812,0.41313570737838745,1.7545889616012573,0.1915917694568634,0.0009260824881494045,0.5405451655387878,1.8101134300231934,0.1408931165933609,0.0009789055911824107,0.4086002707481384,1.8016475439071655,0.1987934708595276,0.0026439111679792404,0.5155373811721802,1.8800774812698364,-0.1402118057012558,0.001172620803117752,0.4259268641471863,1.8676780462265015,-0.08733916282653809,0.002150187501683831,0.0,0.0,0.0,0.0,0.0,0.0,0.0,0.0,0.0,0.0,0.0,0.0,0.0,0.0,0.0,0.0,0.0,0.0,0.0,0.0,0.0,0.0,0.0,0.0,0.0,0.0,0.0,0.0,0.0,0.0,0.0,0.0,0.0,0.0,0.0,0.0,0.0,0.0,0.0,0.0,0.0,0.0,0.0,0.0,0.0,0.0,0.0,0.0,0.0,0.0,0.0,0.0,0.0,0.0,0.0,0.0,0.0,0.0,0.0,0.0,0.0,0.0,0.0,0.4191378951072693,0.4850488305091858,6.511039885026548e-08,0.4441389739513397,0.47637033462524414,-0.007897957228124142,0.46651968359947205,0.45161670446395874,-0.012514800764620304,0.4845069944858551,0.4380921423435211,-0.017700662836432457,0.5002439022064209,0.43953657150268555,-0.023116372525691986,0.45572006702423096,0.3830355405807495,-0.0030007625464349985,0.46100324392318726,0.34384727478027344,-0.00885972660034895,0.46418219804763794,0.31784191727638245,-0.012483636848628521,0.4658692181110382,0.29648616909980774,-0.0153798284009099,0.43986693024635315,0.37743425369262695,-0.0044443015940487385,0.4423268139362335,0.33769112825393677,-0.01451098546385765,0.4420684278011322,0.37303626537323,-0.01589909940958023,0.44205108284950256,0.39330869913101196,-0.013613357208669186,0.4239312410354614,0.3794575035572052,-0.007045600097626448,0.42458802461624146,0.3458400368690491,-0.018308211117982864,0.4262028932571411,0.3801494240760803,-0.014232045039534569,0.42556729912757874,0.3974727392196655,-0.007827426306903362,0.40741729736328125,0.3868462145328522,-0.010444795712828636,0.4073822796344757,0.3531995713710785,-0.01780451275408268,0.41135141253471375,0.3756420612335205,-0.013332633301615715,0.41246455907821655,0.3915337324142456,-0.007797001861035824
0.5028566718101501,0.38203421235084534,-0.42186686396598816,0.9998857378959656,0.5164828896522522,0.34439006447792053,-0.388176828622818,0.9997227191925049,0.5232768058776855,0.34420663118362427,-0.3881947696208954,0.9997207522392273,0.5294438600540161,0.34451282024383545,-0.38825348019599915,0.9997208714485168,0.4904597997665405,0.3463040292263031,-0.37934941053390503,0.9997393488883972,0.4813310503959656,0.34644564986228943,-0.3793143928050995,0.9997585415840149,0.4736366271972656,0.34590089321136475,-0.37969493865966797,0.9997811317443848,0.5414052605628967,0.3626765012741089,-0.19841378927230835,0.9996348023414612,0.4653673768043518,0.36299699544906616,-0.1537637859582901,0.9997562170028687,0.5190058350563049,0.4215784966945648,-0.3550131022930145,0.9998742341995239,0.48532694578170776,0.4222642183303833,-0.34355708956718445,0.9998802542686462,0.6038287878036499,0.5845226645469666,-0.10606556385755539,0.9994367361068726,0.4064301550388336,0.5686121582984924,-0.079632967710495,0.9997147917747498,0.6559169888496399,0.8567880392074585,-0.13209637999534607,0.9624974727630615,0.3341068923473358,0.7535415887832642,-0.3600713014602661,0.9936902523040771,0.6259559392929077,1.1272778511047363,-0.23140700161457062,0.7730074524879456,0.38803961873054504,0.5254674553871155,-0.7314565181732178,0.9638887643814087,0.6262847781181335,1.2119009494781494,-0.26548582315444946,0.6449191570281982,0.40029585361480713,0.4548329710960388,-0.8192306756973267,0.8923013210296631,0.6042426824569702,1.208086609840393,-0.28801700472831726,0.6742185950279236,0.4100666046142578,0.44333013892173767,-0.7690450549125671,0.8937933444976807,0.5940901041030884,1.1766003370285034,-0.24538083374500275,0.6873249411582947,0.41262543201446533,0.4652513563632965,-0.7261397242546082,0.9029300212860107,0.5634719729423523,1.0265918970108032,-0.017218921333551407,0.45378419756889343,0.4338173270225525,1.0142207145690918,0.018610697239637375,0.45820239186286926,0.5465552806854248,1.4374914169311523,-0.09810399264097214,0.00821947492659092,0.4215475022792816,1.4146599769592285,0.04229278489947319,0.007024092599749565,0.5362732410430908,1.7660993337631226,0.11821768432855606,0.0010101402876898646,0.40998563170433044,1.757000207901001,0.21710112690925598,0.0010617069201543927,0.5384610295295715,1.8121188879013062,0.1240517646074295,0.001126623246818781,0.4053513705730438,1.8044158220291138,0.2253033071756363,0.0030338142532855272,0.5145328044891357,1.882239580154419,-0.16155406832695007,0.0013589579612016678,0.4218786954879761,1.8698129653930664,-0.06281179934740067,0.0024259709753096104,0.0,0.0,0.0,0.0,0.0,0.0,0.0,0.0,0.0,0.0,0.0,0.0,0.0,0.0,0.0,0.0,0.0,0.0,0.0,0.0,0.0,0.0,0.0,0.0,0.0,0.0,0.0,0.0,0.0,0.0,0.0,0.0,0.0,0.0,0.0,0.0,0.0,0.0,0.0,0.0,0.0,0.0,0.0,0.0,0.0,0.0,0.0,0.0,0.0,0.0,0.0,0.0,0.0,0.0,0.0,0.0,0.0,0.0,0.0,0.0,0.0,0.0,0.0,0.4183870851993561,0.48505356907844543,7.111763267175775e-08,0.44373881816864014,0.47615158557891846,-0.008353061974048615,0.4656316339969635,0.452472448348999,-0.01321504544466734,0.483931303024292,0.4389377236366272,-0.01863672398030758,0.4999699592590332,0.440949946641922,-0.024206528440117836,0.45551401376724243,0.38271939754486084,-0.0024779965169727802,0.46095243096351624,0.3439026474952698,-0.008083618246018887,0.46396854519844055,0.3178504407405853,-0.01144465059041977,0.46546536684036255,0.29697585105895996,-0.014085400849580765,0.4395836293697357,0.37712493538856506,-0.0036334043834358454,0.44214996695518494,0.3391365706920624,-0.012871770188212395,0.44158121943473816,0.37430334091186523,-0.013597891665995121,0.4418516159057617,0.39334505796432495,-0.010913114063441753,0.4236164093017578,0.3789047598838806,-0.006132984068244696,0.42435285449028015,0.34678128361701965,-0.016966069117188454,0.42560839653015137,0.3809829354286194,-0.012780862860381603,0.42497602105140686,0.3969179093837738,-0.006343064829707146,0.4071400463581085,0.3863300085067749,-0.009506408125162125,0.40662920475006104,0.35260629653930664,-0.01648140512406826,0.4107567369937897,0.3751135468482971,-0.011843318119645119,0.41233476996421814,0.3909560441970825,-0.006207457277923822
0.5023969411849976,0.38203755021095276,-0.41380736231803894,0.999881386756897,0.5161938071250916,0.3442714810371399,-0.37975841760635376,0.9997175931930542,0.5230746865272522,0.34423819184303284,-0.3797771632671356,0.9997132420539856,0.5292032957077026,0.3445832133293152,-0.3798595666885376,0.9997161626815796,0.4901944100856781,0.3461276888847351,-0.3719044327735901,0.9997339248657227,0.4811535179615021,0.34609255194664,-0.37186291813850403,0.999752938747406,0.473517507314682,0.3453265428543091,-0.3722397983074188,0.9997777938842773,0.5411717295646667,0.3628610372543335,-0.1906414031982422,0.9996271729469299,0.4654514193534851,0.3626379668712616,-0.14957930147647858,0.9997535347938538,0.5187484622001648,0.4216782748699188,-0.3475305736064911,0.9998708963394165,0.4847974181175232,0.4221809208393097,-0.3371032774448395,0.9998779296875,0.6036860942840576,0.5850784778594971,-0.1011994406580925,0.9994214773178101,0.4055231809616089,0.568559467792511,-0.08351874351501465,0.9997071027755737,0.6561892628669739,0.8540859222412109,-0.12839099764823914,0.9630808234214783,0.33420488238334656,0.7548593878746033,-0.3638940155506134,0.9936782717704773,0.6276874542236328,1.1229788064956665,-0.23025090992450714,0.7788116335868835,0.38655969500541687,0.5271994471549988,-0.7318393588066101,0.9638278484344482,0.6291466355323792,1.2090427875518799,-0.26412782073020935,0.6549472212791443,0.399408757686615,0.45677873492240906,-0.8198701739311218,0.8916497230529785,0.606639564037323,1.2057085037231445,-0.28661876916885376,0.6831872463226318,0.4091830849647522,0.4448179602622986,-0.7695481181144714,0.8933193683624268,0.5966885685920715,1.1737031936645508,-0.2444591075181961,0.6954221129417419,0.4114970862865448,0.4664919972419739,-0.7263994216918945,0.9029365181922913,0.5644596219062805,1.0447477102279663,-0.014606530778110027,0.46794062852859497,0.43371596932411194,1.0143688917160034,0.01602853648364544,0.4706573188304901,0.5497276186943054,1.4391469955444336,-0.09124542027711868,0.008508140221238136,0.42287322878837585,1.4168951511383057,0.051261056214571,0.00707972701638937,0.539197564125061,1.7693350315093994,0.12152798473834991,0.001075632288120687,0.4112703204154968,1.7600857019424438,0.23434147238731384,0.0011015970958396792,0.5416730642318726,1.8152024745941162,0.12710531055927277,0.001192654948681593,0.4060773253440857,1.8076863288879395,0.24354007840156555,0.0031305355951189995,0.5166915059089661,1.8869054317474365,-0.15910646319389343,0.0014263613848015666,0.4257371127605438,1.8745412826538086,-0.04398883879184723,0.002503620460629463,0.0,0.0,0.0,0.0,0.0,0.0,0.0,0.0,0.0,0.0,0.0,0.0,0.0,0.0,0.0,0.0,0.0,0.0,0.0,0.0,0.0,0.0,0.0,0.0,0.0,0.0,0.0,0.0,0.0,0.0,0.0,0.0,0.0,0.0,0.0,0.0,0.0,0.0,0.0,0.0,0.0,0.0,0.0,0.0,0.0,0.0,0.0,0.0,0.0,0.0,0.0,0.0,0.0,0.0,0.0,0.0,0.0,0.0,0.0,0.0,0.0,0.0,0.0,0.41813957691192627,0.48529958724975586,7.518499955949665e-08,0.44337108731269836,0.4763338267803192,-0.00882207415997982,0.465171217918396,0.45289647579193115,-0.013893621042370796,0.48348674178123474,0.4403163492679596,-0.01950063370168209,0.49943894147872925,0.442958265542984,-0.02516169287264347,0.455231249332428,0.38216474652290344,-0.002307708142325282,0.4606172740459442,0.3432823419570923,-0.008018129505217075,0.46330171823501587,0.3174068331718445,-0.01142969261854887,0.4648454785346985,0.29671013355255127,-0.014033668674528599,0.4393058121204376,0.37657931447029114,-0.0031867893412709236,0.44189199805259705,0.33916130661964417,-0.012232162989675999,0.4412841796875,0.37357860803604126,-0.012856499291956425,0.4420563578605652,0.39211660623550415,-0.010121919214725494,0.4233012795448303,0.3781162202358246,-0.0055472711101174355,0.4242061674594879,0.34713298082351685,-0.016323676332831383,0.4252731204032898,0.3809588551521301,-0.01236364059150219,0.4250505864620209,0.39673593640327454,-0.006035207770764828,0.40695270895957947,0.38538846373558044,-0.008839215151965618,0.4062575697898865,0.35159480571746826,-0.015619534067809582,0.4102407991886139,0.37385672330856323,-0.011067717336118221,0.41224193572998047,0.39016085863113403,-0.0054995231330394745
0.502082347869873,0.3822939991950989,-0.42131659388542175,0.9998834729194641,0.5159430503845215,0.3444577753543854,-0.38814157247543335,0.9997226595878601,0.5228764414787292,0.34446924924850464,-0.3881281018257141,0.9997193217277527,0.5289916396141052,0.34478458762168884,-0.3881901800632477,0.9997206330299377,0.4899527430534363,0.3461168110370636,-0.37975648045539856,0.9997386336326599,0.4810177683830261,0.34606435894966125,-0.3796975910663605,0.9997581839561462,0.4734875559806824,0.3452657163143158,-0.3800618350505829,0.9997806549072266,0.5408438444137573,0.36305028200149536,-0.19999960064888,0.9996340274810791,0.4655967056751251,0.36304375529289246,-0.15623335540294647,0.999761700630188,0.518628716468811,0.42251843214035034,-0.35535866022109985,0.999873161315918,0.4845731556415558,0.42226430773735046,-0.34404614567756653,0.9998809695243835,0.6041215658187866,0.5858097672462463,-0.1076565608382225,0.9994263052940369,0.4058721959590912,0.567839503288269,-0.0910981148481369,0.9997076988220215,0.6554473042488098,0.8552689552307129,-0.13068583607673645,0.9639072418212891,0.3341996371746063,0.7535980343818665,-0.3674680292606354,0.9936289191246033,0.6309940814971924,1.124037742614746,-0.2342158406972885,0.7848230004310608,0.3866843581199646,0.5254497528076172,-0.7339447140693665,0.9640812277793884,0.6324098110198975,1.2106152772903442,-0.26820284128189087,0.6652945876121521,0.39969000220298767,0.45532798767089844,-0.8216850757598877,0.8925272822380066,0.6100510954856873,1.2077994346618652,-0.2913576066493988,0.6930618286132812,0.409670889377594,0.44368699193000793,-0.7722681164741516,0.8943273425102234,0.5997741222381592,1.1757009029388428,-0.24892574548721313,0.7047218084335327,0.4120860695838928,0.4655952751636505,-0.7288529872894287,0.9042980670928955,0.563412606716156,1.0295369625091553,-0.013871964998543262,0.47064653038978577,0.43250587582588196,1.031842589378357,0.015396296046674252,0.4711298942565918,0.5505564212799072,1.4409178495407104,-0.0907626524567604,0.008502913638949394,0.4222969114780426,1.4180536270141602,0.05138456076383591,0.006894838996231556,0.5391435623168945,1.7724969387054443,0.12350477278232574,0.0011480337707325816,0.40990617871284485,1.7624156475067139,0.23068276047706604,0.0011334734736010432,0.5418052673339844,1.818237066268921,0.12897129356861115,0.001264780294150114,0.40430328249931335,1.8102773427963257,0.23965588212013245,0.0032348204404115677,0.5163153409957886,1.8907281160354614,-0.1594640165567398,0.001504819723777473,0.4248495101928711,1.8781572580337524,-0.05111879110336304,0.002558985026553273,0.0,0.0,0.0,0.0,0.0,0.0,0.0,0.0,0.0,0.0,0.0,0.0,0.0,0.0,0.0,0.0,0.0,0.0,0.0,0.0,0.0,0.0,0.0,0.0,0.0,0.0,0.0,0.0,0.0,0.0,0.0,0.0,0.0,0.0,0.0,0.0,0.0,0.0,0.0,0.0,0.0,0.0,0.0,0.0,0.0,0.0,0.0,0.0,0.0,0.0,0.0,0.0,0.0,0.0,0.0,0.0,0.0,0.0,0.0,0.0,0.0,0.0,0.0,0.41896554827690125,0.48521849513053894,7.566769966160791e-08,0.44336998462677,0.47651901841163635,-0.009040550328791142,0.46541982889175415,0.4522498846054077,-0.01444587204605341,0.48451757431030273,0.4403732120990753,-0.02042645588517189,0.5006794333457947,0.44230732321739197,-0.026462450623512268,0.45541584491729736,0.3813304603099823,-0.002333766547963023,0.4605379104614258,0.34298110008239746,-0.008183835074305534,0.46306636929512024,0.3168691098690033,-0.011651522479951382,0.4645775258541107,0.2966187596321106,-0.014217772521078587,0.43942439556121826,0.375897616147995,-0.003135502804070711,0.4419283866882324,0.3387133777141571,-0.012648122385144234,0.44132548570632935,0.3732304871082306,-0.013635256327688694,0.4419238269329071,0.39254286885261536,-0.01100698672235012,0.4232681095600128,0.377573698759079,-0.0053917402401566505,0.4243781864643097,0.34729960560798645,-0.016458798199892044,0.4254010021686554,0.38135215640068054,-0.012607043609023094,0.42502596974372864,0.3980270028114319,-0.00622656662017107,0.40676450729370117,0.38477545976638794,-0.008593364618718624,0.40647441148757935,0.3526892066001892,-0.015334575437009335,0.41044479608535767,0.3747628629207611,-0.010806896723806858,0.41230013966560364,0.39052629470825195,-0.005208170041441917
0.5016899108886719,0.3824809491634369,-0.4268839955329895,0.9998840689659119,0.5155684351921082,0.3447158932685852,-0.39417266845703125,0.9997225403785706,0.5226431488990784,0.34473270177841187,-0.39416104555130005,0.9997224807739258,0.5287347435951233,0.34501516819000244,-0.39422065019607544,0.9997197985649109,0.4895015358924866,0.34611690044403076,-0.385207861661911,0.9997385144233704,0.4807262122631073,0.34606578946113586,-0.38515493273735046,0.9997597932815552,0.47320356965065,0.3453977108001709,-0.38551807403564453,0.9997772574424744,0.5405979752540588,0.3632788360118866,-0.2068215012550354,0.9996358156204224,0.4657195806503296,0.3636760711669922,-0.1601937711238861,0.9997671842575073,0.5183981657028198,0.4232289493083954,-0.36098724603652954,0.9998739957809448,0.4843221604824066,0.42247191071510315,-0.3489367663860321,0.9998826384544373,0.6046764850616455,0.5872920751571655,-0.11664187163114548,0.9994289875030518,0.4066808819770813,0.5679851770401001,-0.09271613508462906,0.9997059106826782,0.6547811627388,0.8600268363952637,-0.14002257585525513,0.9635942578315735,0.33428117632865906,0.7530503273010254,-0.3701547384262085,0.9935263991355896,0.6314551830291748,1.1285889148712158,-0.24054363369941711,0.7878351211547852,0.3876967132091522,0.5220699310302734,-0.7346847057342529,0.9651705622673035,0.633382260799408,1.2166295051574707,-0.2748740315437317,0.6725816130638123,0.40041428804397583,0.4522716999053955,-0.8218648433685303,0.895401656627655,0.6117454171180725,1.2144438028335571,-0.29750916361808777,0.7001677751541138,0.4100010097026825,0.4421623647212982,-0.7727887034416199,0.8971686959266663,0.6011631488800049,1.1826928853988647,-0.2552346885204315,0.7114160060882568,0.4123823344707489,0.463972806930542,-0.7298833727836609,0.9070798754692078,0.5633029937744141,1.0220634937286377,-0.018387148156762123,0.4709041118621826,0.4329201579093933,1.030839204788208,0.01991761475801468,0.4700971841812134,0.5529396533966064,1.440840244293213,-0.09136132150888443,0.007946180179715157,0.4246606230735779,1.4185410737991333,0.05354892462491989,0.006395622622221708,0.5424900054931641,1.7729753255844116,0.12733295559883118,0.001085073221474886,0.4141347110271454,1.7633651494979858,0.22789905965328217,0.0010559111833572388,0.5452978014945984,1.8195958137512207,0.13335011899471283,0.0012101902393624187,0.40900954604148865,1.8115922212600708,0.2366998791694641,0.0030148543883115053,0.5197283029556274,1.8919193744659424,-0.15448518097400665,0.001425104564987123,0.42814913392066956,1.8785001039505005,-0.05378057807683945,0.0024164370261132717,0.0,0.0,0.0,0.0,0.0,0.0,0.0,0.0,0.0,0.0,0.0,0.0,0.0,0.0,0.0,0.0,0.0,0.0,0.0,0.0,0.0,0.0,0.0,0.0,0.0,0.0,0.0,0.0,0.0,0.0,0.0,0.0,0.0,0.0,0.0,0.0,0.0,0.0,0.0,0.0,0.0,0.0,0.0,0.0,0.0,0.0,0.0,0.0,0.0,0.0,0.0,0.0,0.0,0.0,0.0,0.0,0.0,0.0,0.0,0.0,0.0,0.0,0.0,0.418788880109787,0.4852583408355713,6.899510651692253e-08,0.44341397285461426,0.4764353632926941,-0.008419164456427097,0.46538445353507996,0.4517105221748352,-0.01331486739218235,0.4845644533634186,0.4390624165534973,-0.018853619694709778,0.5010132193565369,0.4399493932723999,-0.024585213512182236,0.45515331625938416,0.38207584619522095,-0.0017589597264304757,0.4599674642086029,0.3437621295452118,-0.007289649453014135,0.4627469778060913,0.3178212642669678,-0.01077038049697876,0.4644606411457062,0.29701870679855347,-0.013523804023861885,0.43937480449676514,0.3763270378112793,-0.0029305608477443457,0.4422468841075897,0.33723118901252747,-0.012589333578944206,0.4419132471084595,0.3718746304512024,-0.014032645151019096,0.44189828634262085,0.39205124974250793,-0.011695089749991894,0.4233156144618988,0.37819522619247437,-0.0054248725064098835,0.4246109127998352,0.3459480404853821,-0.016572674736380577,0.4258987307548523,0.3803430199623108,-0.012803928926587105,0.4250669479370117,0.39739590883255005,-0.00646961759775877,0.40667685866355896,0.38569560647010803,-0.008775046095252037,0.4068787693977356,0.35245364904403687,-0.015770336613059044,0.410920649766922,0.37488794326782227,-0.011233309283852577,0.4122552275657654,0.39067819714546204,-0.005624718032777309
0.501614511013031,0.38244470953941345,-0.3893849551677704,0.9998831748962402,0.515320360660553,0.34443429112434387,-0.3565008044242859,0.9997231364250183,0.522490382194519,0.34439992904663086,-0.3564803898334503,0.9997243285179138,0.5285602807998657,0.3446856141090393,-0.3565711975097656,0.9997206926345825,0.4893527328968048,0.34602347016334534,-0.3479425311088562,0.9997391104698181,0.48067817091941833,0.3459432125091553,-0.34786877036094666,0.9997601509094238,0.47315436601638794,0.34525588154792786,-0.34821638464927673,0.9997768402099609,0.5402427911758423,0.36318573355674744,-0.17448586225509644,0.9996365308761597,0.4657563269138336,0.36384448409080505,-0.1296280473470688,0.9997699856758118,0.5183233618736267,0.42287567257881165,-0.32575395703315735,0.9998736381530762,0.4843567907810211,0.4224124252796173,-0.3141590356826782,0.9998826384544373,0.6046016812324524,0.587779700756073,-0.09476761519908905,0.9994406700134277,0.4065417945384979,0.5683764815330505,-0.07420967519283295,0.999707818031311,0.6546841859817505,0.8612245917320251,-0.13017594814300537,0.9629181027412415,0.3338456451892853,0.7543120980262756,-0.35469064116477966,0.9935634732246399,0.6287556290626526,1.1235207319259644,-0.23047439754009247,0.7861216068267822,0.3879145085811615,0.5211287140846252,-0.70635986328125,0.9662502408027649,0.6311767101287842,1.210395097732544,-0.26457634568214417,0.6740689277648926,0.4000030755996704,0.4502671957015991,-0.7920917868614197,0.8980135321617126,0.6094925999641418,1.2084583044052124,-0.2854977250099182,0.7013075351715088,0.4098081588745117,0.4401729702949524,-0.7405297160148621,0.8995977640151978,0.5993708372116089,1.176973581314087,-0.24462270736694336,0.7121856808662415,0.4123460352420807,0.4617801010608673,-0.7004690170288086,0.9090898633003235,0.5630238056182861,1.0200865268707275,-0.01629677601158619,0.481024831533432,0.43336766958236694,1.0316989421844482,0.01778147742152214,0.4803543984889984,0.5543138384819031,1.4396204948425293,-0.08504126220941544,0.007866797037422657,0.4272225499153137,1.41666841506958,0.05361596494913101,0.006323426961898804,0.5461392998695374,1.7732867002487183,0.12314651906490326,0.0010746035259217024,0.4183468520641327,1.7617096900939941,0.22228169441223145,0.0010524177923798561,0.5492905378341675,1.8196216821670532,0.12882781028747559,0.0011990796774625778,0.4131784737110138,1.8097456693649292,0.23094218969345093,0.0029878246132284403,0.523133397102356,1.8908988237380981,-0.15242724120616913,0.0014232781250029802,0.4333864748477936,1.8769422769546509,-0.052529748529195786,0.0024134458508342505,0.0,0.0,0.0,0.0,0.0,0.0,0.0,0.0,0.0,0.0,0.0,0.0,0.0,0.0,0.0,0.0,0.0,0.0,0.0,0.0,0.0,0.0,0.0,0.0,0.0,0.0,0.0,0.0,0.0,0.0,0.0,0.0,0.0,0.0,0.0,0.0,0.0,0.0,0.0,0.0,0.0,0.0,0.0,0.0,0.0,0.0,0.0,0.0,0.0,0.0,0.0,0.0,0.0,0.0,0.0,0.0,0.0,0.0,0.0,0.0,0.0,0.0,0.0,0.4186613857746124,0.48515498638153076,6.529696605639401e-08,0.443367063999176,0.4768308699131012,-0.009175291284918785,0.46577703952789307,0.45184260606765747,-0.014071516692638397,0.4845183789730072,0.4379938542842865,-0.019364362582564354,0.5008195638656616,0.43806323409080505,-0.024781309068202972,0.455484002828598,0.3810350000858307,-0.0024348460137844086,0.4609456956386566,0.3431733250617981,-0.0075791869312524796,0.4635308086872101,0.31753799319267273,-0.010875810869038105,0.46487942337989807,0.296435683965683,-0.013553493656218052,0.43925416469573975,0.37519365549087524,-0.003112740581855178,0.44174623489379883,0.3367009460926056,-0.01205404568463564,0.44143617153167725,0.36993202567100525,-0.0133582204580307,0.4416033923625946,0.38872167468070984,-0.011204687878489494,0.4227690100669861,0.3767842948436737,-0.005166882649064064,0.42465299367904663,0.3455902338027954,-0.01584373600780964,0.42588746547698975,0.380115270614624,-0.01235415693372488,0.425258606672287,0.3965890109539032,-0.006453640293329954,0.4060134291648865,0.38384395837783813,-0.008151610381901264,0.4065309762954712,0.3505133092403412,-0.014731171540915966,0.410453200340271,0.37335386872291565,-0.010352926328778267,0.4121007025241852,0.38942769169807434,-0.005033779423683882
0.5019781589508057,0.3823700249195099,-0.4292122721672058,0.9998796582221985,0.5154969096183777,0.3441206216812134,-0.39645397663116455,0.999713122844696,0.5226510763168335,0.3440728187561035,-0.39645031094551086,0.9997164011001587,0.5286288857460022,0.34435197710990906,-0.3964952230453491,0.9997103214263916,0.4896565079689026,0.34592655301094055,-0.3880191147327423,0.9997296929359436,0.48099061846733093,0.3458559513092041,-0.387975811958313,0.999752402305603,0.47336292266845703,0.3451872766017914,-0.3883410692214966,0.9997678399085999,0.5402694344520569,0.3631863296031952,-0.21097248792648315,0.9996230006217957,0.46572691202163696,0.36409902572631836,-0.16741149127483368,0.9997616410255432,0.518699586391449,0.4225160479545593,-0.3644336760044098,0.9998698234558105,0.48471206426620483,0.4223540425300598,-0.35324206948280334,0.9998793601989746,0.604418158531189,0.5882455110549927,-0.12548449635505676,0.9994373917579651,0.40627560019493103,0.5689533948898315,-0.09853454679250717,0.9996996521949768,0.6540289521217346,0.8633090257644653,-0.14233912527561188,0.9640114903450012,0.33378487825393677,0.7558652758598328,-0.37102794647216797,0.9934737682342529,0.6295434832572937,1.1316872835159302,-0.23085741698741913,0.79378342628479,0.38716599345207214,0.5241921544075012,-0.7238380312919617,0.966519296169281,0.6278494000434875,1.2217093706130981,-0.26340585947036743,0.6835381984710693,0.3983665406703949,0.45183101296424866,-0.8094901442527771,0.8991155028343201,0.6065765023231506,1.2188400030136108,-0.2862588167190552,0.7100032567977905,0.40862521529197693,0.4421127736568451,-0.7601498961448669,0.9006410241127014,0.5964720249176025,1.1867784261703491,-0.24500805139541626,0.720983624458313,0.41165003180503845,0.4641135036945343,-0.7188012599945068,0.9102118015289307,0.561272382736206,1.0220953226089478,-0.017153602093458176,0.4818699359893799,0.4345419704914093,1.022825002670288,0.018537048250436783,0.48019281029701233,0.5508020520210266,1.440023422241211,-0.08527620881795883,0.007825680077075958,0.4248967170715332,1.4187302589416504,0.05374092981219292,0.00622308487072587,0.5409876704216003,1.7740859985351562,0.13481934368610382,0.0011004533153027296,0.4137471914291382,1.7642441987991333,0.2246997356414795,0.001072555547580123,0.5438855886459351,1.8208786249160767,0.14112578332424164,0.0012388050090521574,0.4086119830608368,1.8123459815979004,0.23339910805225372,0.003070118371397257,0.518430233001709,1.8926056623458862,-0.14310255646705627,0.001467198017053306,0.427285760641098,1.8795310258865356,-0.05435681343078613,0.002449685474857688,0.0,0.0,0.0,0.0,0.0,0.0,0.0,0.0,0.0,0.0,0.0,0.0,0.0,0.0,0.0,0.0,0.0,0.0,0.0,0.0,0.0,0.0,0.0,0.0,0.0,0.0,0.0,0.0,0.0,0.0,0.0,0.0,0.0,0.0,0.0,0.0,0.0,0.0,0.0,0.0,0.0,0.0,0.0,0.0,0.0,0.0,0.0,0.0,0.0,0.0,0.0,0.0,0.0,0.0,0.0,0.0,0.0,0.0,0.0,0.0,0.0,0.0,0.0,0.4180225431919098,0.4856550097465515,5.3922782683457626e-08,0.4431748390197754,0.4771192669868469,-0.008929170668125153,0.4657660126686096,0.45146647095680237,-0.013746421784162521,0.4845133125782013,0.43751388788223267,-0.019054049625992775,0.5008231401443481,0.4376522898674011,-0.024528630077838898,0.4550361633300781,0.3813893795013428,-0.002697011223062873,0.4602207839488983,0.3426172435283661,-0.008303327485918999,0.4630970358848572,0.3168497681617737,-0.01193264126777649,0.46475309133529663,0.29534512758255005,-0.014860169030725956,0.4388943314552307,0.3758758008480072,-0.0036823225673288107,0.44121357798576355,0.3363131284713745,-0.013316156342625618,0.44071900844573975,0.3694167733192444,-0.015065228566527367,0.44068920612335205,0.3884067237377167,-0.013158474117517471,0.42258334159851074,0.3776547312736511,-0.005995235871523619,0.4242997467517853,0.345488041639328,-0.016865938901901245,0.4252779483795166,0.3797379732131958,-0.013317329809069633,0.4247814118862152,0.39599665999412537,-0.0074078235775232315,0.40603864192962646,0.3846890926361084,-0.009253942407667637,0.4065510630607605,0.35180553793907166,-0.015709081664681435,0.41008445620536804,0.37460845708847046,-0.011220645159482956,0.41158080101013184,0.3901195824146271,-0.00590891670435667
0.5025658011436462,0.3823152184486389,-0.4677099585533142,0.9998853206634521,0.5158622860908508,0.3438850939273834,-0.4360208213329315,0.9997203350067139,0.5230594873428345,0.3438411355018616,-0.43597739934921265,0.9997278451919556,0.5289416909217834,0.3441671133041382,-0.43602269887924194,0.9997162818908691,0.4900694489479065,0.34577488899230957,-0.42641347646713257,0.9997377991676331,0.4812798798084259,0.3456946909427643,-0.42636266350746155,0.9997619986534119,0.4735477566719055,0.3450259864330292,-0.4267061948776245,0.9997712969779968,0.5404549241065979,0.36337581276893616,-0.24837103486061096,0.9996320009231567,0.4656447768211365,0.36422473192214966,-0.19840703904628754,0.9997724294662476,0.5190054774284363,0.42240968346595764,-0.4016234278678894,0.999876081943512,0.48485425114631653,0.4223322570323944,-0.388705849647522,0.9998862743377686,0.6043345928192139,0.5893451571464539,-0.16179367899894714,0.9994598627090454,0.406222403049469,0.567782461643219,-0.12175866961479187,0.9997042417526245,0.6543821692466736,0.865637481212616,-0.1641107201576233,0.9657534956932068,0.3341916501522064,0.7551266551017761,-0.3906601369380951,0.9931924939155579,0.6301208138465881,1.1357403993606567,-0.25425657629966736,0.8026249408721924,0.3867276906967163,0.5260503888130188,-0.7548784613609314,0.9663823843002319,0.6293982863426208,1.228354573249817,-0.2895312011241913,0.6946153044700623,0.3984629213809967,0.4522998332977295,-0.8425188064575195,0.8992534279823303,0.6074416637420654,1.225159764289856,-0.3120690584182739,0.7209228873252869,0.40890365839004517,0.44165903329849243,-0.7947809100151062,0.9011040329933167,0.5971059799194336,1.1925938129425049,-0.2685908377170563,0.731940746307373,0.4116112291812897,0.4642002284526825,-0.7507904171943665,0.9112162590026855,0.5602801442146301,1.0225012302398682,-0.02085900865495205,0.4703696072101593,0.4343005418777466,1.0203876495361328,0.022323478013277054,0.4671455919742584,0.5516054630279541,1.4434540271759033,-0.08003226667642593,0.007427750155329704,0.42327314615249634,1.4214837551116943,0.07841889560222626,0.005781481042504311,0.5409399271011353,1.7759889364242554,0.15498806536197662,0.0011122752912342548,0.4120625853538513,1.766314148902893,0.2676149010658264,0.001025957171805203,0.5434650182723999,1.8228319883346558,0.16214098036289215,0.0012834725202992558,0.4069252014160156,1.8151005506515503,0.27830612659454346,0.002958522643893957,0.5186115503311157,1.8963557481765747,-0.12898625433444977,0.0014575551031157374,0.4245166778564453,1.8811942338943481,-0.015871087089180946,0.002376731252297759,0.0,0.0,0.0,0.0,0.0,0.0,0.0,0.0,0.0,0.0,0.0,0.0,0.0,0.0,0.0,0.0,0.0,0.0,0.0,0.0,0.0,0.0,0.0,0.0,0.0,0.0,0.0,0.0,0.0,0.0,0.0,0.0,0.0,0.0,0.0,0.0,0.0,0.0,0.0,0.0,0.0,0.0,0.0,0.0,0.0,0.0,0.0,0.0,0.0,0.0,0.0,0.0,0.0,0.0,0.0,0.0,0.0,0.0,0.0,0.0,0.0,0.0,0.0,0.4177570044994354,0.4853944182395935,5.403236258416655e-08,0.4434530436992645,0.47601398825645447,-0.00865034107118845,0.4662494361400604,0.450967013835907,-0.01345937978476286,0.4853439927101135,0.43820133805274963,-0.01887446828186512,0.5022534132003784,0.43772199749946594,-0.024426333606243134,0.45458105206489563,0.38016024231910706,-0.0022159789223223925,0.45975440740585327,0.3406057059764862,-0.007889363914728165,0.4627378284931183,0.3155550956726074,-0.011689887382090092,0.46451032161712646,0.2949562966823578,-0.014675506390631199,0.43871793150901794,0.37487152218818665,-0.003396427957341075,0.44143053889274597,0.3362254500389099,-0.013168365694582462,0.4414682984352112,0.3698427975177765,-0.01525659766048193,0.44144943356513977,0.3898436725139618,-0.013586101122200489,0.42254123091697693,0.3768255412578583,-0.005903737619519234,0.42477110028266907,0.34518444538116455,-0.016810407862067223,0.4261033236980438,0.3803524076938629,-0.013352991081774235,0.42537063360214233,0.39751800894737244,-0.007469399366527796,0.40606561303138733,0.38422295451164246,-0.009344794787466526,0.4067864418029785,0.35106876492500305,-0.015821006149053574,0.41083553433418274,0.3739137351512909,-0.011359636671841145,0.4124442934989929,0.38992148637771606,-0.006022941786795855
0.5030664801597595,0.38208308815956116,-0.4523259103298187,0.9998864531517029,0.5160233974456787,0.3435165286064148,-0.42127808928489685,0.9997181296348572,0.523267924785614,0.3433936834335327,-0.4212498664855957,0.9997283816337585,0.5291455984115601,0.3437098562717438,-0.4212881028652191,0.9997138977050781,0.4902193248271942,0.34550100564956665,-0.4117680788040161,0.9997361302375793,0.4813419580459595,0.3454169034957886,-0.41172149777412415,0.9997620582580566,0.4736759066581726,0.34473103284835815,-0.41207101941108704,0.9997695088386536,0.5403021574020386,0.36292386054992676,-0.23823563754558563,0.9996312260627747,0.4654841721057892,0.3641730844974518,-0.18952493369579315,0.9997720718383789,0.5192171335220337,0.421917200088501,-0.3878174126148224,0.9998766779899597,0.4851689338684082,0.4220830202102661,-0.37529489398002625,0.999887228012085,0.6038943529129028,0.5899169445037842,-0.14854587614536285,0.9994659423828125,0.4066372811794281,0.5668637752532959,-0.11265767365694046,0.9997033476829529,0.6540811657905579,0.8675771355628967,-0.15189839899539948,0.9668696522712708,0.3341154456138611,0.7548547983169556,-0.3761166036128998,0.9927783608436584,0.6295804977416992,1.1364225149154663,-0.2374802678823471,0.808976411819458,0.3859155476093292,0.5261926651000977,-0.7306782007217407,0.9648374319076538,0.6274626851081848,1.2276157140731812,-0.2694486081600189,0.7022708058357239,0.3977052867412567,0.4528144299983978,-0.8168724775314331,0.8963887095451355,0.6058326959609985,1.2242013216018677,-0.2930079996585846,0.7281495928764343,0.4081611633300781,0.4416225552558899,-0.7669435143470764,0.8987036347389221,0.5958312153816223,1.1912330389022827,-0.2517074942588806,0.7392122149467468,0.41087454557418823,0.4640122056007385,-0.7255803346633911,0.9095679521560669,0.559870719909668,1.0224751234054565,-0.01756383292376995,0.46628183126449585,0.43355920910835266,1.0200356245040894,0.018915487453341484,0.46224233508110046,0.5499987006187439,1.4419673681259155,-0.07991155982017517,0.007219226099550724,0.42361676692962646,1.4211076498031616,0.05336444079875946,0.005559716373682022,0.5407282114028931,1.7762411832809448,0.14854446053504944,0.0011138899717479944,0.41302141547203064,1.7651594877243042,0.22055430710315704,0.0009833878139033914,0.5437161326408386,1.8235819339752197,0.15550826489925385,0.001312850508838892,0.40807679295539856,1.8135560750961304,0.22900988161563873,0.0028782212175428867,0.5179385542869568,1.8943634033203125,-0.13165141642093658,0.0014512697234749794,0.4263153076171875,1.879845380783081,-0.0617036297917366,0.0022949420381337404,0.0,0.0,0.0,0.0,0.0,0.0,0.0,0.0,0.0,0.0,0.0,0.0,0.0,0.0,0.0,0.0,0.0,0.0,0.0,0.0,0.0,0.0,0.0,0.0,0.0,0.0,0.0,0.0,0.0,0.0,0.0,0.0,0.0,0.0,0.0,0.0,0.0,0.0,0.0,0.0,0.0,0.0,0.0,0.0,0.0,0.0,0.0,0.0,0.0,0.0,0.0,0.0,0.0,0.0,0.0,0.0,0.0,0.0,0.0,0.0,0.0,0.0,0.0,0.41808563470840454,0.48645150661468506,5.100335442875803e-08,0.44340017437934875,0.47739356756210327,-0.008720701560378075,0.46601003408432007,0.45123398303985596,-0.013706395402550697,0.4849584102630615,0.4369572699069977,-0.01930815353989601,0.5017756819725037,0.4369495213031769,-0.025100136175751686,0.45514318346977234,0.3820521831512451,-0.002638939069584012,0.46027570962905884,0.3432041108608246,-0.008217406459152699,0.4630182385444641,0.3176287114620209,-0.01174834556877613,0.4645984470844269,0.2963162064552307,-0.014633010141551495,0.4389082193374634,0.37641778588294983,-0.003818528028205037,0.4411988854408264,0.3363623023033142,-0.013414766639471054,0.4406627118587494,0.3698626160621643,-0.015038777142763138,0.4407092332839966,0.3889026343822479,-0.013095124624669552,0.4226945638656616,0.378174364566803,-0.006300388369709253,0.42422956228256226,0.34495893120765686,-0.017160549759864807,0.4254850745201111,0.37933120131492615,-0.013471191748976707,0.42521703243255615,0.3959991931915283,-0.00752297043800354,0.4062756299972534,0.38522595167160034,-0.00971492100507021,0.4065167009830475,0.3510262370109558,-0.016281597316265106,0.4102797210216522,0.37402257323265076,-0.011743240058422089,0.41201597452163696,0.39049598574638367,-0.00640270859003067
0.5027953386306763,0.38189697265625,-0.4554367661476135,0.9998888969421387,0.5157647728919983,0.3434651792049408,-0.4259679913520813,0.9997198581695557,0.5232288837432861,0.3433283865451813,-0.4259111285209656,0.9997323155403137,0.5290930867195129,0.3436838388442993,-0.42593473196029663,0.9997155666351318,0.48971128463745117,0.3452032506465912,-0.416815847158432,0.9997389912605286,0.48082685470581055,0.3450542986392975,-0.41675037145614624,0.9997653365135193,0.4732505679130554,0.3444000780582428,-0.4170798659324646,0.999770998954773,0.5402494072914124,0.36297035217285156,-0.24477864801883698,0.9996358156204224,0.46523672342300415,0.36391541361808777,-0.19755925238132477,0.9997759461402893,0.5188290476799011,0.42187604308128357,-0.39141330122947693,0.9998796582221985,0.4846067726612091,0.4220244288444519,-0.3791869878768921,0.9998907446861267,0.6037531495094299,0.5906714200973511,-0.1585063934326172,0.9994840025901794,0.4060487151145935,0.5670627951622009,-0.12037479877471924,0.9997063279151917,0.6539411544799805,0.8693096041679382,-0.16502854228019714,0.9683140516281128,0.3341236710548401,0.7550421357154846,-0.37912923097610474,0.9923773407936096,0.6299355626106262,1.1394693851470947,-0.24202686548233032,0.8147924542427063,0.3859114646911621,0.5279898047447205,-0.7216948866844177,0.9646635055541992,0.6272484064102173,1.2309784889221191,-0.27394020557403564,0.7090858817100525,0.3982052505016327,0.4533443748950958,-0.8054929375648499,0.8965953588485718,0.6054906249046326,1.2274774312973022,-0.2958785593509674,0.734662652015686,0.40838584303855896,0.4409971833229065,-0.7548476457595825,0.899162232875824,0.5954200625419617,1.1942795515060425,-0.25554874539375305,0.7463974356651306,0.41113752126693726,0.4636279344558716,-0.7160534262657166,0.9103691577911377,0.5606662631034851,1.0214622020721436,-0.017608685418963432,0.45589548349380493,0.4315479099750519,1.0345717668533325,0.01900973916053772,0.4506117105484009,0.551131010055542,1.4446489810943604,-0.0741785392165184,0.006775259040296078,0.4219561815261841,1.423790454864502,0.06450609117746353,0.005148022901266813,0.5401017665863037,1.7782429456710815,0.1583760380744934,0.0010790742235258222,0.4112510681152344,1.7684109210968018,0.2465435117483139,0.0009102796320803463,0.5430290699005127,1.8253345489501953,0.1659279316663742,0.0013037770986557007,0.4061221778392792,1.816927194595337,0.25694015622138977,0.002662125276401639,0.5173866152763367,1.898966908454895,-0.11892124265432358,0.0014065130380913615,0.4248194694519043,1.8844419717788696,-0.032283965498209,0.002156872535124421,0.0,0.0,0.0,0.0,0.0,0.0,0.0,0.0,0.0,0.0,0.0,0.0,0.0,0.0,0.0,0.0,0.0,0.0,0.0,0.0,0.0,0.0,0.0,0.0,0.0,0.0,0.0,0.0,0.0,0.0,0.0,0.0,0.0,0.0,0.0,0.0,0.0,0.0,0.0,0.0,0.0,0.0,0.0,0.0,0.0,0.0,0.0,0.0,0.0,0.0,0.0,0.0,0.0,0.0,0.0,0.0,0.0,0.0,0.0,0.0,0.0,0.0,0.0,0.41767042875289917,0.4875492453575134,5.0104635107572904e-08,0.44305869936943054,0.47789543867111206,-0.008263767696917057,0.46590471267700195,0.45156461000442505,-0.01314921211451292,0.4850217401981354,0.43781542778015137,-0.018794093281030655,0.5017958879470825,0.4383499026298523,-0.02465004473924637,0.4550791084766388,0.3826757073402405,-0.0024864347651600838,0.46045318245887756,0.3428502678871155,-0.00811354536563158,0.4630894362926483,0.31714150309562683,-0.011806951835751534,0.46458864212036133,0.29547950625419617,-0.014839832670986652,0.4389636218547821,0.3770753741264343,-0.004000285640358925,0.4412572383880615,0.3365638852119446,-0.013743189163506031,0.44100436568260193,0.36955025792121887,-0.01571604050695896,0.4411228895187378,0.3894253969192505,-0.014089484699070454,0.4228411912918091,0.37879350781440735,-0.006751923356205225,0.42422208189964294,0.3448764681816101,-0.017564712092280388,0.4258175790309906,0.3787992596626282,-0.014185444451868534,0.42556995153427124,0.39641523361206055,-0.008521616458892822,0.40647730231285095,0.38590770959854126,-0.010404491797089577,0.40637943148612976,0.3508164584636688,-0.016928501427173615,0.41055741906166077,0.37351933121681213,-0.012566255405545235,0.412567138671875,0.3909376561641693,-0.0074048126116395
0.5025755763053894,0.38162761926651,-0.45235782861709595,0.9998926520347595,0.5154480934143066,0.3434426486492157,-0.42401546239852905,0.9997282028198242,0.5230592489242554,0.34326133131980896,-0.423959344625473,0.999739408493042,0.5289486050605774,0.3435957431793213,-0.423987478017807,0.9997242093086243,0.48916739225387573,0.34484025835990906,-0.41455283761024475,0.9997472167015076,0.4802717864513397,0.3446507453918457,-0.41447803378105164,0.9997718334197998,0.47282087802886963,0.3440650403499603,-0.4147939682006836,0.9997788667678833,0.5400086045265198,0.36279550194740295,-0.2456984668970108,0.999649167060852,0.4649360775947571,0.3635634183883667,-0.1968192309141159,0.9997830986976624,0.5184776782989502,0.42178016901016235,-0.3891719877719879,0.9998844265937805,0.4842343032360077,0.42178207635879517,-0.3764985501766205,0.9998955726623535,0.6035585403442383,0.5899001359939575,-0.16148684918880463,0.9994983077049255,0.405221551656723,0.5677744746208191,-0.11974119395017624,0.9997135400772095,0.6543276309967041,0.8666569590568542,-0.17025355994701385,0.9691093564033508,0.33362022042274475,0.7547245025634766,-0.37484556436538696,0.9920523166656494,0.6303108334541321,1.1347770690917969,-0.2446657121181488,0.8164536952972412,0.3861624300479889,0.5277312397956848,-0.7112140655517578,0.9642623066902161,0.6284943222999573,1.2284294366836548,-0.27704355120658875,0.7115738391876221,0.3990413248538971,0.4528900980949402,-0.7941270470619202,0.8963497877120972,0.6072421669960022,1.2248766422271729,-0.29807916283607483,0.7370097637176514,0.40938037633895874,0.4404996633529663,-0.7431116104125977,0.8990939855575562,0.5969682335853577,1.1922003030776978,-0.25805240869522095,0.7498700022697449,0.4119836390018463,0.4632295072078705,-0.7055216431617737,0.9106412529945374,0.5611146688461304,1.0206869840621948,-0.019547972828149796,0.445057213306427,0.43122726678848267,1.033282995223999,0.020961819216609,0.4388745129108429,0.5526456832885742,1.445739984512329,-0.06934858858585358,0.0062978751957416534,0.4221861958503723,1.4254207611083984,0.0653887540102005,0.0047631231136620045,0.5434390306472778,1.7798291444778442,0.16762079298496246,0.0010436971206218004,0.4144388735294342,1.770263433456421,0.241999551653862,0.0008431785390712321,0.5465762615203857,1.827235221862793,0.17570413649082184,0.0012711291201412678,0.4099580645561218,1.8183519840240479,0.2521088719367981,0.002442870754748583,0.521335780620575,1.8994163274765015,-0.10721217095851898,0.0013647509040310979,0.4279312491416931,1.8870190382003784,-0.03638748452067375,0.0020334767177700996,0.0,0.0,0.0,0.0,0.0,0.0,0.0,0.0,0.0,0.0,0.0,0.0,0.0,0.0,0.0,0.0,0.0,0.0,0.0,0.0,0.0,0.0,0.0,0.0,0.0,0.0,0.0,0.0,0.0,0.0,0.0,0.0,0.0,0.0,0.0,0.0,0.0,0.0,0.0,0.0,0.0,0.0,0.0,0.0,0.0,0.0,0.0,0.0,0.0,0.0,0.0,0.0,0.0,0.0,0.0,0.0,0.0,0.0,0.0,0.0,0.0,0.0,0.0,0.4179171621799469,0.48581838607788086,4.4502947105229396e-08,0.44401612877845764,0.4755030572414398,-0.008093433454632759,0.46617642045021057,0.45006296038627625,-0.0127722742035985,0.485295832157135,0.43658581376075745,-0.018087279051542282,0.5026693940162659,0.4358474314212799,-0.023544011637568474,0.4549681544303894,0.3800686001777649,-0.0021333738695830107,0.4600342810153961,0.33973628282546997,-0.007795573677867651,0.46270251274108887,0.3145918548107147,-0.011449100449681282,0.4637546241283417,0.2939912974834442,-0.01438120473176241,0.4392358660697937,0.37462684512138367,-0.0035264373291283846,0.44161292910575867,0.3364570736885071,-0.012934187427163124,0.44149211049079895,0.37167832255363464,-0.014398136176168919,0.44176653027534485,0.39100804924964905,-0.012467754073441029,0.42309457063674927,0.37668532133102417,-0.00623063649982214,0.4245753586292267,0.34500443935394287,-0.017125889658927917,0.4259992837905884,0.38113167881965637,-0.013055833987891674,0.42566654086112976,0.3974716067314148,-0.00688393646851182,0.4064750671386719,0.38449665904045105,-0.009799071587622166,0.4065116345882416,0.35132965445518494,-0.01654086820781231,0.41111209988594055,0.3754239082336426,-0.011753030121326447,0.41322359442710876,0.39166224002838135,-0.00619259849190712
0.5025539398193359,0.3813289403915405,-0.456147164106369,0.9998928904533386,0.5156437158584595,0.3434208035469055,-0.42690160870552063,0.9997294545173645,0.5231209993362427,0.3432336449623108,-0.4268721044063568,0.9997382760047913,0.528978705406189,0.3435545563697815,-0.42690393328666687,0.9997252821922302,0.48924610018730164,0.3444732427597046,-0.4180050194263458,0.9997479915618896,0.48026928305625916,0.3442085087299347,-0.4179641902446747,0.9997715950012207,0.472727507352829,0.3436454236507416,-0.4183026850223541,0.9997819662094116,0.5400415062904358,0.36264970898628235,-0.24570444226264954,0.9996532797813416,0.46467941999435425,0.36311835050582886,-0.20000392198562622,0.9997827410697937,0.5183082818984985,0.4216981530189514,-0.3918398320674896,0.9998849034309387,0.4841509759426117,0.42139318585395813,-0.3800698518753052,0.9998962879180908,0.6036885380744934,0.5889382362365723,-0.15705110132694244,0.9994903206825256,0.4048413634300232,0.5684998631477356,-0.12024728208780289,0.9997131824493408,0.6548951864242554,0.8651047945022583,-0.16333264112472534,0.9687522649765015,0.3330293893814087,0.75660240650177,-0.37507402896881104,0.9917483329772949,0.6294475793838501,1.1326026916503906,-0.23891153931617737,0.8149779438972473,0.38593095541000366,0.5279993414878845,-0.7133132815361023,0.9639816284179688,0.6281116008758545,1.22762930393219,-0.2697125971317291,0.710831880569458,0.39829424023628235,0.4540445804595947,-0.7961560487747192,0.8958961963653564,0.6070226430892944,1.2240363359451294,-0.29190871119499207,0.7361157536506653,0.4086884558200836,0.4417525827884674,-0.745345413684845,0.8987699747085571,0.5966131091117859,1.1917732954025269,-0.2525492012500763,0.7495027184486389,0.41141194105148315,0.4645087420940399,-0.7075430154800415,0.9103264808654785,0.5619584918022156,1.019910454750061,-0.019252700731158257,0.43411386013031006,0.43177124857902527,1.0279901027679443,0.02061273530125618,0.4272891879081726,0.5516422986984253,1.446639895439148,-0.08109617978334427,0.00599713483825326,0.4220197796821594,1.427502989768982,0.04419069364666939,0.004520743153989315,0.5425527095794678,1.7820627689361572,0.1483265608549118,0.001015957328490913,0.4134221076965332,1.7725623846054077,0.19847911596298218,0.0007848850800655782,0.5457336902618408,1.8302708864212036,0.15559864044189453,0.0012502071913331747,0.4090142846107483,1.8206448554992676,0.20592951774597168,0.002245938405394554,0.5207104682922363,1.901144027709961,-0.12718740105628967,0.0013219144893810153,0.4264526963233948,1.8894528150558472,-0.08258221298456192,0.0019268774194642901,0.0,0.0,0.0,0.0,0.0,0.0,0.0,0.0,0.0,0.0,0.0,0.0,0.0,0.0,0.0,0.0,0.0,0.0,0.0,0.0,0.0,0.0,0.0,0.0,0.0,0.0,0.0,0.0,0.0,0.0,0.0,0.0,0.0,0.0,0.0,0.0,0.0,0.0,0.0,0.0,0.0,0.0,0.0,0.0,0.0,0.0,0.0,0.0,0.0,0.0,0.0,0.0,0.0,0.0,0.0,0.0,0.0,0.0,0.0,0.0,0.0,0.0,0.0,0.41731369495391846,0.4864247441291809,5.415873971514884e-08,0.4435192942619324,0.47614631056785583,-0.008298266679048538,0.46582868695259094,0.450900137424469,-0.01298089511692524,0.48510971665382385,0.43791455030441284,-0.018389010801911354,0.5020978450775146,0.43883395195007324,-0.02401437796652317,0.45481276512145996,0.3812808096408844,-0.0016603501280769706,0.459721177816391,0.34181082248687744,-0.007228615693747997,0.46253058314323425,0.3165851831436157,-0.011022906750440598,0.46406790614128113,0.29594433307647705,-0.013983686454594135,0.43878820538520813,0.37560129165649414,-0.0029011389706283808,0.4415041208267212,0.33655914664268494,-0.012173647992312908,0.44148707389831543,0.37060171365737915,-0.013839351013302803,0.44170013070106506,0.39075571298599243,-0.011900441721081734,0.42250165343284607,0.377356618642807,-0.00549865048378706,0.4242006540298462,0.3449271619319916,-0.016315024346113205,0.4258306324481964,0.380027711391449,-0.012871729210019112,0.4253886640071869,0.39723700284957886,-0.006970467511564493,0.40595459938049316,0.3848010003566742,-0.008958744816482067,0.4066150188446045,0.34987130761146545,-0.015437738969922066,0.4107568860054016,0.3734654486179352,-0.01075116079300642,0.41235384345054626,0.39082837104797363,-0.005233509931713343
0.5023535490036011,0.381124347448349,-0.435411661863327,0.9998838305473328,0.5156846642494202,0.34338632225990295,-0.40711238980293274,0.9997124075889587,0.5231152176856995,0.3431679606437683,-0.40710118412971497,0.9997150301933289,0.5289758443832397,0.3434775769710541,-0.40716317296028137,0.9997098445892334,0.48927822709083557,0.3442651331424713,-0.39855948090553284,0.9997300505638123,0.4802412688732147,0.3439321219921112,-0.3985307514667511,0.9997519850730896,0.47265625,0.34341731667518616,-0.3988775610923767,0.9997725486755371,0.5402199029922485,0.3624327778816223,-0.23073710501194,0.9996333718299866,0.4644487798213959,0.36294877529144287,-0.18707914650440216,0.9997619390487671,0.5180999636650085,0.4216318726539612,-0.37232038378715515,0.999875009059906,0.48399773240089417,0.42117539048194885,-0.36102500557899475,0.9998876452445984,0.6038828492164612,0.5880157947540283,-0.1433211714029312,0.9994489550590515,0.4048519432544708,0.5697397589683533,-0.1127091720700264,0.9996958374977112,0.6546810865402222,0.8653676509857178,-0.1576690971851349,0.966595470905304,0.33273831009864807,0.7587392330169678,-0.3666049838066101,0.9910008311271667,0.6292745471000671,1.1317883729934692,-0.23633068799972534,0.8086045384407043,0.38611677289009094,0.5305959582328796,-0.696421205997467,0.9628349542617798,0.6309236884117126,1.22171151638031,-0.2665528953075409,0.7055187225341797,0.3980054259300232,0.4570389688014984,-0.7775835394859314,0.8932076096534729,0.6100978255271912,1.2183364629745483,-0.2883596420288086,0.730550229549408,0.4083576500415802,0.44417160749435425,-0.7256377935409546,0.8962700963020325,0.5990064740180969,1.1871150732040405,-0.24981100857257843,0.7442139983177185,0.4112730026245117,0.46668338775634766,-0.6896458268165588,0.9078065752983093,0.5631707310676575,1.0455416440963745,-0.015983356162905693,0.42323747277259827,0.432165265083313,1.029198408126831,0.017243126407265663,0.41523101925849915,0.5489858984947205,1.445359230041504,-0.07039491832256317,0.005875324830412865,0.42045488953590393,1.424916386604309,0.030447224155068398,0.004467894323170185,0.54013592004776,1.782206654548645,0.1552903801202774,0.000996837974525988,0.4112674593925476,1.769929051399231,0.174921914935112,0.0007368396618403494,0.5433362722396851,1.8304860591888428,0.16301169991493225,0.0012303603580221534,0.40697163343429565,1.817983865737915,0.18157772719860077,0.002050422364845872,0.5173010230064392,1.8999520540237427,-0.11028613895177841,0.0012910210061818361,0.4239417016506195,1.8859045505523682,-0.09940926730632782,0.001845860737375915,0.0,0.0,0.0,0.0,0.0,0.0,0.0,0.0,0.0,0.0,0.0,0.0,0.0,0.0,0.0,0.0,0.0,0.0,0.0,0.0,0.0,0.0,0.0,0.0,0.0,0.0,0.0,0.0,0.0,0.0,0.0,0.0,0.0,0.0,0.0,0.0,0.0,0.0,0.0,0.0,0.0,0.0,0.0,0.0,0.0,0.0,0.0,0.0,0.0,0.0,0.0,0.0,0.0,0.0,0.0,0.0,0.0,0.0,0.0,0.0,0.0,0.0,0.0,0.41741615533828735,0.48691385984420776,5.420814019885256e-08,0.4434819221496582,0.4767497181892395,-0.008277670480310917,0.4657047390937805,0.451126366853714,-0.012877386063337326,0.4850215017795563,0.4380703568458557,-0.018186764791607857,0.5020115375518799,0.4387199580669403,-0.02370208315551281,0.4547777473926544,0.38123247027397156,-0.0015785560244694352,0.4596310257911682,0.34163254499435425,-0.006949253845959902,0.4625398814678192,0.3164554834365845,-0.010598741471767426,0.4641934633255005,0.29584792256355286,-0.013505041599273682,0.4388469457626343,0.3756127655506134,-0.002769197802990675,0.4414229691028595,0.3366963267326355,-0.01184262614697218,0.44142216444015503,0.3706763684749603,-0.013450855389237404,0.44170233607292175,0.39044469594955444,-0.011540867388248444,0.4225849509239197,0.37738120555877686,-0.0053000240586698055,0.42446112632751465,0.34480273723602295,-0.015882154926657677,0.4260616898536682,0.38005349040031433,-0.012315304018557072,0.42568957805633545,0.3971165716648102,-0.006423252169042826,0.4060100018978119,0.384805828332901,-0.008716810494661331,0.40670546889305115,0.35015350580215454,-0.015139448456466198,0.41083288192749023,0.37357354164123535,-0.010513456538319588,0.41255465149879456,0.39053770899772644,-0.0050712693482637405
0.5022324323654175,0.3809035122394562,-0.41186851263046265,0.999872624874115,0.5155692100524902,0.3433658480644226,-0.38281282782554626,0.9996914863586426,0.5230104327201843,0.3431268036365509,-0.3828168213367462,0.999690592288971,0.5288618803024292,0.3434120714664459,-0.382898211479187,0.9996914863586426,0.4892413318157196,0.34406355023384094,-0.37409812211990356,0.999708890914917,0.4802473783493042,0.3436892330646515,-0.374054878950119,0.9997297525405884,0.4725915789604187,0.34324249625205994,-0.37440189719200134,0.9997574687004089,0.5402658581733704,0.36232131719589233,-0.20672917366027832,0.9996073842048645,0.46441954374313354,0.3628702461719513,-0.16238026320934296,0.9997390508651733,0.518072783946991,0.4216687083244324,-0.34907832741737366,0.9998630881309509,0.48399657011032104,0.42116886377334595,-0.3375910818576813,0.9998764395713806,0.6037208437919617,0.58603835105896,-0.12430334091186523,0.9994267821311951,0.4045303463935852,0.570603609085083,-0.09066279977560043,0.9996784329414368,0.6559799909591675,0.8633065819740295,-0.14896230399608612,0.9654757380485535,0.3323718011379242,0.7608655095100403,-0.3501628339290619,0.9905889630317688,0.6294111609458923,1.1331706047058105,-0.2313731610774994,0.807770311832428,0.3873301148414612,0.5305874943733215,-0.6830031871795654,0.9625498056411743,0.6278429627418518,1.2213853597640991,-0.2631617486476898,0.7050307989120483,0.39780816435813904,0.4562006890773773,-0.764670193195343,0.892609715461731,0.6067478656768799,1.2180676460266113,-0.283694863319397,0.7296137809753418,0.40831008553504944,0.44390374422073364,-0.711704671382904,0.8955095410346985,0.5962621569633484,1.1867104768753052,-0.24433119595050812,0.7432711124420166,0.4115983247756958,0.466590940952301,-0.6758961081504822,0.906941831111908,0.5629938244819641,1.0495892763137817,-0.016878245398402214,0.4280278980731964,0.4339117407798767,1.0189391374588013,0.01811126433312893,0.4189958870410919,0.5487728118896484,1.4435985088348389,-0.07377292960882187,0.005916048306971788,0.42115843296051025,1.4230815172195435,0.03692873194813728,0.004582429304718971,0.5399810075759888,1.7812420129776,0.14650556445121765,0.0009869617642834783,0.4123479723930359,1.768288016319275,0.1825283020734787,0.0007128457073122263,0.5431625247001648,1.8283910751342773,0.1540190428495407,0.0012039309367537498,0.4082813560962677,1.8161535263061523,0.18943461775779724,0.001937730936333537,0.517009437084198,1.8983882665634155,-0.11789039522409439,0.0012751121539622545,0.42470207810401917,1.8836345672607422,-0.08902636915445328,0.0017920860555022955,0.0,0.0,0.0,0.0,0.0,0.0,0.0,0.0,0.0,0.0,0.0,0.0,0.0,0.0,0.0,0.0,0.0,0.0,0.0,0.0,0.0,0.0,0.0,0.0,0.0,0.0,0.0,0.0,0.0,0.0,0.0,0.0,0.0,0.0,0.0,0.0,0.0,0.0,0.0,0.0,0.0,0.0,0.0,0.0,0.0,0.0,0.0,0.0,0.0,0.0,0.0,0.0,0.0,0.0,0.0,0.0,0.0,0.0,0.0,0.0,0.0,0.0,0.0,0.41728854179382324,0.48733270168304443,5.802830926882052e-08,0.44348374009132385,0.47570469975471497,-0.008477159775793552,0.4657025635242462,0.4508552849292755,-0.013095470145344734,0.48500993847846985,0.43706780672073364,-0.01833030954003334,0.5022584795951843,0.4365960359573364,-0.023726698011159897,0.455202579498291,0.3812754154205322,-0.001173076219856739,0.4605005979537964,0.34258008003234863,-0.006193343549966812,0.46303874254226685,0.31684592366218567,-0.009504481218755245,0.4643455743789673,0.2954714000225067,-0.01218465343117714,0.4389701187610626,0.3751369118690491,-0.002191887004300952,0.4412892162799835,0.3361508846282959,-0.010628565214574337,0.44107890129089355,0.3704680800437927,-0.01160359662026167,0.44158780574798584,0.3901411294937134,-0.009228650480508804,0.4225676357746124,0.3770108222961426,-0.0046391538344323635,0.4239517152309418,0.3450092077255249,-0.014838949777185917,0.4253382980823517,0.3801467716693878,-0.011101845651865005,0.42507946491241455,0.39644116163253784,-0.005099888425320387,0.4060407876968384,0.38518697023391724,-0.007977125234901905,0.4057183563709259,0.3507615923881531,-0.013915203511714935,0.4100145697593689,0.3741443157196045,-0.008966916240751743,0.4122414290904999,0.39078715443611145,-0.0033299762289971113
0.5025233030319214,0.3805791437625885,-0.38442856073379517,0.9998597502708435,0.5160510540008545,0.34327250719070435,-0.3543700575828552,0.9996671676635742,0.5233781337738037,0.3430335223674774,-0.35439449548721313,0.9996654391288757,0.5292659997940063,0.34323808550834656,-0.35448455810546875,0.9996693730354309,0.48978084325790405,0.3436749279499054,-0.3454779386520386,0.9996863603591919,0.4807252287864685,0.34321561455726624,-0.3454381823539734,0.9997085332870483,0.47295111417770386,0.3428007960319519,-0.345790296792984,0.9997400045394897,0.5407825112342834,0.3620232939720154,-0.17867136001586914,0.9995766282081604,0.464606910943985,0.36245426535606384,-0.13324309885501862,0.9997194409370422,0.5184189081192017,0.42166057229042053,-0.32207614183425903,0.9998486042022705,0.48440322279930115,0.4210546314716339,-0.31032228469848633,0.9998641610145569,0.6037036180496216,0.5841042995452881,-0.10063000023365021,0.9993996620178223,0.40468189120292664,0.5704923272132874,-0.06625843793153763,0.9996616244316101,0.6565322279930115,0.8596231937408447,-0.1306200474500656,0.9640094041824341,0.3318549394607544,0.7627238035202026,-0.3256954848766327,0.9901167750358582,0.6288548111915588,1.1246740818023682,-0.22081561386585236,0.8046562075614929,0.38599905371665955,0.529317319393158,-0.6625999212265015,0.9621254205703735,0.6265903115272522,1.2065211534500122,-0.2537153363227844,0.7025661468505859,0.39707329869270325,0.4566342532634735,-0.7445193529129028,0.8914756178855896,0.605950117111206,1.201533555984497,-0.27348706126213074,0.7266467809677124,0.4073164165019989,0.4447494149208069,-0.6917831897735596,0.8941786289215088,0.5958771109580994,1.1712032556533813,-0.23379172384738922,0.7401471138000488,0.41074690222740173,0.4667607843875885,-0.6555548906326294,0.9056681394577026,0.5626401901245117,1.0481871366500854,-0.01772199012339115,0.43762919306755066,0.43288227915763855,1.0248180627822876,0.018971575424075127,0.4281558394432068,0.5489953756332397,1.4428391456604004,-0.07723265141248703,0.006150444503873587,0.42181283235549927,1.4211941957473755,0.03839593008160591,0.004851172212511301,0.5398505330085754,1.7811352014541626,0.13486994802951813,0.0009876815602183342,0.41338396072387695,1.7677502632141113,0.1793353408575058,0.0006990104448050261,0.542807936668396,1.8280549049377441,0.14171695709228516,0.0012040454894304276,0.40924137830734253,1.8162497282028198,0.18592403829097748,0.0018537123687565327,0.516747236251831,1.8977235555648804,-0.12812303006649017,0.0012728746514767408,0.4254263937473297,1.8823374509811401,-0.09044312685728073,0.0017537896055728197,0.0,0.0,0.0,0.0,0.0,0.0,0.0,0.0,0.0,0.0,0.0,0.0,0.0,0.0,0.0,0.0,0.0,0.0,0.0,0.0,0.0,0.0,0.0,0.0,0.0,0.0,0.0,0.0,0.0,0.0,0.0,0.0,0.0,0.0,0.0,0.0,0.0,0.0,0.0,0.0,0.0,0.0,0.0,0.0,0.0,0.0,0.0,0.0,0.0,0.0,0.0,0.0,0.0,0.0,0.0,0.0,0.0,0.0,0.0,0.0,0.0,0.0,0.0,0.417635977268219,0.4862409830093384,6.133492291837683e-08,0.44328367710113525,0.4757609963417053,-0.008974873460829258,0.46527692675590515,0.4507623612880707,-0.013737984001636505,0.4842367470264435,0.4369676113128662,-0.0189371258020401,0.5011590123176575,0.43728548288345337,-0.02423812448978424,0.4551798105239868,0.3809511661529541,-0.0017920780228450894,0.4606037735939026,0.3427484631538391,-0.006784944795072079,0.4630606770515442,0.3169340193271637,-0.010032914578914642,0.4641697108745575,0.2953263819217682,-0.012730023823678493,0.4389295279979706,0.37471604347229004,-0.002527289092540741,0.44111549854278564,0.33616209030151367,-0.010746683925390244,0.44069066643714905,0.37058186531066895,-0.011505920439958572,0.4412338137626648,0.38905125856399536,-0.009114814922213554,0.42248329520225525,0.3762945830821991,-0.004728943575173616,0.4238407015800476,0.34508126974105835,-0.014985891059041023,0.42505213618278503,0.38034749031066895,-0.011238192208111286,0.4248548150062561,0.39571836590766907,-0.005294938571751118,0.40594378113746643,0.3839329481124878,-0.007853815332055092,0.4055383503437042,0.34999293088912964,-0.01402235496789217,0.40966907143592834,0.37352120876312256,-0.009236563928425312,0.4118545353412628,0.3898293673992157,-0.003744891844689846
0.5026499032974243,0.3800748586654663,-0.4172709882259369,0.9998447299003601,0.5161547660827637,0.3430421054363251,-0.3899465501308441,0.9996331334114075,0.5234518051147461,0.3428647220134735,-0.3899524509906769,0.9996297955513,0.5293149352073669,0.34304919838905334,-0.3900390565395355,0.9996373653411865,0.4899708330631256,0.34310755133628845,-0.38065192103385925,0.9996554851531982,0.48092836141586304,0.3426121175289154,-0.38063478469848633,0.9996797442436218,0.4731234312057495,0.34229761362075806,-0.38097524642944336,0.9997173547744751,0.5408133864402771,0.3617798984050751,-0.2186465859413147,0.9995344281196594,0.4647294282913208,0.36226266622543335,-0.1719888150691986,0.999690055847168,0.5185904502868652,0.4215956926345825,-0.35625800490379333,0.9998335838317871,0.484605610370636,0.4208047389984131,-0.3440437316894531,0.9998524188995361,0.6035614013671875,0.5833905935287476,-0.13555854558944702,0.9993674755096436,0.4047742187976837,0.5698413252830505,-0.09699894487857819,0.9996516108512878,0.6567888855934143,0.8606684803962708,-0.15569396317005157,0.9628726243972778,0.3316434323787689,0.7619462609291077,-0.34179776906967163,0.9899781346321106,0.6251245141029358,1.129292607307434,-0.23322847485542297,0.7975437045097351,0.38580814003944397,0.527508020401001,-0.6618220806121826,0.9612290263175964,0.6319335699081421,1.2101083993911743,-0.26446297764778137,0.6957130432128906,0.3971044719219208,0.4545087218284607,-0.7417743802070618,0.8885285258293152,0.6111339330673218,1.2070831060409546,-0.2859935760498047,0.7194028496742249,0.4073801338672638,0.44364404678344727,-0.688977837562561,0.8909364342689514,0.6004377603530884,1.1764068603515625,-0.2465900331735611,0.7331435084342957,0.41072899103164673,0.4656316936016083,-0.654538094997406,0.902370035648346,0.5636602640151978,1.0438653230667114,-0.017171749845147133,0.4359791576862335,0.43228375911712646,1.026261568069458,0.01829027198255062,0.4258643686771393,0.5510557889938354,1.4412282705307007,-0.07306086272001266,0.006598271429538727,0.42415961623191833,1.420856237411499,0.026031402871012688,0.005235869437456131,0.544721245765686,1.7812902927398682,0.14512798190116882,0.001081195310689509,0.41755059361457825,1.7688853740692139,0.15578576922416687,0.0007524634711444378,0.5482803583145142,1.828479528427124,0.15253376960754395,0.0013108919374644756,0.4132689833641052,1.8173725605010986,0.16108526289463043,0.002028009621426463,0.5227445363998413,1.8980848789215088,-0.1169763132929802,0.0013618582161143422,0.4315125346183777,1.8836318254470825,-0.11670614033937454,0.001842453028075397,0.0,0.0,0.0,0.0,0.0,0.0,0.0,0.0,0.0,0.0,0.0,0.0,0.0,0.0,0.0,0.0,0.0,0.0,0.0,0.0,0.0,0.0,0.0,0.0,0.0,0.0,0.0,0.0,0.0,0.0,0.0,0.0,0.0,0.0,0.0,0.0,0.0,0.0,0.0,0.0,0.0,0.0,0.0,0.0,0.0,0.0,0.0,0.0,0.0,0.0,0.0,0.0,0.0,0.0,0.0,0.0,0.0,0.0,0.0,0.0,0.0,0.0,0.0,0.41756826639175415,0.48631155490875244,4.8593385315598425e-08,0.44307947158813477,0.47654083371162415,-0.008541262708604336,0.4653967618942261,0.4506351947784424,-0.013227838091552258,0.48418092727661133,0.4360562860965729,-0.018504638224840164,0.5006846189498901,0.4359399080276489,-0.024036213755607605,0.45481622219085693,0.38184043765068054,-0.002595212310552597,0.4602154791355133,0.34281525015830994,-0.008174145594239235,0.4630081057548523,0.3169877231121063,-0.011901011690497398,0.46448105573654175,0.2949325442314148,-0.014931506477296352,0.4386301636695862,0.3758171498775482,-0.003771360730752349,0.44079840183258057,0.3358120322227478,-0.013239366933703423,0.44029706716537476,0.36929062008857727,-0.014940358698368073,0.44012439250946045,0.38934874534606934,-0.013050941750407219,0.42237168550491333,0.3775072991847992,-0.00623659323900938,0.4238014817237854,0.3445611000061035,-0.017066508531570435,0.42497411370277405,0.37902456521987915,-0.013703212141990662,0.42436543107032776,0.3965059816837311,-0.00791328027844429,0.40599480271339417,0.3851521909236908,-0.009582903236150742,0.40602290630340576,0.350341796875,-0.016208840534090996,0.4100445806980133,0.37344080209732056,-0.011824646033346653,0.41189834475517273,0.3908829987049103,-0.006540327798575163
0.5021522641181946,0.37965822219848633,-0.3949200212955475,0.9998378753662109,0.5156736373901367,0.3426890969276428,-0.3669665455818176,0.999619722366333,0.5230836272239685,0.3424919545650482,-0.36697477102279663,0.9996162056922913,0.5290214419364929,0.342586874961853,-0.36706650257110596,0.9996258020401001,0.4894135892391205,0.3424793779850006,-0.3566291928291321,0.9996421933174133,0.4804408848285675,0.3418838083744049,-0.3565808832645416,0.9996667504310608,0.4728013873100281,0.3416139781475067,-0.3569154739379883,0.9997069239616394,0.5406907200813293,0.3613341748714447,-0.19751659035682678,0.9995185136795044,0.46477392315864563,0.3618948459625244,-0.14570017158985138,0.999675989151001,0.5184623003005981,0.4212930500507355,-0.3348642587661743,0.9998257756233215,0.48428016901016235,0.4202973544597626,-0.321287602186203,0.9998454451560974,0.6039111614227295,0.5843129754066467,-0.1185356006026268,0.9993526339530945,0.4053512215614319,0.5688503980636597,-0.0766334980726242,0.9996435046195984,0.6568983197212219,0.8629580736160278,-0.1368313431739807,0.9623395800590515,0.33154192566871643,0.7608923316001892,-0.3261258900165558,0.9894970655441284,0.6250494718551636,1.1236332654953003,-0.21694989502429962,0.7955049872398376,0.3864544928073883,0.5238103866577148,-0.6550011038780212,0.9604567885398865,0.6317896246910095,1.202452540397644,-0.24789687991142273,0.6938586831092834,0.39790624380111694,0.4517431855201721,-0.7356682419776917,0.88675457239151,0.6115248203277588,1.197665810585022,-0.268856018781662,0.7171564698219299,0.407868891954422,0.4417458176612854,-0.6825726628303528,0.888995885848999,0.6010617017745972,1.1678729057312012,-0.23007424175739288,0.730827271938324,0.4111647605895996,0.4632450342178345,-0.6479729413986206,0.900505006313324,0.5635980367660522,1.044213056564331,-0.016232170164585114,0.4348985254764557,0.4319751560688019,1.0267996788024902,0.017413048073649406,0.4241916835308075,0.5489173531532288,1.4408122301101685,-0.07349329441785812,0.006632593460381031,0.42307955026626587,1.4191876649856567,0.010628731921315193,0.005372180137783289,0.541267991065979,1.7814773321151733,0.13857683539390564,0.001056352281011641,0.41423675417900085,1.7682032585144043,0.13136066496372223,0.0007271706708706915,0.5445841550827026,1.8288650512695312,0.14518293738365173,0.0012823673896491528,0.4096560478210449,1.8171473741531372,0.13569894433021545,0.0019372609676793218,0.5190700888633728,1.8976496458053589,-0.12389994412660599,0.0013385749189183116,0.42741021513938904,1.8820645809173584,-0.1429339498281479,0.0017962022684514523,0.0,0.0,0.0,0.0,0.0,0.0,0.0,0.0,0.0,0.0,0.0,0.0,0.0,0.0,0.0,0.0,0.0,0.0,0.0,0.0,0.0,0.0,0.0,0.0,0.0,0.0,0.0,0.0,0.0,0.0,0.0,0.0,0.0,0.0,0.0,0.0,0.0,0.0,0.0,0.0,0.0,0.0,0.0,0.0,0.0,0.0,0.0,0.0,0.0,0.0,0.0,0.0,0.0,0.0,0.0,0.0,0.0,0.0,0.0,0.0,0.0,0.0,0.0,0.4173184931278229,0.48579880595207214,4.405511333516188e-08,0.44274723529815674,0.4758346974849701,-0.008189894258975983,0.464985191822052,0.4497051537036896,-0.01274296548217535,0.4840452969074249,0.4359157085418701,-0.017947185784578323,0.5002827048301697,0.436255544424057,-0.02344459854066372,0.45426398515701294,0.3809620440006256,-0.0024429834447801113,0.459725022315979,0.34180647134780884,-0.008008606731891632,0.46282199025154114,0.3164242208003998,-0.011614768765866756,0.4645409882068634,0.29499179124832153,-0.014559085480868816,0.43839943408966064,0.375796914100647,-0.0038072753231972456,0.44036373496055603,0.33569830656051636,-0.013336689211428165,0.43989843130111694,0.36877596378326416,-0.015121673233807087,0.4398304522037506,0.38796138763427734,-0.01332401018589735,0.42237550020217896,0.37801510095596313,-0.00642514368519187,0.42382413148880005,0.34425967931747437,-0.016985854133963585,0.4247506856918335,0.3779323101043701,-0.013389892876148224,0.4241509437561035,0.3945436179637909,-0.007569304667413235,0.4060392677783966,0.38574546575546265,-0.009942988865077496,0.40624016523361206,0.35199856758117676,-0.016261441633105278,0.40992215275764465,0.37414270639419556,-0.011798450723290443,0.41157805919647217,0.3898804485797882,-0.006565837189555168
0.501868486404419,0.37900838255882263,-0.4185355603694916,0.9998366832733154,0.5153971910476685,0.34227266907691956,-0.3909074664115906,0.9996113777160645,0.5229076147079468,0.3421469032764435,-0.3908953070640564,0.9996123313903809,0.52882981300354,0.3422267735004425,-0.390961617231369,0.9996175765991211,0.4892157018184662,0.3416159451007843,-0.3806362748146057,0.9996358156204224,0.48036617040634155,0.34099143743515015,-0.38059473037719727,0.9996626973152161,0.4728280007839203,0.3407883644104004,-0.38093531131744385,0.9996994137763977,0.5403702259063721,0.3609349727630615,-0.21953505277633667,0.9995089769363403,0.46503132581710815,0.3613293468952179,-0.16880236566066742,0.9996704459190369,0.518304705619812,0.4210927188396454,-0.3580302894115448,0.9998243451118469,0.4840259253978729,0.419744074344635,-0.3446452021598816,0.9998447895050049,0.6040604114532471,0.5857416391372681,-0.13545891642570496,0.9993461966514587,0.4058254361152649,0.5684612989425659,-0.09524227678775787,0.9996442794799805,0.657500147819519,0.8638613224029541,-0.15677496790885925,0.9612095952033997,0.33202239871025085,0.7589393258094788,-0.34342461824417114,0.9894614219665527,0.6323633790016174,1.1264140605926514,-0.2377084195613861,0.7902292609214783,0.3870839476585388,0.5201430916786194,-0.671238899230957,0.9589855074882507,0.6341870427131653,1.2084777355194092,-0.2690470814704895,0.6891981959342957,0.3988952338695526,0.4491543173789978,-0.7525364756584167,0.8827975988388062,0.6138275861740112,1.2045962810516357,-0.29105237126350403,0.7126092910766602,0.4083676338195801,0.43925243616104126,-0.6996744275093079,0.8847469687461853,0.6032050251960754,1.1742738485336304,-0.25145623087882996,0.7262001037597656,0.4114062190055847,0.46045035123825073,-0.6645822525024414,0.8961926102638245,0.5638960599899292,1.0447880029678345,-0.017014121636748314,0.43387359380722046,0.43205389380455017,1.0238702297210693,0.01823781616985798,0.422659307718277,0.5513992309570312,1.440808892250061,-0.07634536176919937,0.006968075409531593,0.4244195222854614,1.4209671020507812,0.02492649480700493,0.005567487794905901,0.5469205379486084,1.7817752361297607,0.14182844758033752,0.001136869192123413,0.41925016045570374,1.7697882652282715,0.15549734234809875,0.0008003345574252307,0.5507115721702576,1.8294950723648071,0.14896532893180847,0.001384991337545216,0.4149095416069031,1.8185434341430664,0.16053557395935059,0.0022204117849469185,0.5254132151603699,1.8977340459823608,-0.12437989562749863,0.0014509395696222782,0.43369948863983154,1.883509874343872,-0.12014833837747574,0.0019166812999173999,0.0,0.0,0.0,0.0,0.0,0.0,0.0,0.0,0.0,0.0,0.0,0.0,0.0,0.0,0.0,0.0,0.0,0.0,0.0,0.0,0.0,0.0,0.0,0.0,0.0,0.0,0.0,0.0,0.0,0.0,0.0,0.0,0.0,0.0,0.0,0.0,0.0,0.0,0.0,0.0,0.0,0.0,0.0,0.0,0.0,0.0,0.0,0.0,0.0,0.0,0.0,0.0,0.0,0.0,0.0,0.0,0.0,0.0,0.0,0.0,0.0,0.0,0.0,0.41806483268737793,0.484639972448349,5.594306529133064e-08,0.44292834401130676,0.47529417276382446,-0.008773773908615112,0.4653552174568176,0.4495062828063965,-0.013504739850759506,0.4839939773082733,0.4359234571456909,-0.01874740794301033,0.500105619430542,0.4351460337638855,-0.024178624153137207,0.4540131688117981,0.38116464018821716,-0.002687739906832576,0.45889419317245483,0.3421396017074585,-0.008248071186244488,0.46173542737960815,0.31628355383872986,-0.0117378244176507,0.4634554088115692,0.2948388457298279,-0.014531347900629044,0.4381411075592041,0.3757537305355072,-0.003727488685399294,0.4405200481414795,0.33584830164909363,-0.013317467644810677,0.4402037560939789,0.36846330761909485,-0.015084244310855865,0.4401038587093353,0.3875890076160431,-0.013180688954889774,0.4219866096973419,0.37752169370651245,-0.006079928483814001,0.4237990379333496,0.3450915515422821,-0.016851427033543587,0.4247349500656128,0.37877506017684937,-0.013363789767026901,0.42403584718704224,0.39483290910720825,-0.007504154462367296,0.4055480659008026,0.38448366522789,-0.009361342526972294,0.4060460031032562,0.3514329791069031,-0.015692565590143204,0.40971869230270386,0.37339118123054504,-0.01125018298625946,0.411191463470459,0.38851797580718994,-0.005997721571475267
0.5018061399459839,0.37849104404449463,-0.4665789306163788,0.9998407363891602,0.5153178572654724,0.34194108843803406,-0.43964213132858276,0.9996120929718018,0.5228961110115051,0.3418598175048828,-0.4396001100540161,0.9996190667152405,0.5287865996360779,0.3419155180454254,-0.4396778643131256,0.9996160268783569,0.4891722798347473,0.3409947454929352,-0.42776384949684143,0.9996374249458313,0.4803139269351959,0.3403998017311096,-0.4277483820915222,0.9996678233146667,0.4727613031864166,0.3402852416038513,-0.4280755817890167,0.999697208404541,0.5401870608329773,0.3605788052082062,-0.27066752314567566,0.999508798122406,0.4650552570819855,0.36087292432785034,-0.2087675780057907,0.9996739625930786,0.5181716680526733,0.4209076166152954,-0.40567463636398315,0.9998272061347961,0.4839135706424713,0.4192582666873932,-0.3899969458580017,0.999848484992981,0.6042308807373047,0.586883008480072,-0.18953922390937805,0.9993606209754944,0.4054192006587982,0.5680860280990601,-0.12928874790668488,0.9996464848518372,0.657258152961731,0.8672678470611572,-0.18427132070064545,0.9615479111671448,0.33231762051582336,0.7583770155906677,-0.37627890706062317,0.9886779189109802,0.6329284310340881,1.13118577003479,-0.2668817639350891,0.7876155972480774,0.38745826482772827,0.5187709927558899,-0.7166057229042053,0.956500768661499,0.6353204846382141,1.2160959243774414,-0.3007684648036957,0.6865822672843933,0.3988291025161743,0.447756290435791,-0.8007621765136719,0.8780596852302551,0.6145480871200562,1.2131656408309937,-0.32450953125953674,0.7104671001434326,0.4085751175880432,0.43796563148498535,-0.7509535551071167,0.8805067539215088,0.6037309765815735,1.1816025972366333,-0.28165844082832336,0.7240716814994812,0.41169413924217224,0.4591728448867798,-0.7116026282310486,0.8924733400344849,0.5640522241592407,1.04267156124115,-0.019082801416516304,0.4265556335449219,0.43193185329437256,1.0220359563827515,0.02038741298019886,0.4133693277835846,0.5511555075645447,1.442566990852356,-0.07190660387277603,0.007012522779405117,0.4223095178604126,1.4233711957931519,0.04433758556842804,0.005463742651045322,0.5449318289756775,1.7826356887817383,0.16065184772014618,0.0011906729778274894,0.4166291356086731,1.77058744430542,0.1937197893857956,0.0007960480288602412,0.5484598278999329,1.8310950994491577,0.16858546435832977,0.0014389075804501772,0.41244786977767944,1.8193585872650146,0.20007678866386414,0.002242541639134288,0.5228670835494995,1.8991066217422485,-0.11372188478708267,0.0015081585152074695,0.4303334057331085,1.88620924949646,-0.08830230683088303,0.0019265947630628943,0.0,0.0,0.0,0.0,0.0,0.0,0.0,0.0,0.0,0.0,0.0,0.0,0.0,0.0,0.0,0.0,0.0,0.0,0.0,0.0,0.0,0.0,0.0,0.0,0.0,0.0,0.0,0.0,0.0,0.0,0.0,0.0,0.0,0.0,0.0,0.0,0.0,0.0,0.0,0.0,0.0,0.0,0.0,0.0,0.0,0.0,0.0,0.0,0.0,0.0,0.0,0.0,0.0,0.0,0.0,0.0,0.0,0.0,0.0,0.0,0.0,0.0,0.0,0.4185084402561188,0.48567840456962585,6.043245548426057e-08,0.44306880235671997,0.47676512598991394,-0.008912964724004269,0.46497514843940735,0.45030468702316284,-0.01355987973511219,0.48331403732299805,0.4355054497718811,-0.018687047064304352,0.49929362535476685,0.43496596813201904,-0.023946357890963554,0.45404940843582153,0.3800524175167084,-0.0022176674101501703,0.4594120383262634,0.3422640264034271,-0.007265746593475342,0.46228137612342834,0.3161843419075012,-0.010505502112209797,0.463839590549469,0.2939138114452362,-0.013284276239573956,0.4379734396934509,0.374378502368927,-0.003043537028133869,0.44038572907447815,0.33519983291625977,-0.011769594624638557,0.4400489032268524,0.36872968077659607,-0.012916679494082928,0.4399586021900177,0.3872491121292114,-0.01071251556277275,0.4219008684158325,0.37629660964012146,-0.00523211108520627,0.4239017963409424,0.34427303075790405,-0.01575339026749134,0.42510512471199036,0.3783878684043884,-0.012263087555766106,0.42434635758399963,0.3945052921772003,-0.006424300838261843,0.4055865406990051,0.383647620677948,-0.008349415846168995,0.4058522880077362,0.3502976596355438,-0.015041006729006767,0.4099433124065399,0.3728199303150177,-0.01088070496916771,0.4116258919239044,0.38904279470443726,-0.0057448167353868484
0.5018551349639893,0.37816932797431946,-0.43728765845298767,0.9998382329940796,0.5152788162231445,0.34165701270103455,-0.4108763635158539,0.9996041655540466,0.5227852463722229,0.3416620194911957,-0.4108520746231079,0.9996114373207092,0.5286300778388977,0.3417085111141205,-0.4109308421611786,0.9996084570884705,0.48918256163597107,0.34062832593917847,-0.40027904510498047,0.9996305108070374,0.4803319275379181,0.34019050002098083,-0.40025433897972107,0.9996618628501892,0.4727548360824585,0.3402867913246155,-0.40058600902557373,0.9996922016143799,0.5399618744850159,0.3603423833847046,-0.2415410429239273,0.9995009303092957,0.46506187319755554,0.3608979284763336,-0.18806976079940796,0.9996668696403503,0.5181351900100708,0.420794814825058,-0.37677904963493347,0.999824583530426,0.4840465784072876,0.419197142124176,-0.36286455392837524,0.9998466372489929,0.604171097278595,0.5858619213104248,-0.15747952461242676,0.9993546605110168,0.4055320918560028,0.5677200555801392,-0.11074207723140717,0.9996472001075745,0.657178521156311,0.8621469736099243,-0.1617937535047531,0.9615721106529236,0.33217671513557434,0.7581693530082703,-0.3549179136753082,0.9884353876113892,0.6329723000526428,1.1248208284378052,-0.2372172623872757,0.7846912145614624,0.38728705048561096,0.518742561340332,-0.6811829209327698,0.9553408622741699,0.6336554288864136,1.2058465480804443,-0.26744499802589417,0.683591902256012,0.39851683378219604,0.4478425085544586,-0.7623761296272278,0.8753408789634705,0.6137574315071106,1.2020070552825928,-0.28995487093925476,0.7073600888252258,0.4082202613353729,0.4379129707813263,-0.7096633911132812,0.8776974081993103,0.6032410860061646,1.1717027425765991,-0.2509160041809082,0.7211472392082214,0.41142693161964417,0.45911797881126404,-0.674556314945221,0.8898640871047974,0.5645343661308289,1.0421431064605713,-0.016283880919218063,0.4250645041465759,0.4321739077568054,1.0191643238067627,0.01747356541454792,0.41101396083831787,0.5524036288261414,1.4405817985534668,-0.06870250403881073,0.007226166781038046,0.4235873520374298,1.418835163116455,0.03214429318904877,0.005560789257287979,0.5467539429664612,1.7821401357650757,0.1543017476797104,0.0012784189311787486,0.4189748167991638,1.7674757242202759,0.16801761090755463,0.0008458125521428883,0.550180971622467,1.8302695751190186,0.1619540899991989,0.0015476751141250134,0.4150505065917969,1.8159745931625366,0.17373405396938324,0.002417265670374036,0.524746835231781,1.896765112876892,-0.11180489510297775,0.0016081517096608877,0.4328220784664154,1.8824750185012817,-0.10742446780204773,0.0020128206815570593,0.0,0.0,0.0,0.0,0.0,0.0,0.0,0.0,0.0,0.0,0.0,0.0,0.0,0.0,0.0,0.0,0.0,0.0,0.0,0.0,0.0,0.0,0.0,0.0,0.0,0.0,0.0,0.0,0.0,0.0,0.0,0.0,0.0,0.0,0.0,0.0,0.0,0.0,0.0,0.0,0.0,0.0,0.0,0.0,0.0,0.0,0.0,0.0,0.0,0.0,0.0,0.0,0.0,0.0,0.0,0.0,0.0,0.0,0.0,0.0,0.0,0.0,0.0,0.4179593622684479,0.4857025742530823,6.104144745222584e-08,0.4431248605251312,0.4761195182800293,-0.00860784761607647,0.46501749753952026,0.4492465555667877,-0.013009625487029552,0.4839598536491394,0.4351857900619507,-0.01796572655439377,0.5002055168151855,0.43574222922325134,-0.02309565804898739,0.45391589403152466,0.3796902596950531,-0.0016021145274862647,0.45900610089302063,0.3419950008392334,-0.006336221005767584,0.46179723739624023,0.3158254027366638,-0.009243050590157509,0.4632614552974701,0.2938285768032074,-0.011779280379414558,0.4379800856113434,0.37392985820770264,-0.0024925104808062315,0.4402008056640625,0.33504679799079895,-0.010442601516842842,0.4399040937423706,0.3687186539173126,-0.01093548908829689,0.4401468336582184,0.38605958223342896,-0.008367587812244892,0.4219909608364105,0.375703364610672,-0.0048016831278800964,0.4239720106124878,0.3441890478134155,-0.01504975650459528,0.42517444491386414,0.3790378272533417,-0.011242122389376163,0.4244512915611267,0.3942399322986603,-0.005216946359723806,0.4057553708553314,0.38307759165763855,-0.008022877387702465,0.4057250916957855,0.34959256649017334,-0.014622465707361698,0.4099561870098114,0.3729337155818939,-0.010189637541770935,0.4117765724658966,0.38932931423187256,-0.0048646447248756886
0.5020036101341248,0.3777512013912201,-0.4183068573474884,0.9998367428779602,0.515491247177124,0.34134945273399353,-0.3899320662021637,0.9995951652526855,0.522906482219696,0.3414352834224701,-0.38991889357566833,0.9996093511581421,0.5288063883781433,0.3414746820926666,-0.3899935483932495,0.9995993971824646,0.48939281702041626,0.3401596248149872,-0.38004106283187866,0.9996230006217957,0.4805218279361725,0.33976811170578003,-0.38000717759132385,0.9996591806411743,0.47291380167007446,0.33992981910705566,-0.3803476095199585,0.9996825456619263,0.540215790271759,0.36011919379234314,-0.21522918343544006,0.9994901418685913,0.46511349081993103,0.36062344908714294,-0.16582901775836945,0.9996652603149414,0.5182030200958252,0.420585572719574,-0.3563220798969269,0.9998221397399902,0.4842299818992615,0.4187961518764496,-0.3433457612991333,0.9998453259468079,0.6040267944335938,0.5845814347267151,-0.12856771051883698,0.9993618130683899,0.4056245982646942,0.5673964619636536,-0.09273458272218704,0.9996470212936401,0.6556194424629211,0.8611842393875122,-0.14494676887989044,0.9620386958122253,0.3318539559841156,0.7582097053527832,-0.34742027521133423,0.9880157709121704,0.6320436596870422,1.123409628868103,-0.23589679598808289,0.7866778373718262,0.3873118758201599,0.5200353264808655,-0.6895265579223633,0.9539800882339478,0.6338052153587341,1.2012355327606201,-0.2682800590991974,0.685799777507782,0.39850252866744995,0.4490785598754883,-0.7729476690292358,0.8731571435928345,0.6136722564697266,1.1967600584030151,-0.2919522225856781,0.709601640701294,0.4081396460533142,0.43889451026916504,-0.7226200699806213,0.8755711317062378,0.6031187772750854,1.1663678884506226,-0.25040897727012634,0.7229554653167725,0.4113721251487732,0.46032676100730896,-0.6838893294334412,0.8882843852043152,0.5642305612564087,1.0414968729019165,-0.014647704549133778,0.4278433918952942,0.432880699634552,1.021115779876709,0.015899697318673134,0.41366493701934814,0.5521736145019531,1.439847707748413,-0.07306849956512451,0.00734967365860939,0.4245568513870239,1.419105887413025,0.01858571171760559,0.00563774025067687,0.5462179183959961,1.7821733951568604,0.14376051723957062,0.0012951154494658113,0.41831207275390625,1.7674206495285034,0.1486518383026123,0.0008465826977044344,0.5497068166732788,1.8303123712539673,0.15049028396606445,0.001575310598127544,0.41383808851242065,1.8161677122116089,0.15343627333641052,0.0024205525405704975,0.5243477821350098,1.8962023258209229,-0.12447439879179001,0.0016440346371382475,0.43246451020240784,1.8817068338394165,-0.1295238435268402,0.002015338046476245,0.0,0.0,0.0,0.0,0.0,0.0,0.0,0.0,0.0,0.0,0.0,0.0,0.0,0.0,0.0,0.0,0.0,0.0,0.0,0.0,0.0,0.0,0.0,0.0,0.0,0.0,0.0,0.0,0.0,0.0,0.0,0.0,0.0,0.0,0.0,0.0,0.0,0.0,0.0,0.0,0.0,0.0,0.0,0.0,0.0,0.0,0.0,0.0,0.0,0.0,0.0,0.0,0.0,0.0,0.0,0.0,0.0,0.0,0.0,0.0,0.0,0.0,0.0,0.41839084029197693,0.485276460647583,6.223951487527302e-08,0.44293278455734253,0.4761037230491638,-0.00882869865745306,0.4646872580051422,0.4493007957935333,-0.013433415442705154,0.4832945466041565,0.4354015290737152,-0.01853047125041485,0.49939048290252686,0.43510743975639343,-0.023773696273565292,0.4538121819496155,0.3794734477996826,-0.0022193584591150284,0.4590710699558258,0.341914564371109,-0.007335627917200327,0.46192726492881775,0.31558409333229065,-0.010467477142810822,0.46339553594589233,0.2932474613189697,-0.013130752369761467,0.43776610493659973,0.3737410604953766,-0.0030998787842690945,0.44011828303337097,0.33523890376091003,-0.011614876799285412,0.4398689270019531,0.369072824716568,-0.012367548421025276,0.4400074779987335,0.3865858316421509,-0.009907341562211514,0.4215984046459198,0.3756665885448456,-0.005384668242186308,0.4236147403717041,0.3447894752025604,-0.016028620302677155,0.4247669279575348,0.3795989155769348,-0.01226053386926651,0.42407870292663574,0.3946153223514557,-0.006197398062795401,0.40519195795059204,0.3831612169742584,-0.008578821085393429,0.40525537729263306,0.3503032624721527,-0.01530463993549347,0.4093340039253235,0.37355637550354004,-0.010836145840585232,0.41103485226631165,0.38945046067237854,-0.005464400164783001
0.50161212682724,0.3776317834854126,-0.4205611050128937,0.9998350739479065,0.51518714427948,0.34119492769241333,-0.3921659588813782,0.9995868802070618,0.5225781798362732,0.341298371553421,-0.3921504318714142,0.9996070861816406,0.5284613966941833,0.34128472208976746,-0.3922169804573059,0.9995909929275513,0.4890827536582947,0.3400672972202301,-0.3818635642528534,0.9996162056922913,0.4802437424659729,0.33979710936546326,-0.3818151354789734,0.9996558427810669,0.47266095876693726,0.3401559889316559,-0.3821510970592499,0.9996715188026428,0.5401738882064819,0.3601363003253937,-0.21585851907730103,0.9994783997535706,0.4650009572505951,0.36086755990982056,-0.16460897028446198,0.9996625781059265,0.5179474949836731,0.4204216003417969,-0.35818207263946533,0.9998201727867126,0.48385006189346313,0.4189709424972534,-0.3445696532726288,0.999843955039978,0.6041488647460938,0.5844405293464661,-0.1280789077281952,0.9993696808815002,0.4057518243789673,0.5671186447143555,-0.08977103233337402,0.9996419548988342,0.6564996838569641,0.8577865958213806,-0.14481934905052185,0.9628486037254333,0.33123648166656494,0.7579327821731567,-0.3472830355167389,0.9881505966186523,0.6311562061309814,1.1095377206802368,-0.23254011571407318,0.7909530401229858,0.38743361830711365,0.5212109088897705,-0.6943239569664001,0.9544117450714111,0.6326051354408264,1.192659616470337,-0.2646116018295288,0.6901828050613403,0.39893582463264465,0.44992896914482117,-0.7785686254501343,0.8736314177513123,0.612787663936615,1.1868053674697876,-0.28787702322006226,0.7138526439666748,0.40856534242630005,0.43960800766944885,-0.7272772192955017,0.8760954737663269,0.6025448441505432,1.1574293375015259,-0.24674351513385773,0.7270926237106323,0.41176095604896545,0.4610351622104645,-0.6885626912117004,0.8890286087989807,0.5632373690605164,1.0239686965942383,-0.014930183067917824,0.4277045428752899,0.43299293518066406,1.0234243869781494,0.0162468533962965,0.4132765829563141,0.5537986159324646,1.440436601638794,-0.07259058952331543,0.00757854338735342,0.4245765507221222,1.4187431335449219,0.026542190462350845,0.005730232689529657,0.5467743277549744,1.7820580005645752,0.14584238827228546,0.0014181394362822175,0.41804376244544983,1.7671236991882324,0.16498608887195587,0.0009120318572968245,0.55000239610672,1.8300138711929321,0.1525900512933731,0.0017226544441655278,0.4136141836643219,1.8156956434249878,0.17074988782405853,0.002624567598104477,0.5251819491386414,1.895624041557312,-0.1233348473906517,0.0017471852479502559,0.432094007730484,1.8810398578643799,-0.11228476464748383,0.0021449080668389797,0.0,0.0,0.0,0.0,0.0,0.0,0.0,0.0,0.0,0.0,0.0,0.0,0.0,0.0,0.0,0.0,0.0,0.0,0.0,0.0,0.0,0.0,0.0,0.0,0.0,0.0,0.0,0.0,0.0,0.0,0.0,0.0,0.0,0.0,0.0,0.0,0.0,0.0,0.0,0.0,0.0,0.0,0.0,0.0,0.0,0.0,0.0,0.0,0.0,0.0,0.0,0.0,0.0,0.0,0.0,0.0,0.0,0.0,0.0,0.0,0.0,0.0,0.0,0.4179888069629669,0.48528698086738586,6.092744087027313e-08,0.4424506425857544,0.476635217666626,-0.009192485362291336,0.46471118927001953,0.44953453540802,-0.014046262949705124,0.483290433883667,0.4349713921546936,-0.01929846964776516,0.4997241795063019,0.4348790943622589,-0.024719854816794395,0.4537162780761719,0.38156768679618835,-0.003113703103736043,0.4588809311389923,0.3428683280944824,-0.008572923950850964,0.4615505337715149,0.31647518277168274,-0.011985897086560726,0.46309158205986023,0.2941426634788513,-0.014829527586698532,0.43755874037742615,0.3758043050765991,-0.003956043627113104,0.439953476190567,0.3362050950527191,-0.013582438230514526,0.43981772661209106,0.36929619312286377,-0.01522483304142952,0.4397718012332916,0.38809067010879517,-0.013256329111754894,0.4212039113044739,0.37742194533348083,-0.006113877519965172,0.42302900552749634,0.3456679582595825,-0.0172744058072567,0.42435422539711,0.38003283739089966,-0.013894050382077694,0.4238004684448242,0.3960018754005432,-0.008028524927794933,0.4046562910079956,0.3841385245323181,-0.009188835509121418,0.4049544930458069,0.35049110651016235,-0.0160120390355587,0.408831924200058,0.37327414751052856,-0.0117054283618927,0.4103919267654419,0.3891580402851105,-0.006469088606536388
0.501491904258728,0.3776423931121826,-0.44388726353645325,0.9998397827148438,0.5148866772651672,0.34102362394332886,-0.4137082099914551,0.9995970726013184,0.5223212838172913,0.3412333130836487,-0.4136978089809418,0.9996213316917419,0.5281583666801453,0.3411811888217926,-0.41374489665031433,0.9996014833450317,0.4889892041683197,0.3401317596435547,-0.404199481010437,0.9996250867843628,0.48023951053619385,0.34002000093460083,-0.40416181087493896,0.9996666312217712,0.47272223234176636,0.34057536721229553,-0.40450823307037354,0.999675452709198,0.5398828983306885,0.36012962460517883,-0.22734618186950684,0.999493420124054,0.46515709161758423,0.361093670129776,-0.18106605112552643,0.9996741414070129,0.5178448557853699,0.4203357696533203,-0.37828484177589417,0.9998252391815186,0.483827143907547,0.4192768633365631,-0.3658751845359802,0.9998482465744019,0.6042401790618896,0.5853176712989807,-0.12839147448539734,0.9993847608566284,0.40583351254463196,0.5664580464363098,-0.10222671180963516,0.9996396899223328,0.6562438607215881,0.8551666736602783,-0.14582830667495728,0.9636327624320984,0.3315545916557312,0.7572354078292847,-0.3681052327156067,0.988006055355072,0.6311156749725342,1.1075413227081299,-0.2371026575565338,0.7957828640937805,0.38707563281059265,0.5210031867027283,-0.7313727736473083,0.9550212621688843,0.6316846013069153,1.1888506412506104,-0.2696636915206909,0.6955201625823975,0.3987868130207062,0.449453204870224,-0.8186008334159851,0.875798225402832,0.6117918491363525,1.182814598083496,-0.29395997524261475,0.7194231152534485,0.4083421528339386,0.4392942488193512,-0.7694281339645386,0.8783097267150879,0.6019364595413208,1.1531091928482056,-0.2517316937446594,0.7320274710655212,0.4115801155567169,0.4607987701892853,-0.7268704771995544,0.8911281228065491,0.5629384517669678,1.0183436870574951,-0.013882658444344997,0.4229128956794739,0.43215706944465637,1.0264835357666016,0.015286475419998169,0.40698933601379395,0.5550835132598877,1.4388800859451294,-0.07702568173408508,0.00731534231454134,0.42449653148651123,1.4159342050552368,0.027612771838903427,0.005483461543917656,0.5491650700569153,1.7813818454742432,0.143268421292305,0.001400844193994999,0.41944339871406555,1.7650493383407593,0.17132145166397095,0.0008996679680421948,0.5522114038467407,1.8293124437332153,0.1496676504611969,0.0017091907793655992,0.41514238715171814,1.813619613647461,0.1771492213010788,0.002527126343920827,0.5287845730781555,1.8927258253097534,-0.1338256299495697,0.0017763825599104166,0.4348786473274231,1.8776229619979858,-0.11227826029062271,0.0021414009388536215,0.0,0.0,0.0,0.0,0.0,0.0,0.0,0.0,0.0,0.0,0.0,0.0,0.0,0.0,0.0,0.0,0.0,0.0,0.0,0.0,0.0,0.0,0.0,0.0,0.0,0.0,0.0,0.0,0.0,0.0,0.0,0.0,0.0,0.0,0.0,0.0,0.0,0.0,0.0,0.0,0.0,0.0,0.0,0.0,0.0,0.0,0.0,0.0,0.0,0.0,0.0,0.0,0.0,0.0,0.0,0.0,0.0,0.0,0.0,0.0,0.0,0.0,0.0,0.4176933169364929,0.4851951599121094,5.797805968654757e-08,0.4425724744796753,0.4761032164096832,-0.00917765311896801,0.4647238254547119,0.4498412609100342,-0.01402196567505598,0.4833403527736664,0.4350803792476654,-0.01930360682308674,0.49969184398651123,0.43456825613975525,-0.024727793410420418,0.4539265036582947,0.38101309537887573,-0.002334974706172943,0.45899099111557007,0.3426010310649872,-0.007614624686539173,0.461622953414917,0.3161228895187378,-0.010784401558339596,0.46300986409187317,0.29422569274902344,-0.013412930071353912,0.4377952516078949,0.3752560615539551,-0.0031042518094182014,0.43991953134536743,0.33591097593307495,-0.012361668050289154,0.43915238976478577,0.370082825422287,-0.013485974632203579,0.4391179084777832,0.3886147141456604,-0.011069370433688164,0.4214778244495392,0.37692394852638245,-0.005290361121296883,0.4231390953063965,0.3453114628791809,-0.01618148200213909,0.42390063405036926,0.38029566407203674,-0.012316870503127575,0.4233893156051636,0.3956186771392822,-0.006106393877416849,0.40491965413093567,0.38382047414779663,-0.008429859764873981,0.40528130531311035,0.351252019405365,-0.014975840225815773,0.40889203548431396,0.3745931088924408,-0.010355629026889801,0.4105224311351776,0.38986366987228394,-0.004900001455098391
0.5007996559143066,0.3778493106365204,-0.4910702109336853,0.9998477101325989,0.5140941739082336,0.34089070558547974,-0.46156319975852966,0.9996091723442078,0.5216979384422302,0.34113946557044983,-0.4615341126918793,0.999639630317688,0.5275042653083801,0.3411460816860199,-0.46154600381851196,0.9996125102043152,0.4881919026374817,0.3403586447238922,-0.45137912034988403,0.9996359944343567,0.4795096218585968,0.34038668870925903,-0.4513527452945709,0.9996811747550964,0.47213491797447205,0.3410438895225525,-0.4517029821872711,0.9996812343597412,0.5393534302711487,0.36008426547050476,-0.27066394686698914,0.9995132684707642,0.4651321768760681,0.361347496509552,-0.22355709969997406,0.9996910095214844,0.5172900557518005,0.4203125238418579,-0.42468225955963135,0.9998339414596558,0.48308297991752625,0.41982799768447876,-0.4114178717136383,0.9998556971549988,0.6039608716964722,0.5847080945968628,-0.1513495147228241,0.9994164705276489,0.40580564737319946,0.5670059323310852,-0.13360479474067688,0.999647319316864,0.6555909514427185,0.8574072122573853,-0.16997544467449188,0.9660989046096802,0.3314509689807892,0.7572042346000671,-0.3954066038131714,0.9880132079124451,0.6315810084342957,1.1237574815750122,-0.25318074226379395,0.8076378703117371,0.38629570603370667,0.5236033797264099,-0.7620701193809509,0.95589679479599,0.6271336078643799,1.2084013223648071,-0.28446531295776367,0.7082120776176453,0.3984704613685608,0.45118361711502075,-0.849805474281311,0.8791730403900146,0.6070758700370789,1.203113317489624,-0.31012430787086487,0.7320173382759094,0.408231258392334,0.4406535029411316,-0.8001086711883545,0.8818351030349731,0.597697377204895,1.1711863279342651,-0.2678125500679016,0.7446322441101074,0.41128090023994446,0.46257004141807556,-0.7576252818107605,0.894888162612915,0.5634840726852417,1.0168296098709106,-0.015180584043264389,0.41055184602737427,0.4325519800186157,1.0289459228515625,0.016597408801317215,0.39369550347328186,0.5583246350288391,1.440784215927124,-0.07393082976341248,0.006713516544550657,0.4249154031276703,1.4202016592025757,0.03538480028510094,0.004958080593496561,0.5512488484382629,1.7816234827041626,0.16096006333827972,0.0013294753152877092,0.42013120651245117,1.767708659172058,0.19395612180233002,0.0008376865298487246,0.5544904470443726,1.8295044898986816,0.16806189715862274,0.0016203817212954164,0.4156825840473175,1.81592857837677,0.20103083550930023,0.002335207536816597,0.5308337807655334,1.894905686378479,-0.12257634103298187,0.0016975195612758398,0.43721750378608704,1.881773591041565,-0.09538353234529495,0.0020274047274142504,0.0,0.0,0.0,0.0,0.0,0.0,0.0,0.0,0.0,0.0,0.0,0.0,0.0,0.0,0.0,0.0,0.0,0.0,0.0,0.0,0.0,0.0,0.0,0.0,0.0,0.0,0.0,0.0,0.0,0.0,0.0,0.0,0.0,0.0,0.0,0.0,0.0,0.0,0.0,0.0,0.0,0.0,0.0,0.0,0.0,0.0,0.0,0.0,0.0,0.0,0.0,0.0,0.0,0.0,0.0,0.0,0.0,0.0,0.0,0.0,0.0,0.0,0.0,0.41762325167655945,0.48485592007637024,5.251762047464581e-08,0.44283682107925415,0.47526249289512634,-0.008918694220483303,0.4648107588291168,0.44937825202941895,-0.013680307194590569,0.483395516872406,0.4351266026496887,-0.018877573311328888,0.499977707862854,0.4347800612449646,-0.024224329739809036,0.4537199139595032,0.3802143931388855,-0.0025658917147666216,0.4585728049278259,0.34083646535873413,-0.007966644130647182,0.4611438512802124,0.31515389680862427,-0.011250478215515614,0.46235403418540955,0.29414400458335876,-0.013881797902286053,0.43782585859298706,0.374988317489624,-0.0034081153571605682,0.4400690495967865,0.3358052372932434,-0.012689540162682533,0.4397399425506592,0.3701254427433014,-0.014008749276399612,0.43975889682769775,0.3891713321208954,-0.011751348152756691,0.42157283425331116,0.3769667446613312,-0.005626227706670761,0.42332714796066284,0.345589280128479,-0.01641027256846428,0.4244523346424103,0.3812156915664673,-0.012652480974793434,0.4239512085914612,0.39716583490371704,-0.006501481868326664,0.4051327407360077,0.3843262791633606,-0.008766310289502144,0.4050486385822296,0.351112961769104,-0.015173160471022129,0.40938904881477356,0.3742557764053345,-0.010615983977913857,0.4115854501724243,0.38986310362815857,-0.005194786470383406
0.5011348724365234,0.3780825138092041,-0.4732930064201355,0.9998528361320496,0.5143681764602661,0.3408747613430023,-0.44321954250335693,0.9996182322502136,0.5218802094459534,0.3410968780517578,-0.44321367144584656,0.9996517896652222,0.5277639031410217,0.3411555588245392,-0.4432588815689087,0.9996213316917419,0.4883820414543152,0.34058862924575806,-0.4333583116531372,0.9996445775032043,0.4794802665710449,0.3407127857208252,-0.4333455264568329,0.99969083070755,0.47213664650917053,0.3414076864719391,-0.43370363116264343,0.9996854066848755,0.5396698713302612,0.36036959290504456,-0.25557130575180054,0.9995235800743103,0.46501317620277405,0.3615650236606598,-0.20664997398853302,0.9997022151947021,0.5173749327659607,0.42034095525741577,-0.40680795907974243,0.9998388886451721,0.4831346869468689,0.42035701870918274,-0.39400795102119446,0.9998601078987122,0.6039161086082458,0.5847001075744629,-0.1503896564245224,0.9994304180145264,0.4055797755718231,0.5676455497741699,-0.11846873909235,0.9996472001075745,0.6557693481445312,0.8571817278862,-0.14961782097816467,0.9678390026092529,0.331339567899704,0.7583466172218323,-0.38406360149383545,0.9876145720481873,0.632948100566864,1.1236051321029663,-0.2320871204137802,0.8175355792045593,0.3864034116268158,0.5252765417098999,-0.7578522562980652,0.9567664265632629,0.632519006729126,1.2075190544128418,-0.2624622881412506,0.718173623085022,0.3985617756843567,0.4523385167121887,-0.846513569355011,0.8819814324378967,0.6120671033859253,1.202392578125,-0.2894221842288971,0.7417871952056885,0.4086671471595764,0.44146406650543213,-0.796136736869812,0.8849053382873535,0.6018460988998413,1.1705207824707031,-0.2470877766609192,0.753755509853363,0.41181427240371704,0.46373414993286133,-0.7531958818435669,0.8979488611221313,0.5659881830215454,1.0417739152908325,-0.01601177267730236,0.40982475876808167,0.433084100484848,1.027800440788269,0.01739910989999771,0.39157623052597046,0.5560872554779053,1.4435012340545654,-0.09258700907230377,0.006276549305766821,0.4239753782749176,1.4262022972106934,0.049771811813116074,0.00464037386700511,0.5503731966018677,1.7840843200683594,0.12739676237106323,0.0012197839096188545,0.41883429884910583,1.7724617719650269,0.20844857394695282,0.0007604492129758,0.5537863373756409,1.8330198526382446,0.1331242024898529,0.0014914849307388067,0.4144802391529083,1.8210065364837646,0.21553346514701843,0.002064233645796776,0.5298786759376526,1.8996962308883667,-0.15960335731506348,0.0015869380440562963,0.43625375628471375,1.887673020362854,-0.07748939841985703,0.001885297242552042,0.0,0.0,0.0,0.0,0.0,0.0,0.0,0.0,0.0,0.0,0.0,0.0,0.0,0.0,0.0,0.0,0.0,0.0,0.0,0.0,0.0,0.0,0.0,0.0,0.0,0.0,0.0,0.0,0.0,0.0,0.0,0.0,0.0,0.0,0.0,0.0,0.0,0.0,0.0,0.0,0.0,0.0,0.0,0.0,0.0,0.0,0.0,0.0,0.0,0.0,0.0,0.0,0.0,0.0,0.0,0.0,0.0,0.0,0.0,0.0,0.0,0.0,0.0,0.41720664501190186,0.4846552014350891,5.9577814681688324e-08,0.443136066198349,0.4740598201751709,-0.009482326917350292,0.46474403142929077,0.4490513205528259,-0.014326982200145721,0.48402947187423706,0.43578872084617615,-0.01943882741034031,0.50164794921875,0.4346335232257843,-0.02451355569064617,0.4536988139152527,0.377962589263916,-0.0015370738692581654,0.4582659602165222,0.33900243043899536,-0.00649539427831769,0.46098360419273376,0.3134051263332367,-0.009245267137885094,0.46227192878723145,0.29350030422210693,-0.011348756030201912,0.43781495094299316,0.37279802560806274,-0.0018294529290869832,0.44045302271842957,0.3360441327095032,-0.00970948301255703,0.43976184725761414,0.37323683500289917,-0.009493310935795307,0.4401587247848511,0.3918350338935852,-0.006197378970682621,0.4215741753578186,0.37482452392578125,-0.00380017445422709,0.4235788881778717,0.3455825448036194,-0.014144289307296276,0.424426406621933,0.38329848647117615,-0.009548038244247437,0.4240932762622833,0.3972626328468323,-0.0028136156033724546,0.4051104784011841,0.3824171721935272,-0.006731206551194191,0.40545421838760376,0.3505435883998871,-0.012769798748195171,0.40963706374168396,0.37592384219169617,-0.007452778518199921,0.4115726947784424,0.39080163836479187,-0.0014951580669730902
0.5011925101280212,0.37824398279190063,-0.4925442039966583,0.9998570680618286,0.5144253373146057,0.3408189117908478,-0.4623134732246399,0.9996307492256165,0.5219653248786926,0.34106308221817017,-0.46230989694595337,0.9996628761291504,0.527916669845581,0.3411566913127899,-0.46234452724456787,0.9996331334114075,0.4882480800151825,0.3407171070575714,-0.4522534906864166,0.9996550679206848,0.47923290729522705,0.3409169614315033,-0.45225533843040466,0.9997004270553589,0.4719192087650299,0.3415932357311249,-0.4526195824146271,0.9996932744979858,0.5398508906364441,0.3605453670024872,-0.26737692952156067,0.9995390772819519,0.4647660553455353,0.36163529753685,-0.2195248305797577,0.9997121095657349,0.5174051523208618,0.4203675091266632,-0.4233197569847107,0.9998438358306885,0.4830701947212219,0.4207124412059784,-0.41046154499053955,0.9998639225959778,0.6038984060287476,0.5839020609855652,-0.15412752330303192,0.999431312084198,0.4051148593425751,0.5676649212837219,-0.12218610942363739,0.9996491074562073,0.6559874415397644,0.8527397513389587,-0.15384449064731598,0.9684019684791565,0.33184823393821716,0.7593033313751221,-0.3863973915576935,0.987899124622345,0.6352599263191223,1.1104774475097656,-0.23895351588726044,0.8212649822235107,0.3871310353279114,0.5254107117652893,-0.7655506730079651,0.957355260848999,0.6365207433700562,1.201210856437683,-0.269804447889328,0.7213810682296753,0.39925631880760193,0.45226919651031494,-0.8541231751441956,0.8833054900169373,0.6169204711914062,1.1973010301589966,-0.29713431000709534,0.7451195120811462,0.4090830683708191,0.4409576654434204,-0.8062214255332947,0.8862706422805786,0.6059556603431702,1.1664559841156006,-0.2543405592441559,0.7565091252326965,0.41209399700164795,0.4631889760494232,-0.761808454990387,0.8992245197296143,0.5645253658294678,1.045086145401001,-0.021904099732637405,0.41473186016082764,0.43252572417259216,1.0277870893478394,0.023286277428269386,0.39537134766578674,0.552831768989563,1.4439212083816528,-0.10277526080608368,0.006145837251096964,0.4226957857608795,1.4264453649520874,0.04546612501144409,0.0045645516365766525,0.5478014349937439,1.7850583791732788,0.12096906453371048,0.0011853895848616958,0.4173431098461151,1.7745552062988281,0.19706735014915466,0.00074282061541453,0.5512909293174744,1.8346598148345947,0.12686875462532043,0.0014506755396723747,0.41339313983917236,1.8231430053710938,0.20316486060619354,0.0019859769381582737,0.5269170999526978,1.9009919166564941,-0.16869105398654938,0.001551843131892383,0.43187493085861206,1.8890248537063599,-0.09418943524360657,0.0018719088984653354,0.0,0.0,0.0,0.0,0.0,0.0,0.0,0.0,0.0,0.0,0.0,0.0,0.0,0.0,0.0,0.0,0.0,0.0,0.0,0.0,0.0,0.0,0.0,0.0,0.0,0.0,0.0,0.0,0.0,0.0,0.0,0.0,0.0,0.0,0.0,0.0,0.0,0.0,0.0,0.0,0.0,0.0,0.0,0.0,0.0,0.0,0.0,0.0,0.0,0.0,0.0,0.0,0.0,0.0,0.0,0.0,0.0,0.0,0.0,0.0,0.0,0.0,0.0,0.41675126552581787,0.48536354303359985,5.838597871843376e-08,0.4432975947856903,0.4736698567867279,-0.008531858213245869,0.4646179676055908,0.4489138722419739,-0.012930208817124367,0.4834445118904114,0.4353157579898834,-0.017851771786808968,0.5007120966911316,0.4338795244693756,-0.022829584777355194,0.45396775007247925,0.3787533640861511,-0.00013108253187965602,0.45850870013237,0.34031063318252563,-0.004736955277621746,0.4612371623516083,0.3143981993198395,-0.007287097629159689,0.4623156785964966,0.29441356658935547,-0.009279487654566765,0.438082754611969,0.37323668599128723,-0.0008517985697835684,0.44078391790390015,0.33642470836639404,-0.008449745364487171,0.43969324231147766,0.3736727833747864,-0.008038067258894444,0.44017842411994934,0.392514169216156,-0.004591618198901415,0.42189666628837585,0.3754529654979706,-0.0032167239114642143,0.423507422208786,0.3460896909236908,-0.013432488776743412,0.4240211844444275,0.3831438720226288,-0.00877740141004324,0.4238010346889496,0.3971233367919922,-0.002011839533224702,0.40538835525512695,0.38363027572631836,-0.00646186200901866,0.40535664558410645,0.3513672649860382,-0.012578528374433517,0.4094821512699127,0.37640538811683655,-0.0071998643688857555,0.41171103715896606,0.3917490839958191,-0.0011558381374925375
0.5015276074409485,0.37905535101890564,-0.5335434079170227,0.9998611211776733,0.5145509839057922,0.3411233723163605,-0.507597029209137,0.9996393322944641,0.5220280885696411,0.3411790132522583,-0.5075761079788208,0.9996718168258667,0.5279331803321838,0.341251015663147,-0.5076777935028076,0.9996405839920044,0.4881969094276428,0.34144502878189087,-0.49393901228904724,0.9996623992919922,0.4791307747364044,0.3418315351009369,-0.4939613938331604,0.9997084736824036,0.47182759642601013,0.3426179885864258,-0.4943120777606964,0.9996979236602783,0.5397968888282776,0.3608924448490143,-0.28958258032798767,0.9995532035827637,0.46447816491127014,0.3623380959033966,-0.25726187229156494,0.9997203946113586,0.5176606178283691,0.4205664396286011,-0.46551379561424255,0.999848484992981,0.48347190022468567,0.42214861512184143,-0.44831353425979614,0.999867856502533,0.603890061378479,0.5839725136756897,-0.16881036758422852,0.999433696269989,0.4050635099411011,0.5688450932502747,-0.14668305218219757,0.9996531009674072,0.6558949947357178,0.8519080877304077,-0.1721218228340149,0.9693196415901184,0.33236366510391235,0.7579928636550903,-0.4004885256290436,0.9880059957504272,0.633699357509613,1.1078354120254517,-0.2559531629085541,0.8243680000305176,0.3866417109966278,0.5282768607139587,-0.7772172093391418,0.9573567509651184,0.6317809820175171,1.196815013885498,-0.28624022006988525,0.7233006954193115,0.39863207936286926,0.4550020694732666,-0.865185022354126,0.8838728666305542,0.6128928065299988,1.1915960311889648,-0.3135409951210022,0.7470898628234863,0.4087267220020294,0.4429151713848114,-0.8170183300971985,0.8867003917694092,0.6024693250656128,1.1605607271194458,-0.2710699439048767,0.7583197951316833,0.4116653501987457,0.4651934802532196,-0.7731253504753113,0.8996145725250244,0.5653469562530518,1.0453529357910156,-0.023492423817515373,0.40968257188796997,0.43259185552597046,1.027587890625,0.024824494495987892,0.3898380994796753,0.5544506907463074,1.4440816640853882,-0.1024550348520279,0.005923957098275423,0.42259401082992554,1.426378607749939,0.04809194058179855,0.0044548180885612965,0.5494951605796814,1.7852661609649658,0.12480196356773376,0.0011643695179373026,0.41719967126846313,1.7755793333053589,0.1981612592935562,0.0007583116530440748,0.5528196692466736,1.8336338996887207,0.13090553879737854,0.0014235649723559618,0.41348016262054443,1.8240244388580322,0.20385608077049255,0.0019876344595104456,0.5285388231277466,1.9010050296783447,-0.16721126437187195,0.001551890978589654,0.4314849078655243,1.890674352645874,-0.09595675021409988,0.001944957417435944,0.0,0.0,0.0,0.0,0.0,0.0,0.0,0.0,0.0,0.0,0.0,0.0,0.0,0.0,0.0,0.0,0.0,0.0,0.0,0.0,0.0,0.0,0.0,0.0,0.0,0.0,0.0,0.0,0.0,0.0,0.0,0.0,0.0,0.0,0.0,0.0,0.0,0.0,0.0,0.0,0.0,0.0,0.0,0.0,0.0,0.0,0.0,0.0,0.0,0.0,0.0,0.0,0.0,0.0,0.0,0.0,0.0,0.0,0.0,0.0,0.0,0.0,0.0,0.416364461183548,0.48579564690589905,5.577044959181876e-08,0.44316011667251587,0.4737268090248108,-0.008171704597771168,0.4644952118396759,0.44886666536331177,-0.012172462418675423,0.48335909843444824,0.43486520648002625,-0.016729898750782013,0.5006189942359924,0.4334036111831665,-0.021411778405308723,0.4534606635570526,0.37963610887527466,0.0002600734296720475,0.4582462012767792,0.34081488847732544,-0.004198512993752956,0.4611760675907135,0.31495732069015503,-0.006810451857745647,0.4623282253742218,0.2947293817996979,-0.008854137733578682,0.43779394030570984,0.3739655911922455,-0.000530336401425302,0.44054606556892395,0.3362080454826355,-0.00823929812759161,0.4396952986717224,0.3732241690158844,-0.008121221326291561,0.439829558134079,0.39319583773612976,-0.004798049107193947,0.4217526316642761,0.3759709596633911,-0.002903791144490242,0.42349427938461304,0.3456324338912964,-0.013105036690831184,0.4240822196006775,0.3824623227119446,-0.008712808601558208,0.4234173893928528,0.3970997631549835,-0.00205269199796021,0.4052433371543884,0.3837590515613556,-0.006104720290750265,0.4057139456272125,0.35093235969543457,-0.012193168513476849,0.4099063277244568,0.37570470571517944,-0.006907634437084198,0.41176989674568176,0.39125046133995056,-0.0009015704272314906
0.5015009045600891,0.3797996938228607,-0.5156182050704956,0.9998593330383301,0.5142920613288879,0.34156930446624756,-0.48832646012306213,0.9996356964111328,0.5217984914779663,0.3414590358734131,-0.4883248209953308,0.9996697902679443,0.527753472328186,0.3414313793182373,-0.48837313055992126,0.9996366500854492,0.48788413405418396,0.3422248959541321,-0.47764289379119873,0.9996583461761475,0.47884732484817505,0.3427266478538513,-0.4776667356491089,0.9997065663337708,0.47158318758010864,0.34355026483535767,-0.4780256152153015,0.999692976474762,0.5397997498512268,0.36132821440696716,-0.28634923696517944,0.9995512962341309,0.46427014470100403,0.3629778027534485,-0.24665477871894836,0.9997177720069885,0.5176606774330139,0.42083802819252014,-0.44667020440101624,0.9998463988304138,0.48348861932754517,0.42338165640830994,-0.43286800384521484,0.9998654723167419,0.604033887386322,0.5854777693748474,-0.16656038165092468,0.9994094967842102,0.40527158975601196,0.5683954358100891,-0.13689492642879486,0.999644935131073,0.6558714509010315,0.8554330468177795,-0.16065318882465363,0.9693187475204468,0.33325517177581787,0.7576583027839661,-0.3889760673046112,0.9880170226097107,0.6323670148849487,1.1112900972366333,-0.2373684048652649,0.8235005140304565,0.3863166272640228,0.5322115421295166,-0.7623705267906189,0.9575626254081726,0.6292957067489624,1.1968797445297241,-0.26519277691841125,0.7212399244308472,0.39903658628463745,0.45972469449043274,-0.8489540219306946,0.884196400642395,0.6104704141616821,1.1917238235473633,-0.2927290201187134,0.7450190782546997,0.4089161157608032,0.44631555676460266,-0.7998708486557007,0.8868582844734192,0.6003978848457336,1.1605136394500732,-0.2519875168800354,0.7555437684059143,0.4115138649940491,0.46880054473876953,-0.7577307820320129,0.8993380069732666,0.5652185082435608,1.0451170206069946,-0.022736141458153725,0.4103124737739563,0.4327045679092407,1.0267448425292969,0.02398885227739811,0.39014768600463867,0.552198588848114,1.4428917169570923,-0.11686304956674576,0.005944486241787672,0.42238157987594604,1.425250768661499,0.045148175209760666,0.004541171249002218,0.5476197004318237,1.7854317426681519,0.09817082434892654,0.001119250780902803,0.4161156713962555,1.7752882242202759,0.1880500614643097,0.0007461534696631134,0.5511671304702759,1.8336853981018066,0.10349820554256439,0.0013621405232697725,0.412367045879364,1.8239895105361938,0.193152517080307,0.001892453758046031,0.5259702801704407,1.9004082679748535,-0.19131875038146973,0.0015111076645553112,0.42954859137535095,1.8892922401428223,-0.10081920772790909,0.0019275187514722347,0.0,0.0,0.0,0.0,0.0,0.0,0.0,0.0,0.0,0.0,0.0,0.0,0.0,0.0,0.0,0.0,0.0,0.0,0.0,0.0,0.0,0.0,0.0,0.0,0.0,0.0,0.0,0.0,0.0,0.0,0.0,0.0,0.0,0.0,0.0,0.0,0.0,0.0,0.0,0.0,0.0,0.0,0.0,0.0,0.0,0.0,0.0,0.0,0.0,0.0,0.0,0.0,0.0,0.0,0.0,0.0,0.0,0.0,0.0,0.0,0.0,0.0,0.0,0.4164634644985199,0.4858740568161011,6.748996383976191e-08,0.4429931342601776,0.4748409390449524,-0.00894913263618946,0.4640640616416931,0.45001885294914246,-0.013724400661885738,0.4827805757522583,0.43420398235321045,-0.01884871907532215,0.49984923005104065,0.43344846367836,-0.023966984823346138,0.4535786509513855,0.38135504722595215,-0.0020436698105186224,0.45872050523757935,0.3414836525917053,-0.007480914238840342,0.46145179867744446,0.3155379593372345,-0.01045100949704647,0.4625776708126068,0.2946305572986603,-0.012715865857899189,0.4378851652145386,0.3760201036930084,-0.0027904773596674204,0.44070059061050415,0.3371896743774414,-0.01119536254554987,0.4397836923599243,0.37395772337913513,-0.010940559208393097,0.44033461809158325,0.392130047082901,-0.0075581432320177555,0.42202818393707275,0.3779270648956299,-0.0051220497116446495,0.4228685200214386,0.34632015228271484,-0.015747200697660446,0.4237932860851288,0.38229942321777344,-0.011021141894161701,0.4236585199832916,0.39624089002609253,-0.004186792764812708,0.40556424856185913,0.38558363914489746,-0.008382313884794712,0.4047973155975342,0.3522762060165405,-0.014861377887427807,0.4090881645679474,0.3761197328567505,-0.009555873461067677,0.4110966622829437,0.39152348041534424,-0.0035171895287930965
0.5013678073883057,0.3803206980228424,-0.4975700080394745,0.9998612403869629,0.5140647888183594,0.3419884145259857,-0.4679068922996521,0.9996398687362671,0.5215744972229004,0.3417421281337738,-0.4679102897644043,0.9996763467788696,0.527561366558075,0.3416324555873871,-0.46791642904281616,0.9996395707130432,0.48770344257354736,0.3428587317466736,-0.45826593041419983,0.9996627569198608,0.4787067770957947,0.34337931871414185,-0.45825183391571045,0.9997121095657349,0.47147923707962036,0.3441513180732727,-0.4586188495159149,0.9996935725212097,0.539625346660614,0.3616552948951721,-0.27277442812919617,0.9995557069778442,0.4642210602760315,0.36333999037742615,-0.2238420844078064,0.9997241497039795,0.5176180005073547,0.4210447669029236,-0.4270268380641937,0.9998488426208496,0.48353156447410583,0.42392757534980774,-0.4144395887851715,0.9998672008514404,0.6042307019233704,0.586107075214386,-0.15555624663829803,0.9994136691093445,0.40524011850357056,0.5698714852333069,-0.11908957362174988,0.9996426105499268,0.6554992198944092,0.8566763997077942,-0.14745396375656128,0.9695897698402405,0.3337244987487793,0.7595691680908203,-0.3808029890060425,0.9882150292396545,0.6321629285812378,1.122445821762085,-0.22202672064304352,0.8254750967025757,0.38589486479759216,0.5342994928359985,-0.7654736638069153,0.9580166339874268,0.6283387541770935,1.2048715353012085,-0.25036725401878357,0.7233870625495911,0.39832422137260437,0.4618270993232727,-0.853797197341919,0.8854402303695679,0.6092055439949036,1.199049949645996,-0.27808693051338196,0.7473618388175964,0.40813860297203064,0.44753211736679077,-0.8070862889289856,0.8880417346954346,0.5992919206619263,1.1676771640777588,-0.23675784468650818,0.7573197484016418,0.4107588231563568,0.4703352749347687,-0.7621190547943115,0.9003096222877502,0.5644630193710327,1.0432169437408447,-0.02425498701632023,0.4109574556350708,0.433077335357666,1.0255264043807983,0.02561243809759617,0.39097604155540466,0.5512717962265015,1.4445592164993286,-0.10803230106830597,0.005855875089764595,0.4230450987815857,1.4255295991897583,0.04904656484723091,0.004471912048757076,0.5430780649185181,1.786331295967102,0.11767491698265076,0.00107441411819309,0.4139029085636139,1.777125358581543,0.20793461799621582,0.0007387356017716229,0.5461875200271606,1.8340818881988525,0.12375184893608093,0.0012974702985957265,0.40961626172065735,1.8265610933303833,0.21474236249923706,0.001855714013800025,0.5209543108940125,1.9023351669311523,-0.17226432263851166,0.0014686413342133164,0.4259822964668274,1.8902878761291504,-0.08293367177248001,0.0019228104501962662,0.0,0.0,0.0,0.0,0.0,0.0,0.0,0.0,0.0,0.0,0.0,0.0,0.0,0.0,0.0,0.0,0.0,0.0,0.0,0.0,0.0,0.0,0.0,0.0,0.0,0.0,0.0,0.0,0.0,0.0,0.0,0.0,0.0,0.0,0.0,0.0,0.0,0.0,0.0,0.0,0.0,0.0,0.0,0.0,0.0,0.0,0.0,0.0,0.0,0.0,0.0,0.0,0.0,0.0,0.0,0.0,0.0,0.0,0.0,0.0,0.0,0.0,0.0,0.4164090156555176,0.4860718548297882,7.503936672037526e-08,0.442557156085968,0.47512319684028625,-0.009054469875991344,0.46392783522605896,0.44995957612991333,-0.014099580235779285,0.48296135663986206,0.4338255226612091,-0.019491782411932945,0.5001020431518555,0.4330947697162628,-0.024922627955675125,0.45315104722976685,0.38171136379241943,-0.002550557255744934,0.4583874046802521,0.34158554673194885,-0.00803463626652956,0.461428701877594,0.31545084714889526,-0.010965651832520962,0.46270114183425903,0.2944396734237671,-0.013221444562077522,0.4376116693019867,0.37647131085395813,-0.0032408516854047775,0.44042637944221497,0.33776625990867615,-0.011785346083343029,0.43975114822387695,0.37457790970802307,-0.011560516431927681,0.4401209354400635,0.39255133271217346,-0.008211457170546055,0.4218376576900482,0.3782925605773926,-0.005468728486448526,0.42256098985671997,0.3469240367412567,-0.016218671575188637,0.42383629083633423,0.3828662633895874,-0.011476312763988972,0.42361578345298767,0.3971319794654846,-0.004624754656106234,0.40542203187942505,0.3854251205921173,-0.00862080417573452,0.4046805202960968,0.3524613082408905,-0.015400308184325695,0.4091818332672119,0.37640973925590515,-0.010282745584845543,0.41116321086883545,0.3918243646621704,-0.004323524422943592
0.5014222860336304,0.38019704818725586,-0.5334281921386719,0.9998681545257568,0.5139322876930237,0.3420787751674652,-0.5035093426704407,0.9996550679206848,0.5214784741401672,0.34184202551841736,-0.503473699092865,0.999691367149353,0.5275688767433167,0.3417043089866638,-0.5034056901931763,0.9996529817581177,0.48774203658103943,0.3429793417453766,-0.4948609173297882,0.9996773600578308,0.47875556349754333,0.34346723556518555,-0.49483904242515564,0.9997261166572571,0.47155553102493286,0.344109445810318,-0.4952014088630676,0.9997054934501648,0.5395263433456421,0.36161816120147705,-0.2841514050960541,0.9995749592781067,0.4641975462436676,0.36322328448295593,-0.2569413483142853,0.999737560749054,0.5176546573638916,0.4211123287677765,-0.45883092284202576,0.9998563528060913,0.4835553765296936,0.4237004220485687,-0.44845762848854065,0.9998735785484314,0.6041012406349182,0.5857406854629517,-0.1645585000514984,0.9994310736656189,0.40522295236587524,0.5690134167671204,-0.14982293546199799,0.999653697013855,0.6562486290931702,0.8556591272354126,-0.16755984723567963,0.9705362319946289,0.33494001626968384,0.7595045566558838,-0.41063740849494934,0.9882975220680237,0.6326712965965271,1.1149965524673462,-0.2534986436367035,0.8300614953041077,0.3864932358264923,0.5323951244354248,-0.8020171523094177,0.9587687849998474,0.6319774985313416,1.203323245048523,-0.28315016627311707,0.7287378311157227,0.39798715710639954,0.4604204595088959,-0.8921498656272888,0.8881487846374512,0.6128583550453186,1.1978894472122192,-0.3121369481086731,0.7530191540718079,0.40767499804496765,0.44642895460128784,-0.8468404412269592,0.8908055424690247,0.6024152040481567,1.166222333908081,-0.2690964341163635,0.7626225352287292,0.41037675738334656,0.46896007657051086,-0.7991505265235901,0.9030241966247559,0.5613871812820435,1.0230239629745483,-0.020902104675769806,0.40481191873550415,0.4331049919128418,1.0253844261169434,0.02228076197206974,0.3851717710494995,0.5539636015892029,1.4461513757705688,-0.09137178957462311,0.005638930946588516,0.42331087589263916,1.4259161949157715,0.046130817383527756,0.004268326796591282,0.5483774542808533,1.7877453565597534,0.14628520607948303,0.0010629155440256,0.41761139035224915,1.7786792516708374,0.2090810239315033,0.0007283075246959925,0.5514890551567078,1.8344558477401733,0.15326377749443054,0.001276495517231524,0.4135800898075104,1.8276559114456177,0.21593914926052094,0.0018294807523488998,0.527877151966095,1.9042401313781738,-0.14699912071228027,0.0014592396328225732,0.43197503685951233,1.892513394355774,-0.08871378004550934,0.0019050234695896506,0.0,0.0,0.0,0.0,0.0,0.0,0.0,0.0,0.0,0.0,0.0,0.0,0.0,0.0,0.0,0.0,0.0,0.0,0.0,0.0,0.0,0.0,0.0,0.0,0.0,0.0,0.0,0.0,0.0,0.0,0.0,0.0,0.0,0.0,0.0,0.0,0.0,0.0,0.0,0.0,0.0,0.0,0.0,0.0,0.0,0.0,0.0,0.0,0.0,0.0,0.0,0.0,0.0,0.0,0.0,0.0,0.0,0.0,0.0,0.0,0.0,0.0,0.0,0.4167928397655487,0.48651403188705444,7.670323043384997e-08,0.44231411814689636,0.47507721185684204,-0.009149007499217987,0.4639827311038971,0.4500388503074646,-0.014030992053449154,0.48289793729782104,0.43562209606170654,-0.019270677119493484,0.5001172423362732,0.4355025887489319,-0.024516668170690536,0.45301568508148193,0.3812894821166992,-0.0018567477818578482,0.4581086039543152,0.34170517325401306,-0.007217648439109325,0.4608174264431,0.31577426195144653,-0.01039375364780426,0.4622343182563782,0.29466354846954346,-0.012802193872630596,0.43737444281578064,0.3756656348705292,-0.002423014724627137,0.44041937589645386,0.3378588557243347,-0.011066731996834278,0.4399758577346802,0.37340158224105835,-0.011429501697421074,0.44026505947113037,0.3929690420627594,-0.008427486754953861,0.42139074206352234,0.3773231506347656,-0.004560948349535465,0.4227835536003113,0.34707561135292053,-0.01527399942278862,0.4238368570804596,0.38233476877212524,-0.011269019916653633,0.4234301447868347,0.3975769281387329,-0.0048034414649009705,0.40500468015670776,0.3844358026981354,-0.007594228722155094,0.40471580624580383,0.35241544246673584,-0.013822830282151699,0.40909266471862793,0.3757152855396271,-0.008817351423203945,0.4112074077129364,0.39101970195770264,-0.0029946493450552225
0.5012548565864563,0.37926623225212097,-0.48742690682411194,0.9998725056648254,0.5135039687156677,0.3415645956993103,-0.45707032084465027,0.9996649622917175,0.5212891697883606,0.34144654870033264,-0.45703697204589844,0.9997019171714783,0.5275087356567383,0.3412952125072479,-0.45702028274536133,0.9996622800827026,0.4875064790248871,0.3420623242855072,-0.446797639131546,0.9996871948242188,0.478677362203598,0.34239885210990906,-0.4467649459838867,0.9997357726097107,0.4715276062488556,0.34294241666793823,-0.44712164998054504,0.9997129440307617,0.5393913984298706,0.3605150282382965,-0.26117146015167236,0.9995848536491394,0.46424537897109985,0.3625204563140869,-0.2105385959148407,0.9997472763061523,0.5176693797111511,0.42081108689308167,-0.4176034927368164,0.9998607635498047,0.48382431268692017,0.4223097562789917,-0.4042177200317383,0.9998775124549866,0.6041980385780334,0.5847545266151428,-0.14738869667053223,0.9994474053382874,0.4054054319858551,0.5681101679801941,-0.11751620471477509,0.9996601939201355,0.6556763052940369,0.8530099987983704,-0.14558996260166168,0.9705750346183777,0.3352639079093933,0.7600857019424438,-0.3906991183757782,0.9884474873542786,0.6342419385910034,1.1100571155548096,-0.23492339253425598,0.8346925377845764,0.38774916529655457,0.5308845043182373,-0.7890968918800354,0.958930492401123,0.6358040571212769,1.1913819313049316,-0.2657375931739807,0.7359310984611511,0.3978337049484253,0.45799899101257324,-0.8801945447921753,0.8893386721611023,0.6174198985099792,1.1855220794677734,-0.29391178488731384,0.7604959607124329,0.40755075216293335,0.4444960057735443,-0.8348827362060547,0.8919352293014526,0.6066753268241882,1.1557037830352783,-0.2507477104663849,0.7696635127067566,0.41059595346450806,0.4663753807544708,-0.7868245840072632,0.904589831829071,0.5604156255722046,1.0170809030532837,-0.02209579013288021,0.4046775996685028,0.43394315242767334,1.0238051414489746,0.023564372211694717,0.385744571685791,0.555816650390625,1.4441685676574707,-0.095542773604393,0.0055325934663414955,0.42482444643974304,1.4228003025054932,0.03775357827544212,0.004148552194237709,0.5508631467819214,1.7876180410385132,0.13789449632167816,0.0011038362281396985,0.42064663767814636,1.776934266090393,0.19401541352272034,0.0007699698908254504,0.5540683269500732,1.834025263786316,0.1444208323955536,0.0013187796575948596,0.4165706932544708,1.8258541822433472,0.2005954384803772,0.0019640238024294376,0.5302327871322632,1.9025689363479614,-0.15395237505435944,0.0015271372394636273,0.4345516562461853,1.8890002965927124,-0.1032596156001091,0.0019743863958865404,0.0,0.0,0.0,0.0,0.0,0.0,0.0,0.0,0.0,0.0,0.0,0.0,0.0,0.0,0.0,0.0,0.0,0.0,0.0,0.0,0.0,0.0,0.0,0.0,0.0,0.0,0.0,0.0,0.0,0.0,0.0,0.0,0.0,0.0,0.0,0.0,0.0,0.0,0.0,0.0,0.0,0.0,0.0,0.0,0.0,0.0,0.0,0.0,0.0,0.0,0.0,0.0,0.0,0.0,0.0,0.0,0.0,0.0,0.0,0.0,0.0,0.0,0.0,0.41712644696235657,0.488520085811615,7.187586703594206e-08,0.44141897559165955,0.4771577715873718,-0.009349347092211246,0.4635568857192993,0.45082858204841614,-0.0145487692207098,0.4829779267311096,0.4367695152759552,-0.02010875754058361,0.5003294944763184,0.43535587191581726,-0.025779416784644127,0.4530424177646637,0.3829202651977539,-0.0030442415736615658,0.45856890082359314,0.34363511204719543,-0.008584542199969292,0.4614405632019043,0.3172925114631653,-0.011963053606450558,0.46302294731140137,0.29493948817253113,-0.014658945612609386,0.43715447187423706,0.3768036663532257,-0.003688130062073469,0.4396701157093048,0.33711546659469604,-0.012726920656859875,0.43973371386528015,0.3714276850223541,-0.013662922196090221,0.43994140625,0.3909871280193329,-0.011208049952983856,0.4208674430847168,0.3787000775337219,-0.005753024481236935,0.422638475894928,0.34669384360313416,-0.01664961874485016,0.42403534054756165,0.3816177248954773,-0.012875190004706383,0.4234531819820404,0.3979867696762085,-0.006694375071674585,0.40421563386917114,0.3863376975059509,-0.00871459674090147,0.4039088189601898,0.3525487780570984,-0.015258513391017914,0.40836301445961,0.3751896917819977,-0.010547311045229435,0.41049569845199585,0.39119860529899597,-0.004975851159542799
0.5004369616508484,0.3782367408275604,-0.48888495564460754,0.9998798966407776,0.5130559802055359,0.3410203754901886,-0.45792195200920105,0.9996837973594666,0.5210167169570923,0.34101977944374084,-0.4578966200351715,0.9997185468673706,0.5274134874343872,0.34087568521499634,-0.4578360319137573,0.9996805787086487,0.4870237410068512,0.3411462903022766,-0.4483703672885895,0.9997050762176514,0.47835585474967957,0.34131094813346863,-0.4483203887939453,0.9997508525848389,0.4712827801704407,0.3416983485221863,-0.44867703318595886,0.9997285008430481,0.5391070246696472,0.3596082329750061,-0.25953930616378784,0.9996064901351929,0.46425536274909973,0.36135783791542053,-0.21163052320480347,0.9997607469558716,0.5170112252235413,0.4204294979572296,-0.41817325353622437,0.9998683929443359,0.48306190967559814,0.42080268263816833,-0.40600401163101196,0.9998836517333984,0.6039173007011414,0.5845451951026917,-0.1411590427160263,0.9994678497314453,0.40561342239379883,0.5686312913894653,-0.11345168948173523,0.9996703863143921,0.6555342078208923,0.8519222736358643,-0.14766256511211395,0.9710747599601746,0.33437711000442505,0.7616345286369324,-0.3872371017932892,0.9885548949241638,0.6359851956367493,1.1068772077560425,-0.2307656854391098,0.8395373225212097,0.3867107629776001,0.5297244787216187,-0.7909596562385559,0.9592782855033875,0.6400068402290344,1.1893539428710938,-0.26116135716438293,0.7421075701713562,0.3969820737838745,0.4572230279445648,-0.8818532228469849,0.8909712433815002,0.6219284534454346,1.1833646297454834,-0.2893316447734833,0.7667902112007141,0.40651801228523254,0.4442172348499298,-0.8376824855804443,0.8936855792999268,0.6108376383781433,1.1539417505264282,-0.24642638862133026,0.7754156589508057,0.40965086221694946,0.46593427658081055,-0.7892904877662659,0.9064574241638184,0.5609790682792664,1.0167993307113647,-0.026240957900881767,0.40249213576316833,0.43490874767303467,1.0279568433761597,0.027725348249077797,0.38390013575553894,0.5545915365219116,1.4450225830078125,-0.10772906243801117,0.00551218306645751,0.42636582255363464,1.425402283668518,0.037641651928424835,0.004092240706086159,0.5490924119949341,1.7883681058883667,0.12286845594644547,0.0011355963069945574,0.4200276732444763,1.7787253856658936,0.1911090910434723,0.0007814881973899901,0.5526783466339111,1.8355445861816406,0.12862089276313782,0.00133770820684731,0.41593530774116516,1.827431082725525,0.1971668154001236,0.0020166689064353704,0.5274569988250732,1.903782606124878,-0.17138028144836426,0.0015509809600189328,0.4314441382884979,1.8903149366378784,-0.10568685084581375,0.0019932538270950317,0.0,0.0,0.0,0.0,0.0,0.0,0.0,0.0,0.0,0.0,0.0,0.0,0.0,0.0,0.0,0.0,0.0,0.0,0.0,0.0,0.0,0.0,0.0,0.0,0.0,0.0,0.0,0.0,0.0,0.0,0.0,0.0,0.0,0.0,0.0,0.0,0.0,0.0,0.0,0.0,0.0,0.0,0.0,0.0,0.0,0.0,0.0,0.0,0.0,0.0,0.0,0.0,0.0,0.0,0.0,0.0,0.0,0.0,0.0,0.0,0.0,0.0,0.0,0.416951447725296,0.4874924123287201,7.996759876505166e-08,0.4411768913269043,0.47693100571632385,-0.009113024920225143,0.4627235233783722,0.4511477053165436,-0.014320852234959602,0.48193666338920593,0.435905396938324,-0.02001575380563736,0.4982526898384094,0.43365588784217834,-0.025749292224645615,0.45199450850486755,0.38239336013793945,-0.0023353425785899162,0.45767727494239807,0.3452867269515991,-0.007846647873520851,0.46068891882896423,0.31941869854927063,-0.010983114130795002,0.4625997543334961,0.2972167134284973,-0.013502167537808418,0.436626136302948,0.3760606050491333,-0.0031616699416190386,0.4398738443851471,0.33825036883354187,-0.011380380019545555,0.4398159086704254,0.3723986744880676,-0.011196081526577473,0.4399506449699402,0.3885389566421509,-0.00810461025685072,0.42081230878829956,0.3773271143436432,-0.005563880316913128,0.4229241907596588,0.3449721932411194,-0.015992222353816032,0.42454054951667786,0.3788421154022217,-0.011369754560291767,0.42366036772727966,0.3927200436592102,-0.004819885827600956,0.4044100344181061,0.38474297523498535,-0.00893182959407568,0.4050799608230591,0.352271169424057,-0.01532964501529932,0.4095474183559418,0.3751998245716095,-0.010137357749044895,0.41059088706970215,0.390634149312973,-0.004293262492865324
0.500602662563324,0.37822896242141724,-0.47552356123924255,0.9998847246170044,0.5133376717567444,0.34092995524406433,-0.4440273642539978,0.9996975660324097,0.5212540030479431,0.3408089578151703,-0.4440139830112457,0.9997290968894958,0.5275765657424927,0.3407142162322998,-0.44398653507232666,0.9996941089630127,0.48722535371780396,0.3410186469554901,-0.4346969723701477,0.9997175335884094,0.47848838567733765,0.3411869704723358,-0.4346666932106018,0.9997607469558716,0.4713408648967743,0.34161803126335144,-0.4350256025791168,0.999740719795227,0.5393053889274597,0.35933738946914673,-0.24694925546646118,0.9996227025985718,0.464153915643692,0.3612614572048187,-0.19998547434806824,0.9997699856758118,0.517113447189331,0.42049121856689453,-0.4054940640926361,0.9998731017112732,0.4833909869194031,0.42084065079689026,-0.39340174198150635,0.9998869895935059,0.6036072373390198,0.5841494798660278,-0.1371447890996933,0.9994803667068481,0.4053156077861786,0.5691837668418884,-0.10624407231807709,0.9996766448020935,0.6560207605361938,0.8504062294960022,-0.13643090426921844,0.9714967012405396,0.3339492678642273,0.762360692024231,-0.38068610429763794,0.988757848739624,0.6364999413490295,1.1079143285751343,-0.2226831167936325,0.8434807062149048,0.38622066378593445,0.5310407280921936,-0.7786791324615479,0.9599353671073914,0.6385694146156311,1.1920218467712402,-0.2531695067882538,0.7473192811012268,0.39667192101478577,0.4596245586872101,-0.8694494962692261,0.8928581476211548,0.6197368502616882,1.187130331993103,-0.28149399161338806,0.7720230221748352,0.4067153334617615,0.4460565745830536,-0.8242477178573608,0.8957028985023499,0.6088787913322449,1.157530665397644,-0.23851758241653442,0.7802313566207886,0.40976017713546753,0.4682448208332062,-0.776493489742279,0.9085254073143005,0.5639365315437317,1.040873646736145,-0.024286502972245216,0.40218791365623474,0.4352200925350189,1.0271899700164795,0.0257486030459404,0.38362395763397217,0.554223895072937,1.4473179578781128,-0.11255566775798798,0.005323325749486685,0.4264433979988098,1.4291480779647827,0.026190105825662613,0.003962703049182892,0.5481407642364502,1.7906980514526367,0.10928545147180557,0.0010879460023716092,0.41898781061172485,1.782732605934143,0.16550667583942413,0.0007510419236496091,0.5518512725830078,1.8390750885009766,0.11426342278718948,0.0012705960543826222,0.4147648811340332,1.8312751054763794,0.17009925842285156,0.0019403676269575953,0.526037335395813,1.9080129861831665,-0.18445272743701935,0.0014852725435048342,0.4305416941642761,1.8951843976974487,-0.1322115808725357,0.0019279116531834006,0.0,0.0,0.0,0.0,0.0,0.0,0.0,0.0,0.0,0.0,0.0,0.0,0.0,0.0,0.0,0.0,0.0,0.0,0.0,0.0,0.0,0.0,0.0,0.0,0.0,0.0,0.0,0.0,0.0,0.0,0.0,0.0,0.0,0.0,0.0,0.0,0.0,0.0,0.0,0.0,0.0,0.0,0.0,0.0,0.0,0.0,0.0,0.0,0.0,0.0,0.0,0.0,0.0,0.0,0.0,0.0,0.0,0.0,0.0,0.0,0.0,0.0,0.0,0.41642534732818604,0.4884836673736572,8.866049938660581e-08,0.4398662745952606,0.47838106751441956,-0.009282012470066547,0.46242135763168335,0.4519003629684448,-0.014830737374722958,0.48172610998153687,0.4371909499168396,-0.020830851048231125,0.4986799955368042,0.434533953666687,-0.026967329904437065,0.45156005024909973,0.3836193382740021,-0.003992290236055851,0.4581080675125122,0.3451622426509857,-0.009709861129522324,0.4618079662322998,0.3195994198322296,-0.01325308158993721,0.4640650153160095,0.29728442430496216,-0.01609952002763748,0.4359304904937744,0.3770299553871155,-0.004826047457754612,0.4393838047981262,0.3373614549636841,-0.01432429812848568,0.4405210316181183,0.3702320456504822,-0.01585443504154682,0.44018036127090454,0.3901958465576172,-0.01391514576971531,0.4198956787586212,0.3784501850605011,-0.006924757733941078,0.4223184287548065,0.34618905186653137,-0.017799893394112587,0.4247067868709564,0.37940502166748047,-0.01463046483695507,0.4235084056854248,0.3976905345916748,-0.00893313903361559,0.4031097888946533,0.38512229919433594,-0.0099108861759305,0.4032323360443115,0.35190534591674805,-0.01672966405749321,0.408790647983551,0.3718589246273041,-0.012865410186350346,0.410892128944397,0.3880820870399475,-0.007853522896766663
0.500721275806427,0.37814316153526306,-0.49027004837989807,0.9998897910118103,0.5134288668632507,0.34081512689590454,-0.4573306739330292,0.9997137188911438,0.5213572382926941,0.3405977487564087,-0.45730334520339966,0.9997406601905823,0.5276395082473755,0.3406328558921814,-0.4572654962539673,0.999710202217102,0.48735734820365906,0.3408416509628296,-0.4488142430782318,0.9997314810752869,0.4785938858985901,0.34099674224853516,-0.44877272844314575,0.9997716546058655,0.47137224674224854,0.3414801061153412,-0.4491253197193146,0.9997545480728149,0.5396400690078735,0.3595646917819977,-0.2519725263118744,0.9996426701545715,0.4640876054763794,0.3613605499267578,-0.21169915795326233,0.9997803568840027,0.5172895789146423,0.42048779129981995,-0.4183647930622101,0.9998793601989746,0.48362600803375244,0.4208015203475952,-0.40743744373321533,0.9998915195465088,0.6038424968719482,0.5853577256202698,-0.13692225515842438,0.9994962215423584,0.40540462732315063,0.5704455971717834,-0.1207912489771843,0.999685525894165,0.6569299101829529,0.8521450757980347,-0.1309625208377838,0.9721951484680176,0.3338110148906708,0.7631040811538696,-0.4010791778564453,0.988634467124939,0.6366440653800964,1.1095905303955078,-0.2157653272151947,0.8470097184181213,0.3862433433532715,0.5304691195487976,-0.8037963509559631,0.9597971439361572,0.6369267106056213,1.1945232152938843,-0.24463896453380585,0.7518782019615173,0.3965419828891754,0.46007585525512695,-0.8959702253341675,0.8936397433280945,0.6185173392295837,1.1895297765731812,-0.27406004071235657,0.7764005661010742,0.40689024329185486,0.4469776749610901,-0.8518300652503967,0.8967493176460266,0.6079140305519104,1.159773588180542,-0.2318236529827118,0.7844586968421936,0.4100532531738281,0.4694034457206726,-0.8018880486488342,0.9098175168037415,0.5656960606575012,1.0489312410354614,-0.018959535285830498,0.4030704200267792,0.4354954659938812,1.029085397720337,0.02039000764489174,0.3845696747303009,0.5541697144508362,1.4502012729644775,-0.08983130007982254,0.005169380456209183,0.42540469765663147,1.4318679571151733,0.022851059213280678,0.0038766791112720966,0.5465631484985352,1.7919206619262695,0.1435776650905609,0.001075650448910892,0.41736727952957153,1.7845537662506104,0.1722923368215561,0.000731071166228503,0.5496426224708557,1.8403074741363525,0.14957115054130554,0.0012460146099328995,0.413175493478775,1.8324592113494873,0.17775894701480865,0.0018581352196633816,0.5252042412757874,1.9093307256698608,-0.14968252182006836,0.0014743617502972484,0.4300755560398102,1.8981661796569824,-0.1284298449754715,0.0018968674121424556,0.0,0.0,0.0,0.0,0.0,0.0,0.0,0.0,0.0,0.0,0.0,0.0,0.0,0.0,0.0,0.0,0.0,0.0,0.0,0.0,0.0,0.0,0.0,0.0,0.0,0.0,0.0,0.0,0.0,0.0,0.0,0.0,0.0,0.0,0.0,0.0,0.0,0.0,0.0,0.0,0.0,0.0,0.0,0.0,0.0,0.0,0.0,0.0,0.0,0.0,0.0,0.0,0.0,0.0,0.0,0.0,0.0,0.0,0.0,0.0,0.0,0.0,0.0,0.415847510099411,0.4866952896118164,8.584656541188451e-08,0.43926915526390076,0.4777854084968567,-0.008788945153355598,0.46110963821411133,0.45309025049209595,-0.014207945205271244,0.47881874442100525,0.4380199909210205,-0.020091136917471886,0.49505844712257385,0.4370085597038269,-0.026086172088980675,0.4513542950153351,0.38249051570892334,-0.003403355600312352,0.4573169946670532,0.34382474422454834,-0.009439555928111076,0.4608156979084015,0.3188328146934509,-0.013225208036601543,0.4627348780632019,0.2973363697528839,-0.016157634556293488,0.4359279274940491,0.37583816051483154,-0.0044114720076322556,0.43988683819770813,0.3371555805206299,-0.014138602651655674,0.4408388137817383,0.37141188979148865,-0.01567709632217884,0.44052574038505554,0.39152729511260986,-0.013661625795066357,0.41998839378356934,0.37708351016044617,-0.006697304546833038,0.4225221276283264,0.34574759006500244,-0.017878536134958267,0.4247637391090393,0.37957727909088135,-0.014562518335878849,0.4235731065273285,0.39757969975471497,-0.008671842515468597,0.4031398296356201,0.3838125467300415,-0.009793940931558609,0.40325307846069336,0.35196349024772644,-0.016826238483190536,0.4087463915348053,0.3731660842895508,-0.012820747680962086,0.4108928143978119,0.38915207982063293,-0.007653017994016409
0.5008911490440369,0.37806954979896545,-0.48838961124420166,0.9998934268951416,0.5137229561805725,0.3407512307167053,-0.4548851549625397,0.9997251033782959,0.5216208696365356,0.34047961235046387,-0.4548758864402771,0.9997473955154419,0.5278183817863464,0.3405539095401764,-0.4548095166683197,0.9997207522392273,0.48755723237991333,0.34074658155441284,-0.44784510135650635,0.9997416734695435,0.4787021577358246,0.3410254716873169,-0.44782570004463196,0.9997795820236206,0.4713784158229828,0.34163933992385864,-0.4481915831565857,0.9997658133506775,0.5398055911064148,0.3596790134906769,-0.24941818416118622,0.9996543526649475,0.4639226496219635,0.36172521114349365,-0.21316227316856384,0.9997876286506653,0.5175049304962158,0.4205128848552704,-0.41551196575164795,0.9998832941055298,0.4838106036186218,0.420981764793396,-0.4065432548522949,0.9998947978019714,0.6038329005241394,0.5851354598999023,-0.1346883475780487,0.9994980692863464,0.40567919611930847,0.5694083571434021,-0.12080622464418411,0.9996911287307739,0.6569558382034302,0.8508601188659668,-0.13494625687599182,0.9722698330879211,0.3337382376194,0.7637748122215271,-0.4013359844684601,0.9885240793228149,0.6377262473106384,1.1089531183242798,-0.2242622971534729,0.8489885330200195,0.38580015301704407,0.5315489172935486,-0.7987521290779114,0.9598674774169922,0.6386690139770508,1.1934762001037598,-0.2546069622039795,0.7546277046203613,0.39627325534820557,0.460269570350647,-0.8899433612823486,0.8944689631462097,0.6201241612434387,1.188610315322876,-0.2829873263835907,0.779055118560791,0.40709152817726135,0.44765937328338623,-0.8464232683181763,0.8977816104888916,0.609212338924408,1.1589854955673218,-0.24018222093582153,0.7869578003883362,0.4103560447692871,0.4702543318271637,-0.7968233227729797,0.9109876155853271,0.5666788220405579,1.0485175848007202,-0.02035399340093136,0.39981767535209656,0.43563875555992126,1.0261633396148682,0.021777303889393806,0.3812156915664673,0.5542190074920654,1.450779914855957,-0.08902979642152786,0.00492820143699646,0.4255693554878235,1.4327449798583984,0.032388944178819656,0.0037094647996127605,0.5466535091400146,1.7931360006332397,0.14715905487537384,0.001007263083010912,0.41760489344596863,1.7857791185379028,0.19044502079486847,0.0006808227044530213,0.5496954321861267,1.8413647413253784,0.15351539850234985,0.0011589876376092434,0.41331204771995544,1.8340176343917847,0.19690823554992676,0.0017025881679728627,0.5257796049118042,1.9104485511779785,-0.14395907521247864,0.001387509168125689,0.4304516613483429,1.89885413646698,-0.108080193400383,0.0018052267841994762,0.0,0.0,0.0,0.0,0.0,0.0,0.0,0.0,0.0,0.0,0.0,0.0,0.0,0.0,0.0,0.0,0.0,0.0,0.0,0.0,0.0,0.0,0.0,0.0,0.0,0.0,0.0,0.0,0.0,0.0,0.0,0.0,0.0,0.0,0.0,0.0,0.0,0.0,0.0,0.0,0.0,0.0,0.0,0.0,0.0,0.0,0.0,0.0,0.0,0.0,0.0,0.0,0.0,0.0,0.0,0.0,0.0,0.0,0.0,0.0,0.0,0.0,0.0,0.4139660894870758,0.4884655773639679,8.013515184757125e-08,0.43844273686408997,0.47863125801086426,-0.008127842098474503,0.4610278904438019,0.45129072666168213,-0.012801621109247208,0.47961387038230896,0.4349086582660675,-0.017977241426706314,0.496360719203949,0.4327678382396698,-0.023226480931043625,0.4503820836544037,0.3846006393432617,-0.002759024500846863,0.45659831166267395,0.34521061182022095,-0.008239315822720528,0.46050798892974854,0.32023653388023376,-0.011479155160486698,0.46262842416763306,0.29940155148506165,-0.014038359746336937,0.4354603588581085,0.3784092664718628,-0.003877946874126792,0.4394824206829071,0.33874988555908203,-0.013078813441097736,0.44054561853408813,0.372582346200943,-0.014393268153071404,0.4402402639389038,0.3923415541648865,-0.012277687899768353,0.4198957681655884,0.3794138431549072,-0.006202391814440489,0.42189332842826843,0.34745684266090393,-0.017026003450155258,0.4242849349975586,0.38079363107681274,-0.013568324036896229,0.4231945276260376,0.39769819378852844,-0.007702711038291454,0.4033527374267578,0.38476431369781494,-0.009299064986407757,0.4040702283382416,0.35317349433898926,-0.016223523765802383,0.40944376587867737,0.3744748830795288,-0.012157551012933254,0.4110414385795593,0.3897624909877777,-0.007014087401330471
0.500934898853302,0.3781023621559143,-0.46489259600639343,0.9998958706855774,0.5139389038085938,0.34073299169540405,-0.4315693974494934,0.999730110168457,0.5218595862388611,0.3404899537563324,-0.4315662086009979,0.9997532367706299,0.5280418992042542,0.3407181203365326,-0.43153703212738037,0.9997261762619019,0.4877604842185974,0.3407703638076782,-0.4228295385837555,0.999746561050415,0.4788953959941864,0.34116336703300476,-0.422785222530365,0.9997843503952026,0.4715133607387543,0.3418733477592468,-0.4231528341770172,0.9997677803039551,0.5400846600532532,0.35991543531417847,-0.23062321543693542,0.9996577501296997,0.4641011953353882,0.36194083094596863,-0.18687863647937775,0.9997933506965637,0.5176560878753662,0.42070120573043823,-0.39457574486732483,0.999886691570282,0.48381462693214417,0.4211578369140625,-0.3831450641155243,0.9998981356620789,0.6039008498191833,0.5851249098777771,-0.12475268542766571,0.9995150566101074,0.40673959255218506,0.5714510083198547,-0.10133358091115952,0.9996963739395142,0.6568087935447693,0.85252845287323,-0.1187431812286377,0.9731224179267883,0.33309945464134216,0.763912558555603,-0.3822598457336426,0.988852858543396,0.6381548047065735,1.1126115322113037,-0.2063278704881668,0.8551676869392395,0.3842869997024536,0.530848503112793,-0.7811950445175171,0.9602052569389343,0.6386502981185913,1.1995033025741577,-0.23780791461467743,0.7615213394165039,0.3956586420536041,0.46104803681373596,-0.874146044254303,0.8950257897377014,0.619766891002655,1.1948806047439575,-0.2673773467540741,0.7852710485458374,0.40621325373649597,0.4481828212738037,-0.8295430541038513,0.8981258869171143,0.6090232729911804,1.1645296812057495,-0.2227591723203659,0.7931198477745056,0.4094523787498474,0.47042715549468994,-0.7791507840156555,0.9118187427520752,0.5674636363983154,1.0503686666488647,-0.01970221847295761,0.41007956862449646,0.4356117844581604,1.0285930633544922,0.02115294151008129,0.3913266360759735,0.5545732975006104,1.4532431364059448,-0.09151307493448257,0.004912923090159893,0.42499426007270813,1.4365285634994507,0.05703034624457359,0.0036761558149009943,0.5469138622283936,1.7952748537063599,0.13922423124313354,0.0010075144236907363,0.41635504364967346,1.78981351852417,0.23478718101978302,0.0006862623267807066,0.5500422716140747,1.8434256315231323,0.14498615264892578,0.0011580884456634521,0.4115585684776306,1.8378111124038696,0.24350415170192719,0.0017201339360326529,0.5256607532501221,1.9145616292953491,-0.15635927021503448,0.001383229624480009,0.431522399187088,1.90465247631073,-0.06251826137304306,0.0018173609860241413,0.0,0.0,0.0,0.0,0.0,0.0,0.0,0.0,0.0,0.0,0.0,0.0,0.0,0.0,0.0,0.0,0.0,0.0,0.0,0.0,0.0,0.0,0.0,0.0,0.0,0.0,0.0,0.0,0.0,0.0,0.0,0.0,0.0,0.0,0.0,0.0,0.0,0.0,0.0,0.0,0.0,0.0,0.0,0.0,0.0,0.0,0.0,0.0,0.0,0.0,0.0,0.0,0.0,0.0,0.0,0.0,0.0,0.0,0.0,0.0,0.0,0.0,0.0,0.4134848117828369,0.4884474575519562,7.984322536458421e-08,0.4368569254875183,0.47927960753440857,-0.007448340300470591,0.4587881565093994,0.45187658071517944,-0.01210977416485548,0.47667765617370605,0.4352281093597412,-0.01744930073618889,0.49315154552459717,0.43436187505722046,-0.022969551384449005,0.44829457998275757,0.38581177592277527,-0.0030487924814224243,0.45531484484672546,0.3469025194644928,-0.008522562682628632,0.4600026607513428,0.3220771551132202,-0.011580233462154865,0.46266600489616394,0.3009432554244995,-0.014022470451891422,0.43392613530158997,0.3797723352909088,-0.004710836801677942,0.43887779116630554,0.3381688594818115,-0.014207723550498486,0.4405326247215271,0.372516930103302,-0.015535660088062286,0.4397321045398712,0.39314040541648865,-0.0132412388920784,0.4188711941242218,0.38141509890556335,-0.007407758384943008,0.4213152527809143,0.3486562669277191,-0.0184329804033041,0.4242415726184845,0.38167476654052734,-0.015219992958009243,0.42248353362083435,0.3987726867198944,-0.009363475255668163,0.4025576412677765,0.38752925395965576,-0.01075106393545866,0.40318888425827026,0.35436052083969116,-0.017767850309610367,0.40915539860725403,0.37459346652030945,-0.013883200474083424,0.41062837839126587,0.39009711146354675,-0.008838850073516369
0.5013450980186462,0.3784116804599762,-0.4360976219177246,0.9998961687088013,0.5144473910331726,0.34095025062561035,-0.4049406051635742,0.9997317790985107,0.5221005082130432,0.3406198024749756,-0.40492603182792664,0.9997522830963135,0.5282683372497559,0.3410547971725464,-0.40491408109664917,0.9997289180755615,0.4884718358516693,0.34129929542541504,-0.3947983384132385,0.9997473955154419,0.47945836186408997,0.34182673692703247,-0.3947610557079315,0.9997838139533997,0.47211599349975586,0.34251540899276733,-0.3951222002506256,0.9997709393501282,0.5399669408798218,0.3603583872318268,-0.21497763693332672,0.9996563196182251,0.46446120738983154,0.3619438707828522,-0.16615477204322815,0.9997887015342712,0.5176059603691101,0.42073291540145874,-0.3702002465724945,0.9998846650123596,0.48398637771606445,0.4215121269226074,-0.35692641139030457,0.9998953938484192,0.6039139032363892,0.5864482522010803,-0.11827860027551651,0.9995143413543701,0.407627671957016,0.5709129571914673,-0.08337529748678207,0.9996959567070007,0.6566173434257507,0.8545969128608704,-0.11444161832332611,0.9733942747116089,0.3329666256904602,0.762823760509491,-0.3537715673446655,0.9887204170227051,0.6386319398880005,1.1162267923355103,-0.19169217348098755,0.8570117354393005,0.38464879989624023,0.5277792811393738,-0.7318365573883057,0.9598608016967773,0.6412678956985474,1.200376272201538,-0.22050078213214874,0.7629629373550415,0.39569157361984253,0.45701462030410767,-0.8203176259994507,0.8945996761322021,0.6217734813690186,1.1972897052764893,-0.24964769184589386,0.786413311958313,0.4061504304409027,0.44532081484794617,-0.7718237638473511,0.8977875709533691,0.6105573177337646,1.167248010635376,-0.20772875845432281,0.7941465973854065,0.4092285931110382,0.46731364727020264,-0.7280982136726379,0.9115631580352783,0.5673138499259949,1.0500537157058716,-0.0208241306245327,0.40856462717056274,0.4348488450050354,1.0248475074768066,0.02226213365793228,0.3892674744129181,0.5518351793289185,1.4522978067398071,-0.12300168722867966,0.004791645798832178,0.4237302839756012,1.4337440729141235,0.03544260933995247,0.003593545174226165,0.5419660210609436,1.7967451810836792,0.08108951151371002,0.0009592976421117783,0.41107580065727234,1.7893799543380737,0.173696830868721,0.0006496220012195408,0.5449966192245483,1.8458114862442017,0.08490682393312454,0.001101906062103808,0.40565192699432373,1.8384631872177124,0.178570955991745,0.0016135970363393426,0.5188656449317932,1.9158958196640015,-0.21134591102600098,0.001341466442681849,0.42417746782302856,1.9027786254882812,-0.11915610730648041,0.0017650405643507838,0.0,0.0,0.0,0.0,0.0,0.0,0.0,0.0,0.0,0.0,0.0,0.0,0.0,0.0,0.0,0.0,0.0,0.0,0.0,0.0,0.0,0.0,0.0,0.0,0.0,0.0,0.0,0.0,0.0,0.0,0.0,0.0,0.0,0.0,0.0,0.0,0.0,0.0,0.0,0.0,0.0,0.0,0.0,0.0,0.0,0.0,0.0,0.0,0.0,0.0,0.0,0.0,0.0,0.0,0.0,0.0,0.0,0.0,0.0,0.0,0.0,0.0,0.0,0.4112437665462494,0.4873962998390198,7.10443046614273e-08,0.4343363642692566,0.47791242599487305,-0.006890397053211927,0.4562903642654419,0.45024460554122925,-0.011473298072814941,0.4741450548171997,0.4346763789653778,-0.016888149082660675,0.49030598998069763,0.43319466710090637,-0.022471092641353607,0.4468018710613251,0.3850233852863312,-0.0023125798907130957,0.45350074768066406,0.3467938303947449,-0.007774589583277702,0.45864778757095337,0.32273370027542114,-0.010850108228623867,0.46171990036964417,0.30232492089271545,-0.013337633572518826,0.43306243419647217,0.37932875752449036,-0.004182945936918259,0.43857401609420776,0.33997997641563416,-0.013535399921238422,0.4403515160083771,0.3745340406894684,-0.01482948288321495,0.4393218159675598,0.3946891129016876,-0.012769162654876709,0.41840609908103943,0.3807644844055176,-0.007094895001500845,0.42205724120140076,0.3490956723690033,-0.017831522971391678,0.4249444305896759,0.3835793733596802,-0.014020467177033424,0.4231336712837219,0.40127962827682495,-0.008030030876398087,0.4021652936935425,0.3864407539367676,-0.010683504864573479,0.40425294637680054,0.35630616545677185,-0.01759497821331024,0.4103359282016754,0.37797391414642334,-0.013552237302064896,0.4117467999458313,0.3929850459098816,-0.008549303747713566
0.5009652972221375,0.3788037896156311,-0.42686155438423157,0.999893307685852,0.5142485499382019,0.34123972058296204,-0.3959476053714752,0.9997233748435974,0.5219578146934509,0.34089499711990356,-0.39592355489730835,0.9997433423995972,0.528227686882019,0.341648668050766,-0.3959067165851593,0.9997212290763855,0.48822876811027527,0.3418349325656891,-0.38575759530067444,0.9997392296791077,0.4792318046092987,0.34236565232276917,-0.3857269585132599,0.9997767210006714,0.4719468951225281,0.3429187536239624,-0.38609838485717773,0.9997664093971252,0.5399214029312134,0.36094510555267334,-0.20991389453411102,0.9996404051780701,0.46454715728759766,0.3618672788143158,-0.16078771650791168,0.9997785091400146,0.5171701312065125,0.4207926094532013,-0.3622862994670868,0.999879002571106,0.4836124777793884,0.42163166403770447,-0.3490349352359772,0.9998899102210999,0.603926420211792,0.5868339538574219,-0.1158761978149414,0.9995040893554688,0.40712353587150574,0.5701255798339844,-0.08330230414867401,0.9996932148933411,0.656157374382019,0.8566901683807373,-0.11888012290000916,0.9730761051177979,0.3330521285533905,0.7636995315551758,-0.3514789342880249,0.9888420701026917,0.6378209590911865,1.1203255653381348,-0.20407287776470184,0.8563947081565857,0.3830775022506714,0.5225879549980164,-0.718226432800293,0.9593980312347412,0.6410046815872192,1.2091035842895508,-0.23280204832553864,0.7628452181816101,0.394785076379776,0.4573546350002289,-0.8050810098648071,0.8931524157524109,0.6214185953140259,1.206689715385437,-0.2620318531990051,0.7862682342529297,0.40527868270874023,0.44605377316474915,-0.7559806704521179,0.8963562250137329,0.6099644899368286,1.1764732599258423,-0.22039249539375305,0.7939946055412292,0.4082050621509552,0.4676000773906708,-0.713959276676178,0.910378098487854,0.567223846912384,1.050230860710144,-0.019922496750950813,0.4042735695838928,0.4338759183883667,1.0250849723815918,0.021303873509168625,0.3856132924556732,0.5487005710601807,1.4533276557922363,-0.11507315933704376,0.0048084985464811325,0.42092472314834595,1.4336121082305908,0.017220646142959595,0.003580463817343116,0.5370224118232727,1.7986268997192383,0.09202083200216293,0.0009722226532176137,0.40610021352767944,1.7900587320327759,0.1441383957862854,0.0006659518112428486,0.5401584506034851,1.8479721546173096,0.09643232822418213,0.0011229878291487694,0.40032434463500977,1.8395559787750244,0.14777593314647675,0.0016885295044630766,0.5129681825637817,1.9182060956954956,-0.1959313005208969,0.0013564416440203786,0.41854143142700195,1.9038110971450806,-0.1498386114835739,0.0018279938958585262,0.0,0.0,0.0,0.0,0.0,0.0,0.0,0.0,0.0,0.0,0.0,0.0,0.0,0.0,0.0,0.0,0.0,0.0,0.0,0.0,0.0,0.0,0.0,0.0,0.0,0.0,0.0,0.0,0.0,0.0,0.0,0.0,0.0,0.0,0.0,0.0,0.0,0.0,0.0,0.0,0.0,0.0,0.0,0.0,0.0,0.0,0.0,0.0,0.0,0.0,0.0,0.0,0.0,0.0,0.0,0.0,0.0,0.0,0.0,0.0,0.0,0.0,0.0,0.41007453203201294,0.48613837361335754,9.526169719720201e-08,0.43140432238578796,0.47790229320526123,-0.008486670441925526,0.4538435637950897,0.4517906904220581,-0.013754360377788544,0.47229182720184326,0.43746843934059143,-0.01941508613526821,0.48864710330963135,0.4357316493988037,-0.025064583867788315,0.44587060809135437,0.3865084648132324,-0.0033148692455142736,0.45380884408950806,0.3505614697933197,-0.008755220100283623,0.4591895341873169,0.3270328938961029,-0.012010966427624226,0.46218156814575195,0.3053434193134308,-0.01474358793348074,0.43194687366485596,0.3793230354785919,-0.004273409489542246,0.438263475894928,0.344118595123291,-0.012800518423318863,0.4401669204235077,0.37797465920448303,-0.01370666828006506,0.4386148452758789,0.39474377036094666,-0.011786912567913532,0.4170631468296051,0.37972715497016907,-0.006467123981565237,0.42220884561538696,0.35196879506111145,-0.016943389549851418,0.4251823127269745,0.3860020339488983,-0.013139333575963974,0.4228549301624298,0.40150800347328186,-0.007386418990790844,0.40060150623321533,0.3845706582069397,-0.009445920586585999,0.4042188227176666,0.35736313462257385,-0.016377681866288185,0.4100336730480194,0.3793116509914398,-0.012241482734680176,0.4104894995689392,0.3935562074184418,-0.007234261371195316
0.4993983805179596,0.37934932112693787,-0.43057823181152344,0.9998874664306641,0.5127886533737183,0.34170377254486084,-0.39913445711135864,0.9997093081474304,0.5208895802497864,0.34131109714508057,-0.3991120755672455,0.9997307658195496,0.5275059938430786,0.3422718346118927,-0.39909058809280396,0.9997082948684692,0.48654264211654663,0.3425808548927307,-0.38854408264160156,0.9997249841690063,0.4778854548931122,0.3430672883987427,-0.38849523663520813,0.9997640252113342,0.47083187103271484,0.3435342013835907,-0.3888656795024872,0.9997557401657104,0.5394800305366516,0.3618604838848114,-0.20851711928844452,0.9996181726455688,0.4644639194011688,0.36213862895965576,-0.16041234135627747,0.9997636079788208,0.5160577297210693,0.4208797216415405,-0.3654783070087433,0.9998733401298523,0.48245611786842346,0.4217081367969513,-0.3519829213619232,0.9998841881752014,0.604369580745697,0.5883498787879944,-0.11684191226959229,0.999502956867218,0.40645092725753784,0.572201669216156,-0.07971101254224777,0.999691903591156,0.6554915904998779,0.863359808921814,-0.13497266173362732,0.972697913646698,0.33319559693336487,0.764680802822113,-0.3567671775817871,0.9891047477722168,0.6370589137077332,1.1330647468566895,-0.21873065829277039,0.8542129993438721,0.3806167244911194,0.5252204537391663,-0.7343333959579468,0.9586711525917053,0.637249767780304,1.2189656496047974,-0.24838751554489136,0.7607936859130859,0.3911499083042145,0.4586215317249298,-0.8228021264076233,0.8906963467597961,0.6173297166824341,1.2165971994400024,-0.27612921595573425,0.784374475479126,0.4013653099536896,0.44637060165405273,-0.7748904824256897,0.8937730193138123,0.6065568327903748,1.1862226724624634,-0.2343958169221878,0.7919222116470337,0.4048469662666321,0.46767494082450867,-0.7310876846313477,0.908088743686676,0.566632091999054,1.0524312257766724,-0.021039413288235664,0.4095126986503601,0.4346584975719452,1.0250964164733887,0.02242341823875904,0.3932638466358185,0.5517287850379944,1.453543782234192,-0.10874533653259277,0.0049309865571558475,0.42497938871383667,1.4341000318527222,-0.0018459311686456203,0.0037068487145006657,0.5430364012718201,1.8011326789855957,0.10589990764856339,0.000980927492491901,0.4126192629337311,1.7910603284835815,0.12381412088871002,0.0007086760015226901,0.5464504361152649,1.8500550985336304,0.11071514338254929,0.0011269301176071167,0.40711429715156555,1.8398851156234741,0.1272713989019394,0.0018235128372907639,0.5195314884185791,1.9191616773605347,-0.18342168629169464,0.0013672075001522899,0.4245513677597046,1.9043384790420532,-0.1731766164302826,0.0018809406319633126,0.0,0.0,0.0,0.0,0.0,0.0,0.0,0.0,0.0,0.0,0.0,0.0,0.0,0.0,0.0,0.0,0.0,0.0,0.0,0.0,0.0,0.0,0.0,0.0,0.0,0.0,0.0,0.0,0.0,0.0,0.0,0.0,0.0,0.0,0.0,0.0,0.0,0.0,0.0,0.0,0.0,0.0,0.0,0.0,0.0,0.0,0.0,0.0,0.0,0.0,0.0,0.0,0.0,0.0,0.0,0.0,0.0,0.0,0.0,0.0,0.0,0.0,0.0,0.4073856472969055,0.4879773259162903,5.450923978855826e-08,0.4289104640483856,0.4788946509361267,-0.0059474376030266285,0.45127934217453003,0.4514806866645813,-0.009695304557681084,0.46816861629486084,0.43581587076187134,-0.014416023157536983,0.4830406904220581,0.4334256052970886,-0.019485555589199066,0.44334834814071655,0.39078933000564575,-0.0022562576923519373,0.4525723159313202,0.3553086221218109,-0.007460861932486296,0.45877841114997864,0.3333481252193451,-0.010915999300777912,0.46230417490005493,0.3116541802883148,-0.013882211409509182,0.4303506016731262,0.3836962580680847,-0.004595914855599403,0.43895307183265686,0.34508296847343445,-0.014234810136258602,0.4428332448005676,0.3769819140434265,-0.017175158485770226,0.4409148395061493,0.39759567379951477,-0.016432687640190125,0.4162038564682007,0.3841281831264496,-0.007659154944121838,0.4227023124694824,0.35074135661125183,-0.018142342567443848,0.4271363914012909,0.38360628485679626,-0.015944266691803932,0.42449772357940674,0.4032115042209625,-0.01117941364645958,0.40037640929222107,0.3894454836845398,-0.01124910730868578,0.4033198654651642,0.356625497341156,-0.01820572279393673,0.4106476902961731,0.37530508637428284,-0.015111894346773624,0.4120583236217499,0.3921034038066864,-0.010851115919649601
0.49873086810112,0.3787681460380554,-0.4349379241466522,0.9998869299888611,0.5123304724693298,0.34157222509384155,-0.40367403626441956,0.9997066855430603,0.5204861164093018,0.34130924940109253,-0.4036463797092438,0.9997285008430481,0.5271148085594177,0.3422531187534332,-0.4036112129688263,0.9997060894966125,0.4858318269252777,0.3421632945537567,-0.393603652715683,0.9997221827507019,0.477258563041687,0.342646986246109,-0.39355507493019104,0.9997615218162537,0.47026222944259644,0.34314990043640137,-0.3939281404018402,0.999754786491394,0.5389986634254456,0.3616052269935608,-0.21437643468379974,0.9996141791343689,0.4642634093761444,0.3619527816772461,-0.16677775979042053,0.9997597336769104,0.5155786275863647,0.42075955867767334,-0.36989736557006836,0.9998727440834045,0.4817182421684265,0.42054134607315063,-0.35680800676345825,0.9998835921287537,0.6040137410163879,0.5861459374427795,-0.11750458180904388,0.999511182308197,0.4063178300857544,0.5731120109558105,-0.08597547560930252,0.9996971487998962,0.6557348370552063,0.8552871346473694,-0.1293935328722,0.9729881882667542,0.3323281407356262,0.7637055516242981,-0.3594520688056946,0.989305853843689,0.6371812224388123,1.1189146041870117,-0.21945041418075562,0.8558202385902405,0.37857723236083984,0.522520899772644,-0.7386229038238525,0.9580810070037842,0.6386534571647644,1.2070516347885132,-0.24990977346897125,0.7630748748779297,0.39046791195869446,0.455331414937973,-0.8277463316917419,0.8894405364990234,0.6192741394042969,1.2033486366271973,-0.27941226959228516,0.7865628600120544,0.39979317784309387,0.44307592511177063,-0.7806320786476135,0.8923109173774719,0.6081634163856506,1.1732590198516846,-0.2359875738620758,0.7945116758346558,0.4031313955783844,0.46215078234672546,-0.7355917096138,0.907412052154541,0.5665921568870544,1.0496835708618164,-0.02020185999572277,0.40936437249183655,0.4343527555465698,1.026593565940857,0.02159768156707287,0.39456337690353394,0.5541836023330688,1.4527695178985596,-0.09889963269233704,0.004743022378534079,0.42485103011131287,1.4352210760116577,0.01594514027237892,0.0035819225013256073,0.5465154051780701,1.8013931512832642,0.12019626051187515,0.000958510092459619,0.4129233658313751,1.791438341140747,0.15017563104629517,0.0007025173981674016,0.5503567457199097,1.8491735458374023,0.12538565695285797,0.0011114414082840085,0.4073265790939331,1.8398754596710205,0.15457576513290405,0.0018441396532580256,0.5232130885124207,1.9188610315322876,-0.16894644498825073,0.0013168746372684836,0.42601123452186584,1.9059110879898071,-0.14587242901325226,0.0018324893899261951,0.0,0.0,0.0,0.0,0.0,0.0,0.0,0.0,0.0,0.0,0.0,0.0,0.0,0.0,0.0,0.0,0.0,0.0,0.0,0.0,0.0,0.0,0.0,0.0,0.0,0.0,0.0,0.0,0.0,0.0,0.0,0.0,0.0,0.0,0.0,0.0,0.0,0.0,0.0,0.0,0.0,0.0,0.0,0.0,0.0,0.0,0.0,0.0,0.0,0.0,0.0,0.0,0.0,0.0,0.0,0.0,0.0,0.0,0.0,0.0,0.0,0.0,0.0,0.40439969301223755,0.4881085157394409,4.115938168069988e-08,0.4261728525161743,0.47894662618637085,-0.005640351213514805,0.44792911410331726,0.45170700550079346,-0.009168650954961777,0.4638383984565735,0.43478110432624817,-0.013729594647884369,0.47858351469039917,0.4326289892196655,-0.01854832097887993,0.44079527258872986,0.39073634147644043,-0.0011125890305265784,0.450588583946228,0.35809239745140076,-0.006351693067699671,0.45791783928871155,0.33929499983787537,-0.009815290570259094,0.4632386565208435,0.321166455745697,-0.012659557163715363,0.4288773238658905,0.3840070962905884,-0.003545773448422551,0.4388290345668793,0.3488379716873169,-0.013416719622910023,0.44198209047317505,0.3793080449104309,-0.01648823916912079,0.43960562348365784,0.398330956697464,-0.015697060152888298,0.41549229621887207,0.3839740455150604,-0.0068019782193005085,0.42276614904403687,0.3526243567466736,-0.017776580527424812,0.42643606662750244,0.3850160241127014,-0.016033336520195007,0.4235011041164398,0.4032478332519531,-0.01139890681952238,0.4000512957572937,0.38864201307296753,-0.010480898432433605,0.4045224189758301,0.35734957456588745,-0.017782418057322502,0.41119539737701416,0.377577543258667,-0.01481335423886776,0.41186776757240295,0.39428550004959106,-0.010535678826272488
0.4987257421016693,0.37881746888160706,-0.46064233779907227,0.9998853802680969,0.5121569633483887,0.34165188670158386,-0.42956435680389404,0.9996996521949768,0.52034991979599,0.3416720926761627,-0.4295255243778229,0.9997233748435974,0.5269725322723389,0.34280750155448914,-0.4294915199279785,0.9996981620788574,0.4856559634208679,0.34224623441696167,-0.4190921485424042,0.9997169971466064,0.4770992696285248,0.3428116738796234,-0.4190624952316284,0.9997588396072388,0.47003456950187683,0.34355512261390686,-0.4194228947162628,0.9997516870498657,0.5390544533729553,0.3619919419288635,-0.2377937138080597,0.999603807926178,0.4641331732273102,0.3626018464565277,-0.18932221829891205,0.9997583031654358,0.51579749584198,0.4207170009613037,-0.39494699239730835,0.9998713731765747,0.4817676544189453,0.4205358326435089,-0.3812052607536316,0.9998833537101746,0.6042006611824036,0.5854697227478027,-0.12863251566886902,0.9995157122612,0.4068313539028168,0.5746198892593384,-0.10378677397966385,0.9997034668922424,0.6560487747192383,0.8543965816497803,-0.1316758245229721,0.9737323522567749,0.3290923833847046,0.7664282321929932,-0.37326252460479736,0.9894623160362244,0.6406822204589844,1.1159441471099854,-0.22282478213310242,0.8585939407348633,0.3754185438156128,0.524399995803833,-0.7613517642021179,0.9568525552749634,0.6433895826339722,1.2018237113952637,-0.25317060947418213,0.7667098641395569,0.38823190331459045,0.46034932136535645,-0.8517327904701233,0.886997401714325,0.624491274356842,1.197712779045105,-0.28444385528564453,0.7898938655853271,0.3985743224620819,0.4482173025608063,-0.8065165877342224,0.8899056315422058,0.6132097840309143,1.1679368019104004,-0.24006704986095428,0.7982509136199951,0.40152132511138916,0.4669218957424164,-0.7588379383087158,0.9062313437461853,0.5678665041923523,1.048008680343628,-0.018488513305783272,0.4091587960720062,0.43509769439697266,1.0254753828048706,0.01980787143111229,0.39631029963493347,0.5546451807022095,1.4521287679672241,-0.07925493270158768,0.004631832707673311,0.42428967356681824,1.434817910194397,0.01374951284378767,0.0035603127907961607,0.5461811423301697,1.8000777959823608,0.15243639051914215,0.0009739865781739354,0.4136825203895569,1.790526270866394,0.1545797884464264,0.0007273937808349729,0.5498537421226501,1.8468118906021118,0.15847426652908325,0.001143110217526555,0.4085417687892914,1.8388317823410034,0.1595228761434555,0.0019598642829805613,0.5236890316009521,1.9170842170715332,-0.13601702451705933,0.0012993930140510201,0.4279481768608093,1.9058141708374023,-0.14382311701774597,0.00184333766810596,0.0,0.0,0.0,0.0,0.0,0.0,0.0,0.0,0.0,0.0,0.0,0.0,0.0,0.0,0.0,0.0,0.0,0.0,0.0,0.0,0.0,0.0,0.0,0.0,0.0,0.0,0.0,0.0,0.0,0.0,0.0,0.0,0.0,0.0,0.0,0.0,0.0,0.0,0.0,0.0,0.0,0.0,0.0,0.0,0.0,0.0,0.0,0.0,0.0,0.0,0.0,0.0,0.0,0.0,0.0,0.0,0.0,0.0,0.0,0.0,0.0,0.0,0.0,0.4014502763748169,0.4870174825191498,5.925098633952075e-08,0.4236692190170288,0.4780021011829376,-0.005296127405017614,0.44522449374198914,0.45145416259765625,-0.008841890841722488,0.4613061547279358,0.4338996708393097,-0.0135243134573102,0.477191686630249,0.43202313780784607,-0.01855686865746975,0.4384970963001251,0.3934856951236725,-0.0002995353133883327,0.44871532917022705,0.3651926517486572,-0.005641473922878504,0.45675915479660034,0.34865865111351013,-0.009556393139064312,0.46287187933921814,0.3314982056617737,-0.012760174460709095,0.4268844723701477,0.3861317038536072,-0.003049480030313134,0.43738213181495667,0.35078203678131104,-0.012983039952814579,0.44092443585395813,0.3818953335285187,-0.01655534841120243,0.438769668340683,0.40189680457115173,-0.01611434295773506,0.41365954279899597,0.3853827714920044,-0.00660408241674304,0.42248013615608215,0.3548417389392853,-0.017627062276005745,0.42579931020736694,0.38770803809165955,-0.015979917719960213,0.42212149500846863,0.40639930963516235,-0.01136066485196352,0.398205041885376,0.38912203907966614,-0.010554424487054348,0.40462765097618103,0.35875171422958374,-0.017767541110515594,0.41090068221092224,0.37975606322288513,-0.01463600154966116,0.4103541374206543,0.3969113826751709,-0.0102682551369071
0.49950742721557617,0.378666490316391,-0.4513201415538788,0.9998787641525269,0.5127810835838318,0.3416510820388794,-0.4190939664840698,0.9996822476387024,0.5207077264785767,0.3417842388153076,-0.41906797885894775,0.9997052550315857,0.5271088480949402,0.3429321348667145,-0.41903552412986755,0.9996806979179382,0.4866390824317932,0.34208813309669495,-0.41071122884750366,0.9997010827064514,0.47803518176078796,0.34243133664131165,-0.4107123911380768,0.9997461438179016,0.47068533301353455,0.34302830696105957,-0.4110877215862274,0.9997431039810181,0.538913369178772,0.3616490662097931,-0.22802500426769257,0.9995811581611633,0.4640713632106781,0.3623877167701721,-0.18706393241882324,0.9997451901435852,0.5160909295082092,0.4203646779060364,-0.3851754069328308,0.9998644590377808,0.48252376914024353,0.41957181692123413,-0.37420451641082764,0.9998781085014343,0.6044514179229736,0.5857223868370056,-0.12809045612812042,0.9995057582855225,0.4061698913574219,0.5746176838874817,-0.10504759103059769,0.9997069835662842,0.6559550166130066,0.8565655946731567,-0.13661430776119232,0.9732642769813538,0.3283557891845703,0.7664648294448853,-0.38016051054000854,0.9895731806755066,0.6384190917015076,1.1148358583450317,-0.23171861469745636,0.8547034859657288,0.376412034034729,0.5232246518135071,-0.7602210640907288,0.9565276503562927,0.6382522583007812,1.2064310312271118,-0.26254382729530334,0.7629265785217285,0.3869561553001404,0.4585080146789551,-0.8502838015556335,0.8859749436378479,0.6190580725669861,1.2036988735198975,-0.2911665737628937,0.7860598564147949,0.3978409469127655,0.446912944316864,-0.8035171627998352,0.8887820243835449,0.6086025834083557,1.1736749410629272,-0.24816074967384338,0.7945497632026672,0.40130823850631714,0.4654906094074249,-0.7568858861923218,0.9055051207542419,0.5686324238777161,1.0494824647903442,-0.01696627028286457,0.41073471307754517,0.43575140833854675,1.0259196758270264,0.018227791413664818,0.39966875314712524,0.5555581450462341,1.4518309831619263,-0.0748252421617508,0.004581897519528866,0.42741858959198,1.434599757194519,-0.005694946739822626,0.003566739847883582,0.5488775372505188,1.7991091012954712,0.15700426697731018,0.0009453740785829723,0.41743263602256775,1.790394902229309,0.12547637522220612,0.0007234080694615841,0.5525785088539124,1.84642493724823,0.16342544555664062,0.001123614376410842,0.4125685393810272,1.8386248350143433,0.12940126657485962,0.0019424052443355322,0.5264376997947693,1.9165918827056885,-0.12651902437210083,0.001253465423360467,0.4302436411380768,1.9050519466400146,-0.17217320203781128,0.0018146290676668286,0.0,0.0,0.0,0.0,0.0,0.0,0.0,0.0,0.0,0.0,0.0,0.0,0.0,0.0,0.0,0.0,0.0,0.0,0.0,0.0,0.0,0.0,0.0,0.0,0.0,0.0,0.0,0.0,0.0,0.0,0.0,0.0,0.0,0.0,0.0,0.0,0.0,0.0,0.0,0.0,0.0,0.0,0.0,0.0,0.0,0.0,0.0,0.0,0.0,0.0,0.0,0.0,0.0,0.0,0.0,0.0,0.0,0.0,0.0,0.0,0.0,0.0,0.0,0.3973439931869507,0.48431214690208435,5.3862724058717504e-08,0.4198041260242462,0.4766644239425659,-0.004713809117674828,0.4419749975204468,0.44970402121543884,-0.007766433525830507,0.4585117697715759,0.43168890476226807,-0.012085573747754097,0.47434085607528687,0.4309188723564148,-0.016776487231254578,0.4359267055988312,0.3936917781829834,0.00139296252746135,0.44761595129966736,0.3684822916984558,-0.003942785318940878,0.45686787366867065,0.353219598531723,-0.007898157462477684,0.46373414993286133,0.33784371614456177,-0.011107467114925385,0.42482689023017883,0.3856450617313385,-0.0016313574742525816,0.43714848160743713,0.3537064790725708,-0.01184960175305605,0.4393780529499054,0.3856276273727417,-0.015490294434130192,0.43576112389564514,0.4043993651866913,-0.014853019267320633,0.4121466279029846,0.3841446340084076,-0.005561515223234892,0.4224056005477905,0.3575555086135864,-0.017332613468170166,0.42505043745040894,0.3913222551345825,-0.015894250944256783,0.4206686317920685,0.40806281566619873,-0.011127774603664875,0.397050142288208,0.3872039318084717,-0.009770293720066547,0.40553414821624756,0.3605973720550537,-0.01754322275519371,0.4111678898334503,0.3829784393310547,-0.014463817700743675,0.40968450903892517,0.398531049489975,-0.010007306933403015
0.49955540895462036,0.37852996587753296,-0.45117074251174927,0.9998729228973389,0.5130773186683655,0.3415067493915558,-0.41842585802078247,0.9996688961982727,0.5209913849830627,0.3416648805141449,-0.4184132218360901,0.9996883869171143,0.5273727774620056,0.34282007813453674,-0.41838788986206055,0.9996674060821533,0.4869959056377411,0.3419240713119507,-0.40888407826423645,0.9996873140335083,0.478324830532074,0.3420769274234772,-0.4088585078716278,0.9997328519821167,0.47079476714134216,0.3425605893135071,-0.4092439115047455,0.9997333884239197,0.5392590761184692,0.3613153100013733,-0.22736133635044098,0.9995624423027039,0.4640148878097534,0.3620113730430603,-0.1807662397623062,0.9997320175170898,0.5162410736083984,0.4198996424674988,-0.38527169823646545,0.9998592138290405,0.48250967264175415,0.41875413060188293,-0.37271562218666077,0.9998733401298523,0.6052283644676208,0.5865404009819031,-0.13052530586719513,0.9994844794273376,0.4050046503543854,0.5752977728843689,-0.09613563120365143,0.9997066259384155,0.6571003794670105,0.8593456149101257,-0.13484327495098114,0.9726260304450989,0.32692673802375793,0.7710338234901428,-0.36949294805526733,0.9896690845489502,0.6403123140335083,1.1294418573379517,-0.2251834124326706,0.8497926592826843,0.3721331059932709,0.5277575254440308,-0.7478439211845398,0.954951286315918,0.6405155062675476,1.2191674709320068,-0.2556476593017578,0.7573778629302979,0.38409632444381714,0.4624466001987457,-0.8371394872665405,0.8819960355758667,0.6207974553108215,1.216874599456787,-0.283505380153656,0.7803905606269836,0.3949791193008423,0.4495368003845215,-0.7894419431686401,0.8849345445632935,0.6098372340202332,1.1861634254455566,-0.24128729104995728,0.7891572117805481,0.39818814396858215,0.46712106466293335,-0.7442048788070679,0.9024178385734558,0.5682460069656372,1.05382239818573,-0.022213589400053024,0.4117211401462555,0.4355928301811218,1.029159426689148,0.023533616214990616,0.4013085663318634,0.5529696941375732,1.4526357650756836,-0.09045615792274475,0.004696502350270748,0.42604875564575195,1.4366055727005005,0.010874969884753227,0.003714085789397359,0.5449104905128479,1.8011995553970337,0.14600059390068054,0.0009471280500292778,0.4141565263271332,1.790446162223816,0.15406838059425354,0.0007497936603613198,0.5481431484222412,1.8490996360778809,0.15253622829914093,0.0011304456274956465,0.4092826843261719,1.8391178846359253,0.1593708097934723,0.0020720751490443945,0.522516667842865,1.9168663024902344,-0.14195460081100464,0.0012234890600666404,0.42558592557907104,1.9056963920593262,-0.14394311606884003,0.0018499123398214579,0.0,0.0,0.0,0.0,0.0,0.0,0.0,0.0,0.0,0.0,0.0,0.0,0.0,0.0,0.0,0.0,0.0,0.0,0.0,0.0,0.0,0.0,0.0,0.0,0.0,0.0,0.0,0.0,0.0,0.0,0.0,0.0,0.0,0.0,0.0,0.0,0.0,0.0,0.0,0.0,0.0,0.0,0.0,0.0,0.0,0.0,0.0,0.0,0.0,0.0,0.0,0.0,0.0,0.0,0.0,0.0,0.0,0.0,0.0,0.0,0.0,0.0,0.0,0.3932742774486542,0.483635812997818,3.9911871141384836e-08,0.4165019989013672,0.4766256809234619,-0.003249814733862877,0.4384801387786865,0.44926780462265015,-0.005600163713097572,0.45510923862457275,0.43177080154418945,-0.009363238699734211,0.4700818657875061,0.4321073889732361,-0.01361333578824997,0.4329933226108551,0.39324676990509033,0.002155003370717168,0.44552600383758545,0.3702678978443146,-0.0028204626869410276,0.45603930950164795,0.357602596282959,-0.0069215260446071625,0.4639465808868408,0.344145804643631,-0.01044070441275835,0.42176103591918945,0.38517099618911743,-0.0015111591201275587,0.4342234432697296,0.358267217874527,-0.01148858293890953,0.43490615487098694,0.3905910849571228,-0.015256892889738083,0.42988699674606323,0.40786096453666687,-0.015029936097562313,0.4093327224254608,0.3843115568161011,-0.005939524155110121,0.41951534152030945,0.36038076877593994,-0.017181064933538437,0.42195817828178406,0.39232638478279114,-0.015943503007292747,0.4174147844314575,0.4065294563770294,-0.011795872822403908,0.39480409026145935,0.3884584307670593,-0.010524140670895576,0.4043692946434021,0.36398106813430786,-0.01824907958507538,0.40969300270080566,0.38637402653694153,-0.015372279100120068,0.4079363942146301,0.40082716941833496,-0.011280045844614506
0.4991230368614197,0.3786247670650482,-0.4816502332687378,0.9998654723167419,0.5129148364067078,0.3418026566505432,-0.4513055980205536,0.9996516108512878,0.5210456848144531,0.34232187271118164,-0.45128193497657776,0.9996675252914429,0.5275810360908508,0.34370535612106323,-0.4512721002101898,0.9996475577354431,0.4866659343242645,0.3421037197113037,-0.4400734305381775,0.9996711015701294,0.4779963493347168,0.34239158034324646,-0.4400791525840759,0.999717652797699,0.4705583155155182,0.3430684506893158,-0.44045984745025635,0.9997255802154541,0.5394507050514221,0.3618312478065491,-0.26068708300590515,0.9995411038398743,0.46416014432907104,0.36218202114105225,-0.2112203687429428,0.9997149109840393,0.5163094997406006,0.41964760422706604,-0.41694727540016174,0.9998520612716675,0.48214656114578247,0.41852685809135437,-0.4020687937736511,0.9998675584793091,0.6055185198783875,0.5878247618675232,-0.1427377313375473,0.9994590282440186,0.405468612909317,0.5772310495376587,-0.1190463975071907,0.9997061491012573,0.6566802263259888,0.8614521026611328,-0.15680795907974243,0.9723455905914307,0.3254067003726959,0.7729710340499878,-0.3845905065536499,0.9898930788040161,0.6381255388259888,1.1298099756240845,-0.24257701635360718,0.8455601334571838,0.3703942596912384,0.5273044109344482,-0.7659928798675537,0.9551799297332764,0.636483371257782,1.221678614616394,-0.2726396322250366,0.7518822550773621,0.3822633922100067,0.4582659602165222,-0.8549716472625732,0.8813068270683289,0.6170271635055542,1.2189183235168457,-0.29965636134147644,0.7748695611953735,0.3927469551563263,0.447175532579422,-0.8077028393745422,0.8841903209686279,0.6066359877586365,1.1877477169036865,-0.25792983174324036,0.7832608819007874,0.3963857889175415,0.46497657895088196,-0.7624948024749756,0.9014266133308411,0.5677970051765442,1.0540828704833984,-0.02258073166012764,0.40566810965538025,0.43522435426712036,1.0291835069656372,0.023809926584362984,0.39667680859565735,0.5531126260757446,1.4541571140289307,-0.10671304911375046,0.004879821557551622,0.4275045692920685,1.4376074075698853,-0.023748939856886864,0.003960378468036652,0.5459861159324646,1.804434061050415,0.12191328406333923,0.0009670826839283109,0.4152011573314667,1.791448950767517,0.09826352447271347,0.000796293024905026,0.5490273833274841,1.8530677556991577,0.1274479329586029,0.0011421581730246544,0.41032570600509644,1.841530680656433,0.10127510875463486,0.0022351143416017294,0.524319052696228,1.917449712753296,-0.1680508255958557,0.0012238393537700176,0.4254232347011566,1.9066040515899658,-0.20432357490062714,0.0019636694341897964,0.0,0.0,0.0,0.0,0.0,0.0,0.0,0.0,0.0,0.0,0.0,0.0,0.0,0.0,0.0,0.0,0.0,0.0,0.0,0.0,0.0,0.0,0.0,0.0,0.0,0.0,0.0,0.0,0.0,0.0,0.0,0.0,0.0,0.0,0.0,0.0,0.0,0.0,0.0,0.0,0.0,0.0,0.0,0.0,0.0,0.0,0.0,0.0,0.0,0.0,0.0,0.0,0.0,0.0,0.0,0.0,0.0,0.0,0.0,0.0,0.0,0.0,0.0,0.38894015550613403,0.48661893606185913,3.934863457288884e-08,0.4124286472797394,0.47807201743125916,-0.003326336620375514,0.43326041102409363,0.4488730728626251,-0.00527505949139595,0.4500345289707184,0.42962610721588135,-0.008627152070403099,0.4657308757305145,0.4270313084125519,-0.012345445342361927,0.42877429723739624,0.3974827527999878,0.0027886605821549892,0.4407792389392853,0.3748954236507416,-0.002136151073500514,0.45191603899002075,0.3649529218673706,-0.0064624338410794735,0.46052801609039307,0.3537702262401581,-0.010156557895243168,0.41828596591949463,0.3890886604785919,-0.000783677794970572,0.4304896295070648,0.358460396528244,-0.010681163519620895,0.432830274105072,0.38909831643104553,-0.015017562545835972,0.42921125888824463,0.40903592109680176,-0.015301247127354145,0.4065045714378357,0.38715890049934387,-0.005207105074077845,0.41651877760887146,0.3604152202606201,-0.01628711447119713,0.4198269546031952,0.39119356870651245,-0.015880117192864418,0.416125625371933,0.408352792263031,-0.01240456197410822,0.39279425144195557,0.3896900415420532,-0.009869800880551338,0.40273717045783997,0.3638213872909546,-0.017899781465530396,0.4081013798713684,0.38610392808914185,-0.01602032780647278,0.4064387083053589,0.4032975435256958,-0.012686626054346561
0.5008718371391296,0.37863510847091675,-0.47030147910118103,0.9998636245727539,0.5140902996063232,0.34214726090431213,-0.4383031129837036,0.9996481537818909,0.5221754312515259,0.3429236114025116,-0.4382650554180145,0.9996618628501892,0.5285426378250122,0.344335675239563,-0.438242644071579,0.999643862247467,0.4880147874355316,0.3421356976032257,-0.4288649260997772,0.9996660947799683,0.47919973731040955,0.3424413204193115,-0.4288617670536041,0.9997131824493408,0.47162383794784546,0.3431280553340912,-0.429230660200119,0.9997245073318481,0.5397961735725403,0.36216220259666443,-0.2511753439903259,0.9995414018630981,0.46426185965538025,0.36251354217529297,-0.2033442109823227,0.9997081160545349,0.5173704624176025,0.4195876121520996,-0.40520772337913513,0.9998512268066406,0.4833807647228241,0.41848814487457275,-0.3926389813423157,0.9998658299446106,0.6052872538566589,0.5865858793258667,-0.1585875153541565,0.9994673728942871,0.40514710545539856,0.5758887529373169,-0.1214820146560669,0.9997088313102722,0.6570721864700317,0.8585445880889893,-0.14966362714767456,0.9728777408599854,0.3257359564304352,0.7708566188812256,-0.38454774022102356,0.989978551864624,0.6390841007232666,1.127249836921692,-0.2436286360025406,0.8459617495536804,0.3694553077220917,0.521041750907898,-0.765886127948761,0.9558233022689819,0.6378059983253479,1.2189724445343018,-0.27457401156425476,0.7528441548347473,0.380121648311615,0.45338356494903564,-0.8558883666992188,0.8822367787361145,0.618145227432251,1.2165101766586304,-0.30365198850631714,0.7758942246437073,0.39064401388168335,0.44377779960632324,-0.8101231455802917,0.885193943977356,0.6076822280883789,1.185258388519287,-0.26003557443618774,0.7843822836875916,0.3942809998989105,0.4608607590198517,-0.7629576921463013,0.9023580551147461,0.5682763457298279,1.0494422912597656,-0.020320506766438484,0.4046266973018646,0.4348662197589874,1.030220866203308,0.02156919427216053,0.3955460786819458,0.5567026734352112,1.4545185565948486,-0.07864245027303696,0.0049196514301002026,0.42911532521247864,1.4368267059326172,-0.011447972618043423,0.003986928146332502,0.5496880412101746,1.8029602766036987,0.15940839052200317,0.0009730620076879859,0.4186677634716034,1.791414737701416,0.12128540128469467,0.000811916368547827,0.5531238317489624,1.850537896156311,0.16600830852985382,0.0011661102762445807,0.41365334391593933,1.8414435386657715,0.12533828616142273,0.0023327176459133625,0.5278869271278381,1.9179326295852661,-0.12656143307685852,0.0012067568022757769,0.43160802125930786,1.9069575071334839,-0.17941981554031372,0.0020033451728522778,0.0,0.0,0.0,0.0,0.0,0.0,0.0,0.0,0.0,0.0,0.0,0.0,0.0,0.0,0.0,0.0,0.0,0.0,0.0,0.0,0.0,0.0,0.0,0.0,0.0,0.0,0.0,0.0,0.0,0.0,0.0,0.0,0.0,0.0,0.0,0.0,0.0,0.0,0.0,0.0,0.0,0.0,0.0,0.0,0.0,0.0,0.0,0.0,0.0,0.0,0.0,0.0,0.0,0.0,0.0,0.0,0.0,0.0,0.0,0.0,0.0,0.0,0.0,0.38355642557144165,0.4829358458518982,3.391290093190946e-08,0.40735137462615967,0.47485655546188354,-0.002371767768636346,0.4279262125492096,0.44566261768341064,-0.0035638741683214903,0.44493231177330017,0.42678821086883545,-0.006346480455249548,0.46047136187553406,0.4268816411495209,-0.009531590156257153,0.4233987033367157,0.39832407236099243,0.004587003029882908,0.43588536977767944,0.3781428337097168,-8.76838166732341e-05,0.44770318269729614,0.3693920373916626,-0.004255905281752348,0.4570354223251343,0.3601965308189392,-0.007627826649695635,0.4139457046985626,0.3897649943828583,0.0007968054269440472,0.4281768202781677,0.3616625964641571,-0.008908037096261978,0.42895978689193726,0.3911256790161133,-0.012980952858924866,0.4235808551311493,0.4115739166736603,-0.012766956351697445,0.40294933319091797,0.3870694041252136,-0.0038720439188182354,0.4147983491420746,0.36464712023735046,-0.014964203350245953,0.41632047295570374,0.39573797583580017,-0.014629743061959743,0.4111129939556122,0.41348981857299805,-0.010801813565194607,0.3898540139198303,0.38858354091644287,-0.008676204830408096,0.4017837643623352,0.365803599357605,-0.016395773738622665,0.4063825011253357,0.38877105712890625,-0.014291493222117424,0.40376773476600647,0.4068147540092468,-0.01062153559178114
0.5024640560150146,0.37863093614578247,-0.4646224081516266,0.9998574256896973,0.515151858329773,0.34209391474723816,-0.4304080903530121,0.9996388554573059,0.5229332447052002,0.34270036220550537,-0.43038323521614075,0.9996467232704163,0.5290310382843018,0.34382763504981995,-0.43037736415863037,0.9996331930160522,0.4891308844089508,0.34219497442245483,-0.42260995507240295,0.9996572136878967,0.48020997643470764,0.34265923500061035,-0.4226113259792328,0.9997039437294006,0.47230955958366394,0.34372079372406006,-0.4229893684387207,0.9997217655181885,0.5397467017173767,0.3616143763065338,-0.2375369518995285,0.9995283484458923,0.46400266885757446,0.36363646388053894,-0.19800178706645966,0.9997010827064514,0.5183050632476807,0.41921043395996094,-0.3978036642074585,0.9998459219932556,0.484729140996933,0.4184286594390869,-0.3875270485877991,0.9998622536659241,0.6052740216255188,0.5874754786491394,-0.14308719336986542,0.9994610548019409,0.40416833758354187,0.5751274228096008,-0.11838039755821228,0.999707818031311,0.6573988795280457,0.8611631989479065,-0.14141759276390076,0.9725642800331116,0.323601096868515,0.7747235894203186,-0.3883800804615021,0.9897060394287109,0.6395434737205505,1.125012755393982,-0.23822256922721863,0.8420523405075073,0.36528465151786804,0.5174829959869385,-0.7682672142982483,0.9565004110336304,0.6380478143692017,1.2179361581802368,-0.2691970765590668,0.7482030987739563,0.3749920427799225,0.4511188864707947,-0.8579728603363037,0.8831596970558167,0.6184296011924744,1.2156076431274414,-0.2956821620464325,0.7711808085441589,0.38730961084365845,0.4423334300518036,-0.8108409643173218,0.8866163492202759,0.6082654595375061,1.1854320764541626,-0.25394341349601746,0.7795188426971436,0.39082273840904236,0.46003884077072144,-0.7645590305328369,0.9030792713165283,0.5677410960197449,1.0529648065567017,-0.018773281946778297,0.40429601073265076,0.4346500337123871,1.0322914123535156,0.020056409761309624,0.3959251344203949,0.5544436573982239,1.4601937532424927,-0.08919987082481384,0.005274135619401932,0.42840853333473206,1.44137704372406,-0.038083627820014954,0.004231481347233057,0.5464497208595276,1.807947039604187,0.14162679016590118,0.0010017250897362828,0.41568389534950256,1.794753074645996,0.08166325092315674,0.0008222917676903307,0.549540102481842,1.8576730489730835,0.14733462035655975,0.0011924043064936996,0.41054192185401917,1.845888376235962,0.08426675200462341,0.002335796831175685,0.5245896577835083,1.922486662864685,-0.14514590799808502,0.0011829794384539127,0.42706969380378723,1.9121320247650146,-0.2230260968208313,0.0020344445947557688,0.0,0.0,0.0,0.0,0.0,0.0,0.0,0.0,0.0,0.0,0.0,0.0,0.0,0.0,0.0,0.0,0.0,0.0,0.0,0.0,0.0,0.0,0.0,0.0,0.0,0.0,0.0,0.0,0.0,0.0,0.0,0.0,0.0,0.0,0.0,0.0,0.0,0.0,0.0,0.0,0.0,0.0,0.0,0.0,0.0,0.0,0.0,0.0,0.0,0.0,0.0,0.0,0.0,0.0,0.0,0.0,0.0,0.0,0.0,0.0,0.0,0.0,0.0,0.3775516152381897,0.4867662787437439,-1.7951141018102135e-08,0.40197381377220154,0.47473928332328796,0.00043272660695947707,0.42195698618888855,0.44516289234161377,0.0007837581797502935,0.438295841217041,0.4269734025001526,-0.0011569212656468153,0.45322364568710327,0.4255252778530121,-0.0036123774480074644,0.41834551095962524,0.4010283946990967,0.007859481498599052,0.43032440543174744,0.3782937526702881,0.0034640426747500896,0.4436046779155731,0.37098148465156555,-0.0005276421434246004,0.4527847468852997,0.3645244538784027,-0.00357990525662899,0.40954864025115967,0.3934801518917084,0.002791364910081029,0.42388951778411865,0.3645283281803131,-0.005885553080588579,0.42487403750419617,0.39482805132865906,-0.009306962601840496,0.41806116700172424,0.4137207269668579,-0.008880678564310074,0.39923009276390076,0.3907020092010498,-0.0031429033260792494,0.4112643897533417,0.36636266112327576,-0.01335375476628542,0.4133659899234772,0.39762359857559204,-0.012361172586679459,0.40723374485969543,0.4146459698677063,-0.008389722555875778,0.38618066906929016,0.39123430848121643,-0.009059983305633068,0.3970797061920166,0.3651277720928192,-0.016444554552435875,0.40249931812286377,0.3880484700202942,-0.01386506948620081,0.39976266026496887,0.4071180820465088,-0.00998818501830101
0.5023840069770813,0.37927085161209106,-0.4538438618183136,0.9998529553413391,0.5150033831596375,0.34301748871803284,-0.42167776823043823,0.9996331334114075,0.5228516459465027,0.3437725901603699,-0.4216659963130951,0.9996345639228821,0.5289416909217834,0.3449690341949463,-0.4216770529747009,0.9996275901794434,0.48869985342025757,0.34265056252479553,-0.41293901205062866,0.9996543526649475,0.47979193925857544,0.34328708052635193,-0.41294723749160767,0.9996994733810425,0.47168684005737305,0.34488484263420105,-0.41331908106803894,0.9997241497039795,0.5397509932518005,0.36211100220680237,-0.2362501323223114,0.9995186924934387,0.46363726258277893,0.364852637052536,-0.1916709691286087,0.9996985793113708,0.5182777643203735,0.41991618275642395,-0.38934633135795593,0.9998406171798706,0.4850316345691681,0.4187368154525757,-0.37778088450431824,0.9998595714569092,0.6053107380867004,0.5882254838943481,-0.14255601167678833,0.9994447231292725,0.4030117988586426,0.5764071941375732,-0.10572578012943268,0.9997134208679199,0.6576038002967834,0.8602322936058044,-0.13821175694465637,0.9721122980117798,0.3201132118701935,0.7777295112609863,-0.3664689362049103,0.9897294044494629,0.6420146822929382,1.1170018911361694,-0.23359408974647522,0.835617184638977,0.36035558581352234,0.5195976495742798,-0.7386723756790161,0.9574409127235413,0.6419152617454529,1.2089260816574097,-0.2642427682876587,0.73931485414505,0.370577335357666,0.45208239555358887,-0.8262020945549011,0.8841254711151123,0.6227580904960632,1.206456184387207,-0.2905050218105316,0.7618882060050964,0.3841196596622467,0.4427928328514099,-0.777501106262207,0.8876267075538635,0.6123450994491577,1.1770901679992676,-0.2491922676563263,0.7707160711288452,0.38760802149772644,0.46160054206848145,-0.7340924143791199,0.9037902355194092,0.567909836769104,1.0486762523651123,-0.01971994899213314,0.40802261233329773,0.4351089298725128,1.0292809009552002,0.020951896905899048,0.4013480544090271,0.5570467710494995,1.458168864250183,-0.10474047809839249,0.005516044795513153,0.4296129643917084,1.4405280351638794,-0.01678159087896347,0.004461218137294054,0.552208662033081,1.8077242374420166,0.11222231388092041,0.0010358039289712906,0.4196731150150299,1.796911358833313,0.10167934000492096,0.000843252579215914,0.5559060573577881,1.85667884349823,0.11716090887784958,0.0012304744450375438,0.4149024784564972,1.8480173349380493,0.1044987142086029,0.00235956278629601,0.5302720665931702,1.9231187105178833,-0.1743764579296112,0.001165806665085256,0.43267911672592163,1.9143301248550415,-0.19706249237060547,0.002085635671392083,0.0,0.0,0.0,0.0,0.0,0.0,0.0,0.0,0.0,0.0,0.0,0.0,0.0,0.0,0.0,0.0,0.0,0.0,0.0,0.0,0.0,0.0,0.0,0.0,0.0,0.0,0.0,0.0,0.0,0.0,0.0,0.0,0.0,0.0,0.0,0.0,0.0,0.0,0.0,0.0,0.0,0.0,0.0,0.0,0.0,0.0,0.0,0.0,0.0,0.0,0.0,0.0,0.0,0.0,0.0,0.0,0.0,0.0,0.0,0.0,0.0,0.0,0.0,0.3730701208114624,0.4854395389556885,-1.617183897906216e-08,0.3972705602645874,0.4725687503814697,0.0007953295134939253,0.41607946157455444,0.4454891085624695,0.0007668483885936439,0.43152835965156555,0.4271984398365021,-0.001733317505568266,0.4463947117328644,0.42199206352233887,-0.004707271233201027,0.41339775919914246,0.4000914692878723,0.008176990784704685,0.42629626393318176,0.3797762095928192,0.003612371627241373,0.43938663601875305,0.37435612082481384,-0.0007796214194968343,0.4478992819786072,0.36842674016952515,-0.00408290047198534,0.4049288332462311,0.3930821418762207,0.0028679233510047197,0.4182100296020508,0.36616790294647217,-0.005587978288531303,0.420186311006546,0.39501136541366577,-0.00963569525629282,0.41434693336486816,0.412882924079895,-0.010072596371173859,0.39448487758636475,0.3911195397377014,-0.003320908173918724,0.40638285875320435,0.36762022972106934,-0.01355331763625145,0.40844884514808655,0.3978893458843231,-0.013081440702080727,0.4023312032222748,0.41379064321517944,-0.009715516120195389,0.38170889019966125,0.3924247920513153,-0.009447556920349598,0.39377138018608093,0.3675275146961212,-0.016871290281414986,0.39885637164115906,0.3901614248752594,-0.014587931334972382,0.3955903947353363,0.40848174691200256,-0.01103526633232832
0.5020009875297546,0.3799622654914856,-0.48734867572784424,0.9998555183410645,0.5144074559211731,0.34386172890663147,-0.4561382532119751,0.9996395707130432,0.5224397778511047,0.3445534408092499,-0.45611441135406494,0.9996384978294373,0.5286374688148499,0.34549790620803833,-0.4561096727848053,0.9996318817138672,0.4879329800605774,0.343311607837677,-0.44697079062461853,0.9996635913848877,0.47907570004463196,0.34438851475715637,-0.4469756782054901,0.9997066855430603,0.4709780514240265,0.34668290615081787,-0.44734713435173035,0.9997318983078003,0.5397218465805054,0.36217769980430603,-0.26773130893707275,0.9995225071907043,0.4631766974925995,0.36657795310020447,-0.22035923600196838,0.9997092485427856,0.5181793570518494,0.42072346806526184,-0.4209689199924469,0.9998432993888855,0.48499757051467896,0.4193183183670044,-0.4087660014629364,0.9998636245727539,0.6055634021759033,0.5888755321502686,-0.16153787076473236,0.9994431138038635,0.4033466875553131,0.5758967399597168,-0.12389007955789566,0.9997180104255676,0.657089114189148,0.8606895804405212,-0.1485397070646286,0.9720202684402466,0.31937870383262634,0.7756200432777405,-0.37999024987220764,0.9896764755249023,0.6420673727989197,1.109623908996582,-0.24927356839179993,0.8336889743804932,0.35704243183135986,0.5204545855522156,-0.7656040191650391,0.9583961367607117,0.638195812702179,1.1973893642425537,-0.2805889844894409,0.7353441119194031,0.3687906265258789,0.4511615037918091,-0.8548710346221924,0.8855964541435242,0.6203939914703369,1.1920026540756226,-0.306264728307724,0.7575304508209229,0.3813660442829132,0.44331836700439453,-0.806702733039856,0.8893324136734009,0.6117495894432068,1.1629527807235718,-0.2645069360733032,0.7664362192153931,0.3846835494041443,0.4622085988521576,-0.7612289190292358,0.9050109386444092,0.5685999393463135,1.0473637580871582,-0.020898176357150078,0.4014171063899994,0.43619421124458313,1.026070475578308,0.022169681265950203,0.3965662717819214,0.559067964553833,1.457704782485962,-0.09853708744049072,0.005557371769100428,0.4295491576194763,1.441443920135498,0.0018467269837856293,0.0044861058704555035,0.5559395551681519,1.807605266571045,0.12816938757896423,0.0010426315711811185,0.4220024645328522,1.797802209854126,0.14059434831142426,0.0008415665361098945,0.5600305795669556,1.856318473815918,0.13372093439102173,0.001227718312293291,0.41767701506614685,1.848787546157837,0.145333394408226,0.0023231073282659054,0.5343238115310669,1.9233214855194092,-0.16289091110229492,0.0011276766890659928,0.4362727403640747,1.9158903360366821,-0.15929290652275085,0.002112514106556773,0.0,0.0,0.0,0.0,0.0,0.0,0.0,0.0,0.0,0.0,0.0,0.0,0.0,0.0,0.0,0.0,0.0,0.0,0.0,0.0,0.0,0.0,0.0,0.0,0.0,0.0,0.0,0.0,0.0,0.0,0.0,0.0,0.0,0.0,0.0,0.0,0.0,0.0,0.0,0.0,0.0,0.0,0.0,0.0,0.0,0.0,0.0,0.0,0.0,0.0,0.0,0.0,0.0,0.0,0.0,0.0,0.0,0.0,0.0,0.0,0.0,0.0,0.0,0.36716392636299133,0.4878008961677551,-4.438137324314084e-08,0.3922305405139923,0.47248414158821106,0.003052546177059412,0.4104693830013275,0.443913996219635,0.004110137466341257,0.42557644844055176,0.4246860146522522,0.002094968920573592,0.44017115235328674,0.4192163348197937,-0.0005142964073456824,0.40791037678718567,0.39917778968811035,0.010676251724362373,0.4200182855129242,0.37684667110443115,0.006517666392028332,0.43287208676338196,0.3727957606315613,0.0025074013974517584,0.4413311183452606,0.36895808577537537,-0.0004411690169945359,0.3996766209602356,0.3931223452091217,0.004497039597481489,0.41415950655937195,0.36631858348846436,-0.003368948120623827,0.41611650586128235,0.395948201417923,-0.007025275379419327,0.40981826186180115,0.4136636257171631,-0.007163208909332752,0.3897152543067932,0.39131027460098267,-0.002468631137162447,0.4026467800140381,0.3677486777305603,-0.01229161862283945,0.4051554501056671,0.3988872170448303,-0.011676116846501827,0.3987284004688263,0.41507482528686523,-0.008173814974725246,0.3769826292991638,0.3920251131057739,-0.009151997044682503,0.3897658586502075,0.36663368344306946,-0.016162801533937454,0.394976943731308,0.3892695903778076,-0.013589136302471161,0.39116522669792175,0.40714752674102783,-0.009846764616668224
0.5019566416740417,0.38009119033813477,-0.4495772421360016,0.9998543858528137,0.5143815875053406,0.3439650237560272,-0.41586774587631226,0.9996412396430969,0.5225031971931458,0.3446049094200134,-0.41584300994873047,0.9996364116668701,0.5288029313087463,0.3455263078212738,-0.41586244106292725,0.9996336102485657,0.4875538945198059,0.3438762426376343,-0.4069140553474426,0.9996663331985474,0.4786672294139862,0.34523525834083557,-0.40692564845085144,0.9997066259384155,0.4704795777797699,0.3476163148880005,-0.40727463364601135,0.9997363686561584,0.5398690700531006,0.36271968483924866,-0.22994892299175262,0.9995188117027283,0.4625786244869232,0.36724722385406494,-0.18561866879463196,0.9997110366821289,0.5182019472122192,0.4209776818752289,-0.3848528265953064,0.999839723110199,0.4849414527416229,0.420038104057312,-0.37339475750923157,0.9998624324798584,0.6061510443687439,0.5908609628677368,-0.1384437531232834,0.9994255900382996,0.40198639035224915,0.5780843496322632,-0.09873194247484207,0.9997135996818542,0.6580992341041565,0.8738875389099121,-0.13853473961353302,0.9707826972007751,0.3155500590801239,0.7761240005493164,-0.3582037091255188,0.9895515441894531,0.641961932182312,1.1558270454406738,-0.2364470511674881,0.8283063769340515,0.3568665385246277,0.5217558741569519,-0.7390677332878113,0.9590224027633667,0.6393657922744751,1.2372219562530518,-0.26803621649742126,0.7298508286476135,0.3642323613166809,0.45295464992523193,-0.828283965587616,0.8858610987663269,0.6199102401733398,1.2359987497329712,-0.2927193343639374,0.7522513270378113,0.37733927369117737,0.44528722763061523,-0.7800771594047546,0.8897788524627686,0.6115491390228271,1.2053184509277344,-0.2514219582080841,0.7597953677177429,0.3808237910270691,0.46560147404670715,-0.7348816990852356,0.9046738743782043,0.5666605234146118,1.0546156167984009,-0.02116781286895275,0.40399813652038574,0.4338974356651306,1.0305904150009155,0.0224074088037014,0.4033755958080292,0.5521042346954346,1.464377999305725,-0.09369130432605743,0.006152879912406206,0.42931464314460754,1.4441903829574585,-0.06832697987556458,0.005200576037168503,0.5475383400917053,1.810854196548462,0.13077053427696228,0.0010032011196017265,0.41668376326560974,1.801024079322815,0.04277361184358597,0.0008176325354725122,0.5512277483940125,1.8603761196136475,0.1362975537776947,0.0011615317780524492,0.41206493973731995,1.853036642074585,0.0448274202644825,0.0021842499263584614,0.5243026614189148,1.9319236278533936,-0.15218134224414825,0.0010580907110124826,0.42758673429489136,1.921478509902954,-0.2613174021244049,0.002079571830108762,0.0,0.0,0.0,0.0,0.0,0.0,0.0,0.0,0.0,0.0,0.0,0.0,0.0,0.0,0.0,0.0,0.0,0.0,0.0,0.0,0.0,0.0,0.0,0.0,0.0,0.0,0.0,0.0,0.0,0.0,0.0,0.0,0.0,0.0,0.0,0.0,0.0,0.0,0.0,0.0,0.0,0.0,0.0,0.0,0.0,0.0,0.0,0.0,0.0,0.0,0.0,0.0,0.0,0.0,0.0,0.0,0.0,0.0,0.0,0.0,0.0,0.0,0.0,0.3628089129924774,0.48332318663597107,-2.445954550012175e-08,0.38770705461502075,0.4688188433647156,0.0030346878338605165,0.4050809144973755,0.43998125195503235,0.004452913533896208,0.41966864466667175,0.42300063371658325,0.003065775614231825,0.4337705373764038,0.4191488027572632,0.0010359545703977346,0.4004746973514557,0.39694488048553467,0.010054158978164196,0.41219431161880493,0.37553367018699646,0.005650372244417667,0.4262242913246155,0.37052127718925476,0.0014052424812689424,0.4355216324329376,0.3649245798587799,-0.0016976181650534272,0.392300009727478,0.3909153342247009,0.0038342815823853016,0.40810856223106384,0.3657228648662567,-0.0044538178481161594,0.41088539361953735,0.3963976800441742,-0.008100252598524094,0.4043927490711212,0.41408097743988037,-0.00802595540881157,0.38305214047431946,0.3895360231399536,-0.003137042047455907,0.3970848321914673,0.36796998977661133,-0.013095065020024776,0.40036600828170776,0.3992641866207123,-0.012414056807756424,0.3941599428653717,0.41463467478752136,-0.008737399242818356,0.3714303970336914,0.391422301530838,-0.009837504476308823,0.38396504521369934,0.36674371361732483,-0.017224783077836037,0.3901079595088959,0.3894864320755005,-0.014770887792110443,0.3871280252933502,0.4078049659729004,-0.01097153965383768
0.5013106465339661,0.380399227142334,-0.5121336579322815,0.9998576641082764,0.513848602771759,0.3441433310508728,-0.47993573546409607,0.9996528625488281,0.5220515727996826,0.3447835147380829,-0.47993624210357666,0.9996453523635864,0.5284141898155212,0.3457082509994507,-0.4799453616142273,0.99964439868927,0.48679816722869873,0.3446292281150818,-0.4705095887184143,0.9996781945228577,0.4777982831001282,0.3463543951511383,-0.47053462266921997,0.9997144341468811,0.4697686433792114,0.3488450050354004,-0.47088515758514404,0.9997443556785583,0.5396546125411987,0.3629351854324341,-0.2923247516155243,0.9995331764221191,0.4618992507457733,0.3675902485847473,-0.2429928481578827,0.9997212886810303,0.5179297924041748,0.42142513394355774,-0.4460161626338959,0.9998458027839661,0.48423174023628235,0.4208599925041199,-0.43359512090682983,0.9998683333396912,0.6064138412475586,0.5902678370475769,-0.2057664692401886,0.9994271993637085,0.4011484384536743,0.5810542106628418,-0.13344554603099823,0.9997159242630005,0.6576374769210815,0.8673390746116638,-0.18204402923583984,0.9706797003746033,0.3128789961338043,0.7758491635322571,-0.3788279891014099,0.9894987940788269,0.6439887285232544,1.1301451921463013,-0.2879505753517151,0.8258845210075378,0.35260236263275146,0.5143232941627502,-0.7634099721908569,0.9594491720199585,0.6390908360481262,1.2197363376617432,-0.32261380553245544,0.7244592308998108,0.3594757616519928,0.4437345564365387,-0.8524059653282166,0.8851221799850464,0.6207923889160156,1.2154817581176758,-0.34771108627319336,0.7466354966163635,0.37131360173225403,0.43810907006263733,-0.8058963418006897,0.8891514539718628,0.6123514175415039,1.185425877571106,-0.3031749129295349,0.753990113735199,0.37389326095581055,0.4574648141860962,-0.7600364685058594,0.9037514328956604,0.5685635209083557,1.0565731525421143,-0.025513403117656708,0.4030609726905823,0.43370944261550903,1.0594297647476196,0.02677212469279766,0.4044701159000397,0.5605120062828064,1.4671663045883179,-0.11822264641523361,0.006406697910279036,0.4319225251674652,1.4497346878051758,-0.019394002854824066,0.005465292371809483,0.5585681796073914,1.8147964477539062,0.10676413029432297,0.0009948477381840348,0.4240545928478241,1.8053334951400757,0.11348721385002136,0.0008187315543182194,0.5626175403594971,1.865828037261963,0.1120966449379921,0.0011410877341404557,0.42013153433799744,1.858087182044983,0.11737575381994247,0.002148032421246171,0.5372181534767151,1.9377565383911133,-0.18753868341445923,0.0010139602236449718,0.43806567788124084,1.9276500940322876,-0.19043122231960297,0.0021195500157773495,0.0,0.0,0.0,0.0,0.0,0.0,0.0,0.0,0.0,0.0,0.0,0.0,0.0,0.0,0.0,0.0,0.0,0.0,0.0,0.0,0.0,0.0,0.0,0.0,0.0,0.0,0.0,0.0,0.0,0.0,0.0,0.0,0.0,0.0,0.0,0.0,0.0,0.0,0.0,0.0,0.0,0.0,0.0,0.0,0.0,0.0,0.0,0.0,0.0,0.0,0.0,0.0,0.0,0.0,0.0,0.0,0.0,0.0,0.0,0.0,0.0,0.0,0.0,0.35699668526649475,0.48394912481307983,-2.508256358169092e-08,0.3828359842300415,0.46685224771499634,0.0033442475832998753,0.400296688079834,0.43717801570892334,0.004621435422450304,0.4147522747516632,0.4198724925518036,0.0029568246100097895,0.4288387596607208,0.4165370762348175,0.0007069126004353166,0.3934028744697571,0.39464467763900757,0.010414056479930878,0.4037441611289978,0.37151220440864563,0.00588702317327261,0.4175325036048889,0.3673863708972931,0.0014679068699479103,0.4268454909324646,0.363919198513031,-0.0016857677837833762,0.38555073738098145,0.3895701766014099,0.004028027411550283,0.40089112520217896,0.36298224329948425,-0.004082485102117062,0.40511056780815125,0.3930809497833252,-0.007859108969569206,0.3997457027435303,0.41231000423431396,-0.007983163930475712,0.3766583502292633,0.3887630105018616,-0.003134714439511299,0.39060235023498535,0.3661862313747406,-0.01249629259109497,0.39502251148223877,0.39655447006225586,-0.012018781155347824,0.3895900845527649,0.4131975471973419,-0.008681445382535458,0.36539050936698914,0.39126625657081604,-0.010052886791527271,0.3776293098926544,0.366854727268219,-0.016701936721801758,0.3840811848640442,0.3886964023113251,-0.014228020794689655,0.3811517655849457,0.4069026708602905,-0.010605249553918839
0.5010689496994019,0.38114044070243835,-0.5510686635971069,0.9998542070388794,0.5140680074691772,0.3447050452232361,-0.5213126540184021,0.999651312828064,0.5221670866012573,0.3453838527202606,-0.5213311314582825,0.999637246131897,0.5285921692848206,0.3463518023490906,-0.5213927626609802,0.9996399879455566,0.48683246970176697,0.34536638855934143,-0.5110405683517456,0.999677300453186,0.47767290472984314,0.3475292921066284,-0.5111576318740845,0.9997103214263916,0.4696524441242218,0.3502272069454193,-0.5114861130714417,0.9997475147247314,0.5401764512062073,0.3637707531452179,-0.3429368734359741,0.9995340704917908,0.46122631430625916,0.36828482151031494,-0.28518369793891907,0.9997196793556213,0.5178377628326416,0.4226067066192627,-0.4848601520061493,0.9998456239700317,0.4838269054889679,0.42177557945251465,-0.4718259274959564,0.9998706579208374,0.6068149209022522,0.5919478535652161,-0.24769333004951477,0.9993983507156372,0.40096205472946167,0.5791529417037964,-0.15497523546218872,0.9997170567512512,0.6572728753089905,0.8734651803970337,-0.19597458839416504,0.9702706933021545,0.31249353289604187,0.7710031867027283,-0.3831157386302948,0.9891906380653381,0.646932065486908,1.1364141702651978,-0.297319620847702,0.8204565644264221,0.3505344092845917,0.5147123336791992,-0.777657687664032,0.9600299596786499,0.6388453841209412,1.225630283355713,-0.33125215768814087,0.7167520523071289,0.3545343577861786,0.4469357430934906,-0.8669489026069641,0.8850440979003906,0.6208570003509521,1.2212436199188232,-0.3563331663608551,0.7387897372245789,0.366563618183136,0.4383535385131836,-0.8214582204818726,0.8890344500541687,0.614888072013855,1.1906688213348389,-0.312098890542984,0.7449764609336853,0.3691435158252716,0.4584733545780182,-0.774871826171875,0.9021344780921936,0.5679022073745728,1.0567768812179565,-0.027043843641877174,0.39305201172828674,0.4332411587238312,1.0670655965805054,0.028167176991701126,0.39727866649627686,0.5568873286247253,1.4680949449539185,-0.11808184534311295,0.0072486139833927155,0.43194398283958435,1.4495569467544556,-0.07379289716482162,0.006350861396640539,0.5558992028236389,1.817291021347046,0.11021468788385391,0.0010151691967621446,0.4232783615589142,1.8073383569717407,0.04363580420613289,0.0008546868921257555,0.5596000552177429,1.8691563606262207,0.11575384438037872,0.0011148141929879785,0.4196849763393402,1.8608242273330688,0.04582979530096054,0.002079309895634651,0.5349692106246948,1.9395968914031982,-0.18108341097831726,0.001002366072498262,0.4355167746543884,1.9294229745864868,-0.2671287953853607,0.002236403990536928,0.0,0.0,0.0,0.0,0.0,0.0,0.0,0.0,0.0,0.0,0.0,0.0,0.0,0.0,0.0,0.0,0.0,0.0,0.0,0.0,0.0,0.0,0.0,0.0,0.0,0.0,0.0,0.0,0.0,0.0,0.0,0.0,0.0,0.0,0.0,0.0,0.0,0.0,0.0,0.0,0.0,0.0,0.0,0.0,0.0,0.0,0.0,0.0,0.0,0.0,0.0,0.0,0.0,0.0,0.0,0.0,0.0,0.0,0.0,0.0,0.0,0.0,0.0,0.34976598620414734,0.48542284965515137,5.703407746082689e-10,0.3754083812236786,0.46571558713912964,0.0032170149497687817,0.39333832263946533,0.43583765625953674,0.003865192411467433,0.4083735942840576,0.41919994354248047,0.001349722151644528,0.42320895195007324,0.4152909219264984,-0.0017658289289101958,0.38657277822494507,0.3897320628166199,0.010811051353812218,0.39744970202445984,0.3671453297138214,0.006258659530431032,0.4112013876438141,0.36321404576301575,0.0013669381150975823,0.4209713935852051,0.3612975776195526,-0.002209261292591691,0.37886595726013184,0.38595694303512573,0.004601221531629562,0.3929959535598755,0.35884562134742737,-0.0034079141914844513,0.3996296525001526,0.38514286279678345,-0.008227761834859848,0.3968498706817627,0.40560632944107056,-0.009424053132534027,0.3699469566345215,0.3861194849014282,-0.0023602587170898914,0.3833962082862854,0.36082351207733154,-0.01136593148112297,0.39001137018203735,0.38888615369796753,-0.011744638904929161,0.38659438490867615,0.40930745005607605,-0.009175457991659641,0.3587036728858948,0.389801025390625,-0.009171861223876476,0.371840238571167,0.3661581575870514,-0.016123034060001373,0.37968888878822327,0.386314332485199,-0.014703131280839443,0.378213495016098,0.40574073791503906,-0.011745148338377476
0.5012622475624084,0.38164404034614563,-0.5680988430976868,0.9998553991317749,0.5147761702537537,0.3451242744922638,-0.5383074879646301,0.9996568560600281,0.522591769695282,0.34577882289886475,-0.5383065342903137,0.999639630317688,0.5290988683700562,0.34668242931365967,-0.5383682250976562,0.9996436834335327,0.48736563324928284,0.34574130177497864,-0.5281392335891724,0.9996825456619263,0.47811609506607056,0.34800100326538086,-0.5282310247421265,0.9997125864028931,0.46992960572242737,0.35058167576789856,-0.5285374522209167,0.9997510313987732,0.5406743884086609,0.3642886281013489,-0.3573988974094391,0.9995455145835876,0.460771381855011,0.3686138689517975,-0.3016505837440491,0.9997264742851257,0.5179064869880676,0.42322349548339844,-0.5020655393600464,0.9998508095741272,0.48415467143058777,0.4224027991294861,-0.4889692962169647,0.9998763203620911,0.6072810292243958,0.5920162796974182,-0.2891407310962677,0.9994006156921387,0.3999141454696655,0.5812851786613464,-0.17017273604869843,0.9997187852859497,0.6597855091094971,0.8748536705970764,-0.21301062405109406,0.9711494445800781,0.30676406621932983,0.7743610739707947,-0.39421769976615906,0.9892944693565369,0.6530431509017944,1.143386960029602,-0.3087400197982788,0.8191792368888855,0.3462121784687042,0.5059311389923096,-0.7827120423316956,0.9612298607826233,0.6414735317230225,1.2344975471496582,-0.34335756301879883,0.7127297520637512,0.3530915677547455,0.4402901828289032,-0.8718275427818298,0.8861324787139893,0.6226340532302856,1.2307534217834473,-0.36765769124031067,0.7346299290657043,0.3657253682613373,0.43503057956695557,-0.8248602747917175,0.89003986120224,0.6196059584617615,1.199847936630249,-0.3232320249080658,0.7401731610298157,0.36707863211631775,0.4558373987674713,-0.779415488243103,0.9016895890235901,0.5682096481323242,1.0591238737106323,-0.028498411178588867,0.38881418108940125,0.4339553117752075,1.034136176109314,0.029600847512483597,0.3943289816379547,0.5566178560256958,1.4727349281311035,-0.11280647665262222,0.007988715544342995,0.43118906021118164,1.4540283679962158,-0.07314912229776382,0.007180305663496256,0.5545682311058044,1.823096513748169,0.12659503519535065,0.00103179388679564,0.42157432436943054,1.8134313821792603,0.05864151567220688,0.0009137983433902264,0.5583173036575317,1.8751670122146606,0.13300804793834686,0.0010798814473673701,0.417819619178772,1.867861270904541,0.061578910797834396,0.0020853092428296804,0.5336306095123291,1.9435558319091797,-0.1649141162633896,0.0009826011955738068,0.433506578207016,1.9346261024475098,-0.25346657633781433,0.0024260610807687044,0.0,0.0,0.0,0.0,0.0,0.0,0.0,0.0,0.0,0.0,0.0,0.0,0.0,0.0,0.0,0.0,0.0,0.0,0.0,0.0,0.0,0.0,0.0,0.0,0.0,0.0,0.0,0.0,0.0,0.0,0.0,0.0,0.0,0.0,0.0,0.0,0.0,0.0,0.0,0.0,0.0,0.0,0.0,0.0,0.0,0.0,0.0,0.0,0.0,0.0,0.0,0.0,0.0,0.0,0.0,0.0,0.0,0.0,0.0,0.0,0.0,0.0,0.0,0.34513193368911743,0.4777381122112274,-2.1757900370289462e-08,0.3695266842842102,0.4622030258178711,0.003421164583414793,0.38648343086242676,0.4327836036682129,0.004724903032183647,0.40130382776260376,0.41524258255958557,0.0031260193791240454,0.4160154163837433,0.40980926156044006,0.0008886773721314967,0.3802765905857086,0.38536399602890015,0.010754854418337345,0.3912501931190491,0.3665944039821625,0.006388359237462282,0.40490347146987915,0.3625042140483856,0.0019195635104551911,0.41477102041244507,0.3597637712955475,-0.001385200535878539,0.3725789487361908,0.3811470568180084,0.004445730242878199,0.3883437216281891,0.3575151860713959,-0.0036552189849317074,0.3947102427482605,0.38540592789649963,-0.007680342998355627,0.39176425337791443,0.40650254487991333,-0.008119914680719376,0.36401036381721497,0.38154110312461853,-0.002671634079888463,0.37844985723495483,0.36125388741493225,-0.012004352174699306,0.3851200342178345,0.38955914974212646,-0.012156338430941105,0.3818986117839813,0.4092234671115875,-0.009371942840516567,0.3533833622932434,0.3858591616153717,-0.009626396000385284,0.3668299615383148,0.3654301166534424,-0.017174765467643738,0.3749188780784607,0.38585349917411804,-0.016117118299007416,0.37420663237571716,0.40516069531440735,-0.013378888368606567
0.5013495683670044,0.381912499666214,-0.6333690285682678,0.9998577833175659,0.5151551961898804,0.34512919187545776,-0.6083166599273682,0.9996641278266907,0.5227274298667908,0.3456850051879883,-0.6082513928413391,0.999642014503479,0.5292460918426514,0.34653761982917786,-0.6083972454071045,0.9996486902236938,0.4876977205276489,0.34592893719673157,-0.5963396430015564,0.9996906518936157,0.47849422693252563,0.3478538393974304,-0.5964454412460327,0.9997174143791199,0.47002533078193665,0.3501201868057251,-0.5967451930046082,0.9997586011886597,0.5408766269683838,0.3645975589752197,-0.48584872484207153,0.9995591044425964,0.46048158407211304,0.3684500455856323,-0.3747400641441345,0.9997361898422241,0.5179332494735718,0.4233384132385254,-0.5715882778167725,0.9998571276664734,0.48421818017959595,0.42284706234931946,-0.5556325912475586,0.9998828768730164,0.6077382564544678,0.5936752557754517,-0.27456241846084595,0.999409019947052,0.39913636445999146,0.5818521976470947,-0.24344156682491302,0.9997274279594421,0.6614181995391846,0.8805544972419739,-0.24604111909866333,0.9723343849182129,0.3043906092643738,0.7770377397537231,-0.43280065059661865,0.9895949363708496,0.6560399532318115,1.1515218019485474,-0.33711713552474976,0.8181177973747253,0.33964434266090393,0.5080555081367493,-0.8258431553840637,0.963340163230896,0.6433892846107483,1.2499018907546997,-0.37032726407051086,0.7086429595947266,0.3469129204750061,0.4427085518836975,-0.9149686694145203,0.8903898596763611,0.6269961595535278,1.246535301208496,-0.394517719745636,0.7302553653717041,0.35943642258644104,0.43573978543281555,-0.8682133555412292,0.8940880298614502,0.6225012540817261,1.2143384218215942,-0.3514007329940796,0.7363635301589966,0.3662942349910736,0.4566969573497772,-0.8225317597389221,0.904650866985321,0.5686091780662537,1.0590866804122925,-0.026729701086878777,0.38345369696617126,0.4326084852218628,1.030426025390625,0.027827423065900803,0.3897097408771515,0.5563046336174011,1.47476327419281,-0.08995470404624939,0.008049788884818554,0.42668718099594116,1.4565016031265259,-0.0491487942636013,0.007320858538150787,0.5520609021186829,1.8276997804641724,0.1695362776517868,0.001015189685858786,0.4180006682872772,1.8166120052337646,0.10279999673366547,0.0009034054819494486,0.5557237863540649,1.8795493841171265,0.17772556841373444,0.001040870905853808,0.414517879486084,1.8702006340026855,0.10790637135505676,0.00198387005366385,0.5310919880867004,1.9453531503677368,-0.12126113474369049,0.0009293248876929283,0.4315717816352844,1.9384697675704956,-0.20839163661003113,0.0024018462281674147,0.0,0.0,0.0,0.0,0.0,0.0,0.0,0.0,0.0,0.0,0.0,0.0,0.0,0.0,0.0,0.0,0.0,0.0,0.0,0.0,0.0,0.0,0.0,0.0,0.0,0.0,0.0,0.0,0.0,0.0,0.0,0.0,0.0,0.0,0.0,0.0,0.0,0.0,0.0,0.0,0.0,0.0,0.0,0.0,0.0,0.0,0.0,0.0,0.0,0.0,0.0,0.0,0.0,0.0,0.0,0.0,0.0,0.0,0.0,0.0,0.0,0.0,0.0,0.33993861079216003,0.4737640619277954,2.2993591031195137e-08,0.36293825507164,0.45881590247154236,0.0015419060364365578,0.3792342245578766,0.4299483895301819,0.0016970461001619697,0.3938850462436676,0.41205331683158875,-0.0006000237190164626,0.40870925784111023,0.4055258631706238,-0.003453286597505212,0.3725470006465912,0.38326412439346313,0.00861691776663065,0.3838694989681244,0.364601731300354,0.0032454277388751507,0.3978711664676666,0.35975319147109985,-0.002198062837123871,0.40815961360931396,0.3561367392539978,-0.0061414423398673534,0.3649924397468567,0.378911554813385,0.0029976102523505688,0.380409836769104,0.35337361693382263,-0.0056753214448690414,0.38897931575775146,0.3800705075263977,-0.0106245381757617,0.3881463408470154,0.4016028940677643,-0.01184817310422659,0.3565327525138855,0.3797720670700073,-0.003515746910125017,0.37105897068977356,0.3585643768310547,-0.013312258757650852,0.3787715435028076,0.3856683671474457,-0.014137154445052147,0.3761717975139618,0.40485095977783203,-0.01188607793301344,0.34629586338996887,0.3847093880176544,-0.009989859536290169,0.3603643476963043,0.3644424080848694,-0.01769060082733631,0.3688269257545471,0.38447079062461853,-0.01686982996761799,0.3680526316165924,0.40326428413391113,-0.014412217773497105
0.5013870596885681,0.3820198178291321,-0.6217857003211975,0.9998554587364197,0.515291154384613,0.3450687825679779,-0.5936278700828552,0.9996612668037415,0.5227434635162354,0.34545618295669556,-0.5935982465744019,0.9996359944343567,0.5292794704437256,0.34618401527404785,-0.5936621427536011,0.9996443390846252,0.48803234100341797,0.34594863653182983,-0.5838444232940674,0.9996882081031799,0.47899964451789856,0.3475571572780609,-0.5839418172836304,0.9997126460075378,0.470528781414032,0.3494982123374939,-0.584257185459137,0.9997555017471313,0.5411183834075928,0.36427780985832214,-0.41189372539520264,0.9995611310005188,0.4607049226760864,0.3676495850086212,-0.3543051779270172,0.9997360706329346,0.517967164516449,0.42337942123413086,-0.5530635714530945,0.9998584389686584,0.4845031797885895,0.42269226908683777,-0.5405529737472534,0.9998851418495178,0.6082271933555603,0.5934752821922302,-0.28128594160079956,0.9994044899940491,0.3987570106983185,0.580959677696228,-0.1996561586856842,0.9997209310531616,0.6617728471755981,0.8824440836906433,-0.25096580386161804,0.9735235571861267,0.3018631935119629,0.7752821445465088,-0.41864481568336487,0.9895172715187073,0.6546947956085205,1.1523529291152954,-0.34402212500572205,0.8175106644630432,0.3345562219619751,0.5057670474052429,-0.8164679408073425,0.9641543030738831,0.6444358229637146,1.2531074285507202,-0.3782995939254761,0.7050440907478333,0.3417421877384186,0.43748709559440613,-0.9053643345832825,0.8911792039871216,0.6289627552032471,1.249595046043396,-0.4016285538673401,0.7264701128005981,0.35521814227104187,0.4298608899116516,-0.8578107357025146,0.8949336409568787,0.6213183999061584,1.2175157070159912,-0.35783708095550537,0.7321717739105225,0.36340615153312683,0.45183199644088745,-0.8132622838020325,0.904759407043457,0.5692769289016724,1.062179684638977,-0.028094707056879997,0.37701690196990967,0.4324735105037689,1.0576603412628174,0.029170876368880272,0.3828919231891632,0.556132972240448,1.4755934476852417,-0.10727527737617493,0.008725232444703579,0.42626041173934937,1.4563654661178589,-0.06263817101716995,0.007974972948431969,0.5505766272544861,1.8331483602523804,0.14395388960838318,0.000994394184090197,0.41640642285346985,1.8207157850265503,0.0739767998456955,0.0008970815106295049,0.5539886951446533,1.8849762678146362,0.1510971188545227,0.000992978923022747,0.4127967059612274,1.8743966817855835,0.07800286263227463,0.0018717858474701643,0.52977454662323,1.9474238157272339,-0.15141408145427704,0.0008965583401732147,0.42913708090782166,1.938984751701355,-0.24216611683368683,0.002373490482568741,0.0,0.0,0.0,0.0,0.0,0.0,0.0,0.0,0.0,0.0,0.0,0.0,0.0,0.0,0.0,0.0,0.0,0.0,0.0,0.0,0.0,0.0,0.0,0.0,0.0,0.0,0.0,0.0,0.0,0.0,0.0,0.0,0.0,0.0,0.0,0.0,0.0,0.0,0.0,0.0,0.0,0.0,0.0,0.0,0.0,0.0,0.0,0.0,0.0,0.0,0.0,0.0,0.0,0.0,0.0,0.0,0.0,0.0,0.0,0.0,0.0,0.0,0.0,0.33294281363487244,0.47084254026412964,1.7658921436236596e-08,0.35580095648765564,0.45621705055236816,0.0014738701283931732,0.3725280165672302,0.4272768795490265,0.0016939298948273063,0.38718873262405396,0.4089260399341583,-0.0006818805704824626,0.40151679515838623,0.4017448127269745,-0.003554466413334012,0.36530396342277527,0.37825652956962585,0.009096760302782059,0.3764154613018036,0.35972854495048523,0.0035880315117537975,0.39000174403190613,0.3568088412284851,-0.002043411834165454,0.4003661572933197,0.35593393445014954,-0.005957768764346838,0.3579389750957489,0.3745405972003937,0.00366131030023098,0.3730579912662506,0.3519243001937866,-0.005212235264480114,0.38280364871025085,0.3768298625946045,-0.010698435828089714,0.38375934958457947,0.39918753504753113,-0.012333105318248272,0.34950926899909973,0.3753347396850586,-0.0027317521162331104,0.36383870244026184,0.3552186191082001,-0.012669134885072708,0.3724137842655182,0.38145336508750916,-0.014428823255002499,0.3712989091873169,0.40304359793663025,-0.012773875147104263,0.3395495116710663,0.3801373243331909,-0.00912444293498993,0.35364893078804016,0.36093634366989136,-0.01704235188663006,0.3623865246772766,0.380083829164505,-0.017077570781111717,0.36270081996917725,0.4000222980976105,-0.015154089778661728
0.501563310623169,0.3819870352745056,-0.5866838693618774,0.9998601078987122,0.5153624415397644,0.3445952534675598,-0.5560985803604126,0.999674379825592,0.5227537155151367,0.34471386671066284,-0.5560798048973083,0.9996466040611267,0.5293505191802979,0.3452033996582031,-0.5560960173606873,0.9996557831764221,0.48816797137260437,0.3456225097179413,-0.5477104783058167,0.9997011423110962,0.47932395339012146,0.34643301367759705,-0.5477782487869263,0.9997221231460571,0.4708646535873413,0.3476828634738922,-0.5480912923812866,0.9997649788856506,0.5412587523460388,0.36340174078941345,-0.36025646328926086,0.9995790719985962,0.46098610758781433,0.36602169275283813,-0.3178740441799164,0.9997465014457703,0.518230140209198,0.4230091869831085,-0.5167526006698608,0.9998635649681091,0.48462846875190735,0.42208215594291687,-0.5060248970985413,0.9998902678489685,0.6087254881858826,0.5927132368087769,-0.25322315096855164,0.9994115829467773,0.3983781933784485,0.5821905732154846,-0.16970406472682953,0.9997155666351318,0.6623463034629822,0.8738178014755249,-0.233917236328125,0.9744476079940796,0.29859960079193115,0.7733896970748901,-0.3978016674518585,0.9890977144241333,0.661857008934021,1.147147536277771,-0.3357422947883606,0.8191925287246704,0.32832634449005127,0.49722373485565186,-0.7984825372695923,0.9651389122009277,0.6490323543548584,1.239081621170044,-0.37178900837898254,0.7051208019256592,0.3400132358074188,0.4306051731109619,-0.8874127864837646,0.8939642906188965,0.6355258822441101,1.236348032951355,-0.39574986696243286,0.7265944480895996,0.3537340760231018,0.4229130148887634,-0.8425285816192627,0.8979776501655579,0.6270703673362732,1.2050764560699463,-0.3504168391227722,0.7322458624839783,0.3595831096172333,0.44515520334243774,-0.7966645956039429,0.9072547554969788,0.569012463092804,1.0641406774520874,-0.029722629114985466,0.36227503418922424,0.43195289373397827,1.065632700920105,0.030902203172445297,0.3681223690509796,0.5580863952636719,1.4788068532943726,-0.10743372142314911,0.008644189685583115,0.4276027977466583,1.4590293169021606,-0.04780929163098335,0.007911178283393383,0.553740382194519,1.8371894359588623,0.14707322418689728,0.0009166410309262574,0.4195003807544708,1.825019359588623,0.09631531685590744,0.0008370314608328044,0.5575571656227112,1.8894627094268799,0.15453855693340302,0.0008953689830377698,0.41593873500823975,1.87909734249115,0.10047321021556854,0.0016698780236765742,0.5325939059257507,1.9516420364379883,-0.14543373882770538,0.0008358699851669371,0.4313550293445587,1.9425679445266724,-0.21566976606845856,0.0022387260105460882,0.0,0.0,0.0,0.0,0.0,0.0,0.0,0.0,0.0,0.0,0.0,0.0,0.0,0.0,0.0,0.0,0.0,0.0,0.0,0.0,0.0,0.0,0.0,0.0,0.0,0.0,0.0,0.0,0.0,0.0,0.0,0.0,0.0,0.0,0.0,0.0,0.0,0.0,0.0,0.0,0.0,0.0,0.0,0.0,0.0,0.0,0.0,0.0,0.0,0.0,0.0,0.0,0.0,0.0,0.0,0.0,0.0,0.0,0.0,0.0,0.0,0.0,0.0,0.3248894214630127,0.4694167673587799,3.3598264170819903e-09,0.34924188256263733,0.450771301984787,0.003052837448194623,0.3657912313938141,0.4217053949832916,0.0035757420118898153,0.3800472021102905,0.4050593376159668,0.0010318371932953596,0.39378729462623596,0.3963759243488312,-0.0020112241618335247,0.3558865487575531,0.37210988998413086,0.011138097383081913,0.36760884523391724,0.3522368371486664,0.004885412286967039,0.38254594802856445,0.35211750864982605,-0.0016943055670708418,0.39332836866378784,0.354841411113739,-0.006260577589273453,0.3486928343772888,0.36953046917915344,0.00457327114418149,0.3652399182319641,0.345133900642395,-0.00499845901504159,0.37604421377182007,0.372949481010437,-0.011321142315864563,0.37689849734306335,0.39683613181114197,-0.013509825803339481,0.34068402647972107,0.3711548149585724,-0.00296488287858665,0.35678213834762573,0.3511190116405487,-0.012883422896265984,0.36663439869880676,0.3790881037712097,-0.014562669210135937,0.36582398414611816,0.4007648229598999,-0.012949707917869091,0.3312777876853943,0.37701523303985596,-0.010481826961040497,0.34662920236587524,0.3597959280014038,-0.018189765512943268,0.35572466254234314,0.3789167106151581,-0.01809322088956833,0.35588717460632324,0.3976544737815857,-0.016191110014915466
0.5018512606620789,0.38210001587867737,-0.6889661550521851,0.999861478805542,0.5154407024383545,0.3445172905921936,-0.661535382270813,0.9996763467788696,0.5227354168891907,0.34455081820487976,-0.6615663766860962,0.9996427893638611,0.5293009281158447,0.3450417220592499,-0.6616614460945129,0.9996506571769714,0.4885844588279724,0.34546753764152527,-0.6511721014976501,0.999707818031311,0.47998911142349243,0.34593820571899414,-0.6513187289237976,0.999728262424469,0.4716343879699707,0.3470705449581146,-0.6516801714897156,0.9997687935829163,0.5409756302833557,0.3634277880191803,-0.46140822768211365,0.9995747804641724,0.46140143275260925,0.3654017448425293,-0.41060569882392883,0.9997543096542358,0.5184423327445984,0.4229961931705475,-0.6170587539672852,0.9998670220375061,0.48510250449180603,0.4223443269729614,-0.6038417220115662,0.9998937249183655,0.6091658473014832,0.591899573802948,-0.28416603803634644,0.9993934631347656,0.3978377878665924,0.5834074020385742,-0.255290687084198,0.9997082352638245,0.6634411215782166,0.8640537261962891,-0.23432080447673798,0.9750760197639465,0.2959139943122864,0.7812533974647522,-0.45823946595191956,0.988585352897644,0.6672238111495972,1.1178905963897705,-0.3318310081958771,0.8226460814476013,0.32168376445770264,0.5081795454025269,-0.8798930048942566,0.966022789478302,0.656775176525116,1.2110670804977417,-0.3616414964199066,0.7060112357139587,0.33654624223709106,0.4367816150188446,-0.9709669947624207,0.8974623680114746,0.6421221494674683,1.2051746845245361,-0.38809046149253845,0.727078378200531,0.34987619519233704,0.427322655916214,-0.9309390187263489,0.9017828106880188,0.6408541798591614,1.1752688884735107,-0.34672847390174866,0.7329344153404236,0.3525691628456116,0.4488290548324585,-0.879322350025177,0.910749077796936,0.5695479512214661,1.064881682395935,-0.030256954953074455,0.35493797063827515,0.4316820204257965,1.0728063583374023,0.031382966786623,0.36056753993034363,0.559421718120575,1.4833539724349976,-0.0857405811548233,0.008730754256248474,0.42799681425094604,1.4646064043045044,0.0011295046424493194,0.008020979352295399,0.556686520576477,1.8367693424224854,0.19532255828380585,0.0009050749940797687,0.4231380224227905,1.8279130458831787,0.21120062470436096,0.0008409555885009468,0.5601802468299866,1.8884614706039429,0.20509770512580872,0.0008448795997537673,0.42012518644332886,1.8813101053237915,0.2228434979915619,0.0015872225631028414,0.5373209118843079,1.9566937685012817,-0.10583837330341339,0.0008242509793490171,0.4387688934803009,1.9484384059906006,-0.09207770228385925,0.002298552542924881,0.0,0.0,0.0,0.0,0.0,0.0,0.0,0.0,0.0,0.0,0.0,0.0,0.0,0.0,0.0,0.0,0.0,0.0,0.0,0.0,0.0,0.0,0.0,0.0,0.0,0.0,0.0,0.0,0.0,0.0,0.0,0.0,0.0,0.0,0.0,0.0,0.0,0.0,0.0,0.0,0.0,0.0,0.0,0.0,0.0,0.0,0.0,0.0,0.0,0.0,0.0,0.0,0.0,0.0,0.0,0.0,0.0,0.0,0.0,0.0,0.0,0.0,0.0,0.3175368309020996,0.4695851504802704,-3.124577485635882e-09,0.34238675236701965,0.4484509229660034,0.00291191297583282,0.35875895619392395,0.4174477458000183,0.003218293422833085,0.3730885684490204,0.3986223340034485,0.00042156086419709027,0.3869810700416565,0.39045944809913635,-0.002934690099209547,0.34958019852638245,0.36641883850097656,0.010798782110214233,0.3622478246688843,0.34833961725234985,0.004975548479706049,0.3763521611690521,0.35030651092529297,-0.0013799354201182723,0.38623830676078796,0.3545633554458618,-0.005876501090824604,0.34193724393844604,0.3632899522781372,0.004221252631396055,0.358249306678772,0.34095293283462524,-0.004684749525040388,0.369677871465683,0.36786413192749023,-0.010966314002871513,0.3717711269855499,0.3913627862930298,-0.013366743922233582,0.3335205018520355,0.36599382758140564,-0.003262772224843502,0.3494024872779846,0.34890851378440857,-0.012642490677535534,0.35905081033706665,0.3761481046676636,-0.014687389135360718,0.35905721783638,0.396959125995636,-0.013553650118410587,0.3238150179386139,0.37387725710868835,-0.010728821158409119,0.338864803314209,0.35723116993904114,-0.017619775608181953,0.3479415774345398,0.37568220496177673,-0.0173818189650774,0.3492105305194855,0.39358237385749817,-0.015580510720610619
0.5019989013671875,0.3820492625236511,-0.720701277256012,0.9998555779457092,0.5156273245811462,0.34433093667030334,-0.7015941739082336,0.999660313129425,0.522912323474884,0.34426945447921753,-0.7015731334686279,0.9996223449707031,0.5295422673225403,0.34471040964126587,-0.7019094824790955,0.9996277093887329,0.48926302790641785,0.34517449140548706,-0.6828320026397705,0.9996955990791321,0.48084545135498047,0.34523090720176697,-0.6830037832260132,0.9997171759605408,0.47265535593032837,0.3460786044597626,-0.6833431124687195,0.9997552037239075,0.5409177541732788,0.3631209433078766,-0.45146650075912476,0.9995510578155518,0.46181556582450867,0.3645322024822235,-0.4398673176765442,0.9997496604919434,0.5185972452163696,0.42281636595726013,-0.6592391133308411,0.9998653531074524,0.48561495542526245,0.42159202694892883,-0.6342380046844482,0.999893069267273,0.6092581152915955,0.5919902920722961,-0.29662322998046875,0.9993674159049988,0.3976282775402069,0.5824026465415955,-0.271035373210907,0.9996672868728638,0.6644740700721741,0.868138313293457,-0.27160972356796265,0.9756224155426025,0.29415929317474365,0.7808167338371277,-0.4676284193992615,0.9872668981552124,0.6714972853660583,1.13655686378479,-0.3656448721885681,0.8218244910240173,0.3180808126926422,0.503058671951294,-0.8849700093269348,0.9636343121528625,0.6625354886054993,1.2325438261032104,-0.3968268632888794,0.7022148966789246,0.33075934648513794,0.4323303997516632,-0.9756757020950317,0.8938561677932739,0.6487605571746826,1.2289959192276,-0.4228726923465729,0.7228947877883911,0.34421053528785706,0.42268499732017517,-0.934633195400238,0.8992512226104736,0.646948516368866,1.1980245113372803,-0.3806382417678833,0.729577362537384,0.3447635769844055,0.443829208612442,-0.8844982385635376,0.907785177230835,0.5698356628417969,1.0653386116027832,-0.03372073546051979,0.3471570611000061,0.4319329261779785,1.0751615762710571,0.034768570214509964,0.3535374402999878,0.560224711894989,1.4834040403366089,-0.06673657149076462,0.009142494760453701,0.4281406104564667,1.4660381078720093,-0.0012706589186564088,0.008332661353051662,0.5578087568283081,1.8383029699325562,0.2406362146139145,0.000978163443505764,0.4246639609336853,1.8320146799087524,0.22114543616771698,0.0009299677913077176,0.5613632202148438,1.8892966508865356,0.25289681553840637,0.0008659496670588851,0.42226314544677734,1.8841801881790161,0.23402217030525208,0.0016726590692996979,0.5375009775161743,1.9566186666488647,-0.059737227857112885,0.0008468405576422811,0.4395292103290558,1.9502291679382324,-0.06714501231908798,0.002513358136638999,0.0,0.0,0.0,0.0,0.0,0.0,0.0,0.0,0.0,0.0,0.0,0.0,0.0,0.0,0.0,0.0,0.0,0.0,0.0,0.0,0.0,0.0,0.0,0.0,0.0,0.0,0.0,0.0,0.0,0.0,0.0,0.0,0.0,0.0,0.0,0.0,0.0,0.0,0.0,0.0,0.0,0.0,0.0,0.0,0.0,0.0,0.0,0.0,0.0,0.0,0.0,0.0,0.0,0.0,0.0,0.0,0.0,0.0,0.0,0.0,0.0,0.0,0.0,0.30941373109817505,0.4699482321739197,1.494350060360361e-10,0.3348120152950287,0.4459097981452942,0.0030119565781205893,0.35090044140815735,0.4146009087562561,0.003352294908836484,0.36510610580444336,0.3943794071674347,0.0004244603915140033,0.3785223662853241,0.3844597041606903,-0.0028965240344405174,0.3407486081123352,0.366407573223114,0.011360195465385914,0.35356423258781433,0.3458116352558136,0.00460145203396678,0.3680342733860016,0.34918490052223206,-0.0024790738243609667,0.37780943512916565,0.3559441566467285,-0.007116686087101698,0.3336881697177887,0.3639185130596161,0.004766036290675402,0.34996679425239563,0.338107705116272,-0.004767664708197117,0.36268436908721924,0.3626382052898407,-0.011734756641089916,0.3660184442996979,0.3866322636604309,-0.014438548125326633,0.3256342113018036,0.3656954765319824,-0.0028480433393269777,0.34193485975265503,0.3453156352043152,-0.012485814280807972,0.3527715504169464,0.371223509311676,-0.015115397982299328,0.35382434725761414,0.39370325207710266,-0.014196603558957577,0.31619077920913696,0.37204253673553467,-0.010483752004802227,0.33170801401138306,0.3541563153266907,-0.017448822036385536,0.34143874049186707,0.37166303396224976,-0.01767372153699398,0.34326690435409546,0.39061713218688965,-0.016073046252131462
0.5023255944252014,0.3832440674304962,-0.7463485598564148,0.9998546242713928,0.5157426595687866,0.3448019325733185,-0.6978064775466919,0.9996587634086609,0.5230785608291626,0.3445308208465576,-0.6978123188018799,0.9996182322502136,0.5299727320671082,0.3451230227947235,-0.6975613832473755,0.999622106552124,0.4894395172595978,0.34648263454437256,-0.7124319672584534,0.9996958374977112,0.4810924828052521,0.34681835770606995,-0.7125425934791565,0.9997169375419617,0.4729192554950714,0.34797248244285583,-0.7128898501396179,0.9997542500495911,0.5411942601203918,0.36323633790016174,-0.46116018295288086,0.9995521306991577,0.46205300092697144,0.3653828799724579,-0.48330923914909363,0.9997522234916687,0.5188071727752686,0.42327675223350525,-0.6475631594657898,0.9998669028282166,0.48611003160476685,0.4234621226787567,-0.6702737808227539,0.9998949766159058,0.6094678044319153,0.5914509296417236,-0.3116604685783386,0.9993468523025513,0.39761117100715637,0.5840638279914856,-0.2805972397327423,0.9996494650840759,0.6652802228927612,0.86812424659729,-0.2818317413330078,0.9753932952880859,0.2930438220500946,0.7840690612792969,-0.46662113070487976,0.9861375093460083,0.667353093624115,1.1530845165252686,-0.37296783924102783,0.8182255029678345,0.3094727396965027,0.5066286325454712,-0.8839336633682251,0.9623706340789795,0.6697782874107361,1.2335901260375977,-0.4036062955856323,0.6961475610733032,0.319547176361084,0.4378785490989685,-0.9733449220657349,0.8927896022796631,0.6574777364730835,1.2314802408218384,-0.43326255679130554,0.7167486548423767,0.3337532877922058,0.4256959557533264,-0.936450719833374,0.8989373445510864,0.6479480862617493,1.2003276348114014,-0.3893130421638489,0.7236356139183044,0.33621034026145935,0.4453718066215515,-0.884884774684906,0.907360315322876,0.5702120661735535,1.0646533966064453,-0.03637051582336426,0.3376978039741516,0.4326765239238739,1.0395424365997314,0.037476472556591034,0.34530848264694214,0.5576891303062439,1.4852200746536255,-0.11343280225992203,0.009230815805494785,0.42717739939689636,1.4671251773834229,-0.04072078317403793,0.008480910211801529,0.5546524524688721,1.8405711650848389,0.1627613753080368,0.0009648344130255282,0.41828346252441406,1.835223913192749,0.1235627681016922,0.000928038964048028,0.5580558776855469,1.8917174339294434,0.1715124100446701,0.000831842771731317,0.4147835075855255,1.8890455961227417,0.13013674318790436,0.0016128470888361335,0.5340185761451721,1.9581961631774902,-0.14365774393081665,0.000829425931442529,0.4304412603378296,1.9505900144577026,-0.20523814857006073,0.0025256453081965446,0.0,0.0,0.0,0.0,0.0,0.0,0.0,0.0,0.0,0.0,0.0,0.0,0.0,0.0,0.0,0.0,0.0,0.0,0.0,0.0,0.0,0.0,0.0,0.0,0.0,0.0,0.0,0.0,0.0,0.0,0.0,0.0,0.0,0.0,0.0,0.0,0.0,0.0,0.0,0.0,0.0,0.0,0.0,0.0,0.0,0.0,0.0,0.0,0.0,0.0,0.0,0.0,0.0,0.0,0.0,0.0,0.0,0.0,0.0,0.0,0.0,0.0,0.0,0.30774757266044617,0.46375682950019836,5.219258802924287e-09,0.3304755687713623,0.44403618574142456,0.0019367216154932976,0.3463597297668457,0.4135074317455292,0.0019338292768225074,0.3600340485572815,0.3951249420642853,-0.0009088672231882811,0.3725045323371887,0.3862275779247284,-0.004069196525961161,0.33537745475769043,0.3654545247554779,0.008935753256082535,0.3472123444080353,0.344577431678772,0.001980215311050415,0.3616601526737213,0.35023581981658936,-0.005119237117469311,0.3718317449092865,0.35956448316574097,-0.00972406379878521,0.32770678400993347,0.36332210898399353,0.0031209317967295647,0.34290391206741333,0.3384220600128174,-0.006248987279832363,0.35649174451828003,0.3618433177471161,-0.013002526015043259,0.3610357642173767,0.38547182083129883,-0.015711283311247826,0.31925222277641296,0.3655409514904022,-0.0036622167099267244,0.33465486764907837,0.34475284814834595,-0.013205472379922867,0.3464445173740387,0.37012067437171936,-0.01573394238948822,0.3487592339515686,0.3932051658630371,-0.014912379905581474,0.3097568452358246,0.3725261986255646,-0.010523411445319653,0.32431116700172424,0.35507869720458984,-0.01803429238498211,0.3345116376876831,0.371724396944046,-0.018574798479676247,0.33749571442604065,0.39069321751594543,-0.01716836541891098
0.501818060874939,0.3829362392425537,-0.7583408355712891,0.9998450875282288,0.515383243560791,0.34442225098609924,-0.7005593776702881,0.999640941619873,0.5227539539337158,0.3440358638763428,-0.7005539536476135,0.9995949864387512,0.529525876045227,0.34437689185142517,-0.7002251148223877,0.999596118927002,0.48910728096961975,0.3458462953567505,-0.7217057943344116,0.9996832609176636,0.4806445240974426,0.3458573520183563,-0.7219060659408569,0.9997056722640991,0.47246071696281433,0.34676748514175415,-0.7222957015037537,0.9997463226318359,0.5405159592628479,0.36219048500061035,-0.467169851064682,0.9995340704917908,0.4619816243648529,0.3648328483104706,-0.4665702283382416,0.9997450709342957,0.5184698700904846,0.4227866530418396,-0.648689866065979,0.9998645186424255,0.4860820174217224,0.4218423068523407,-0.6642894744873047,0.9998939037322998,0.6097478866577148,0.5928846001625061,-0.3253817558288574,0.9992918372154236,0.39720162749290466,0.5853005051612854,-0.27875879406929016,0.9996348023414612,0.6663513779640198,0.8730891942977905,-0.3014412522315979,0.9746172428131104,0.29135292768478394,0.7855049967765808,-0.4770585894584656,0.9852612018585205,0.6601541638374329,1.1500966548919678,-0.3892377018928528,0.8105117678642273,0.3028012812137604,0.5043158531188965,-0.9033750295639038,0.9621133208274841,0.6673271059989929,1.2310645580291748,-0.41855302453041077,0.6870601773262024,0.3109574615955353,0.4353993535041809,-0.9931935667991638,0.8933609127998352,0.648972749710083,1.2260559797286987,-0.4462278187274933,0.7073176503181458,0.32674434781074524,0.4179461896419525,-0.9572304487228394,0.8999567627906799,0.6377983689308167,1.194310188293457,-0.40419575572013855,0.7142811417579651,0.3290288746356964,0.4390096664428711,-0.90489262342453,0.9081743955612183,0.575604259967804,1.0790109634399414,-0.035443611443042755,0.3238638937473297,0.43189123272895813,1.0335849523544312,0.036523040384054184,0.33474189043045044,0.558404803276062,1.4901190996170044,-0.10739695280790329,0.009222855791449547,0.42601487040519714,1.4701553583145142,-0.04500361159443855,0.00875762291252613,0.5552774667739868,1.842077374458313,0.17106562852859497,0.0009297779179178178,0.41770750284194946,1.835545539855957,0.12634962797164917,0.0009262450621463358,0.5588039755821228,1.893394112586975,0.18004556000232697,0.0007734750397503376,0.41407424211502075,1.8908324241638184,0.13349168002605438,0.0015259371139109135,0.5346705317497253,1.9658892154693604,-0.13506047427654266,0.0008030310273170471,0.43081676959991455,1.9554784297943115,-0.2002476304769516,0.0025254550855606794,0.0,0.0,0.0,0.0,0.0,0.0,0.0,0.0,0.0,0.0,0.0,0.0,0.0,0.0,0.0,0.0,0.0,0.0,0.0,0.0,0.0,0.0,0.0,0.0,0.0,0.0,0.0,0.0,0.0,0.0,0.0,0.0,0.0,0.0,0.0,0.0,0.0,0.0,0.0,0.0,0.0,0.0,0.0,0.0,0.0,0.0,0.0,0.0,0.0,0.0,0.0,0.0,0.0,0.0,0.0,0.0,0.0,0.0,0.0,0.0,0.0,0.0,0.0,0.29877904057502747,0.4614933431148529,2.123422504496375e-08,0.322560578584671,0.43893855810165405,0.0012729726731777191,0.33846133947372437,0.40804600715637207,0.0007389339152723551,0.35245460271835327,0.3875633180141449,-0.0025639007799327374,0.3654050827026367,0.3784898519515991,-0.006126482505351305,0.32854634523391724,0.36254388093948364,0.007867580279707909,0.3416854441165924,0.3404131233692169,0.000643518113065511,0.35583269596099854,0.34799841046333313,-0.006658890750259161,0.36555108428001404,0.35865744948387146,-0.011345488019287586,0.32117506861686707,0.36040788888931274,0.0023333840072155,0.33680224418640137,0.33293426036834717,-0.006743890233337879,0.3508763313293457,0.35313695669174194,-0.013648106716573238,0.35658618807792664,0.3756657838821411,-0.016741301864385605,0.3126802444458008,0.36190780997276306,-0.004214692860841751,0.3283575177192688,0.33918604254722595,-0.013404772616922855,0.3404894769191742,0.3621208667755127,-0.016380364075303078,0.3435208797454834,0.3848576247692108,-0.016078989952802658,0.302871972322464,0.36764436960220337,-0.010920888744294643,0.3179371654987335,0.34864571690559387,-0.017740067094564438,0.32827192544937134,0.36405912041664124,-0.01834198273718357,0.3314763307571411,0.3831555247306824,-0.01719747669994831
0.5019423961639404,0.3820314109325409,-0.7907676696777344,0.9998378753662109,0.515415370464325,0.34386199712753296,-0.7344933748245239,0.9996259212493896,0.5227739214897156,0.3435564935207367,-0.734455943107605,0.9995777010917664,0.5294386744499207,0.3437946140766144,-0.734022319316864,0.99957275390625,0.48919275403022766,0.3446824252605438,-0.7625874280929565,0.9996713995933533,0.48078563809394836,0.34437206387519836,-0.7624525427818298,0.9996970295906067,0.4725622534751892,0.3449661433696747,-0.7627547979354858,0.9997367858886719,0.5399884581565857,0.3615383505821228,-0.4860439896583557,0.9995194673538208,0.4620669186115265,0.3633742332458496,-0.5067404508590698,0.9997397065162659,0.5185930728912354,0.4221883714199066,-0.6795995235443115,0.9998623132705688,0.4867071211338043,0.42040151357650757,-0.7103561162948608,0.9998926520347595,0.6101997494697571,0.5916258096694946,-0.33248382806777954,0.9992486238479614,0.3967500627040863,0.5864550471305847,-0.3084971010684967,0.9996241927146912,0.6661631464958191,0.86761474609375,-0.3023698925971985,0.9738084673881531,0.2869117558002472,0.7835069894790649,-0.49469220638275146,0.9849510192871094,0.6664833426475525,1.1487363576889038,-0.3952242136001587,0.806006669998169,0.29759252071380615,0.5020143985748291,-0.9216751456260681,0.9616934061050415,0.6762334108352661,1.2290996313095093,-0.4243389964103699,0.6816375851631165,0.30796846747398376,0.4338753819465637,-1.0120259523391724,0.8928244709968567,0.6590115427970886,1.2247270345687866,-0.45476600527763367,0.7020508050918579,0.3214859962463379,0.4186464548110962,-0.9782575368881226,0.8998172879219055,0.6467530131340027,1.1932770013809204,-0.41165438294410706,0.7090367674827576,0.3229209780693054,0.4382120668888092,-0.9242034554481506,0.9076980352401733,0.5718452334403992,1.064250111579895,-0.03575434908270836,0.3160441219806671,0.4302166998386383,1.0649782419204712,0.03679067641496658,0.3289366364479065,0.5578647255897522,1.4901686906814575,-0.10237165540456772,0.009480136446654797,0.4256562888622284,1.4718791246414185,-0.050080008804798126,0.009207571856677532,0.5557630062103271,1.8428128957748413,0.18511174619197845,0.0009404330048710108,0.41763412952423096,1.8370345830917358,0.12502199411392212,0.0009727930300869048,0.5592555403709412,1.8942781686782837,0.19497011601924896,0.0007525516557507217,0.4139848053455353,1.8930714130401611,0.13236109912395477,0.0015200964407995343,0.5353876948356628,1.9686579704284668,-0.12017615884542465,0.0008069131872616708,0.4311653673648834,1.9591588973999023,-0.20264996588230133,0.0026403244119137526,0.0,0.0,0.0,0.0,0.0,0.0,0.0,0.0,0.0,0.0,0.0,0.0,0.0,0.0,0.0,0.0,0.0,0.0,0.0,0.0,0.0,0.0,0.0,0.0,0.0,0.0,0.0,0.0,0.0,0.0,0.0,0.0,0.0,0.0,0.0,0.0,0.0,0.0,0.0,0.0,0.0,0.0,0.0,0.0,0.0,0.0,0.0,0.0,0.0,0.0,0.0,0.0,0.0,0.0,0.0,0.0,0.0,0.0,0.0,0.0,0.0,0.0,0.0,0.29271385073661804,0.4619157314300537,1.1019356982444606e-08,0.3164234459400177,0.43963298201560974,0.0017806576797738671,0.33160293102264404,0.4084002673625946,0.001570429652929306,0.3451005220413208,0.3886207640171051,-0.001590351341292262,0.3578994870185852,0.3788219690322876,-0.005143664311617613,0.32260265946388245,0.3639144003391266,0.008252783678472042,0.3347570598125458,0.34087473154067993,0.0007329308427870274,0.34887605905532837,0.34941574931144714,-0.006877521052956581,0.3580317497253418,0.3606419563293457,-0.011714783497154713,0.3153655529022217,0.3617742657661438,0.002509321551769972,0.32957369089126587,0.33372604846954346,-0.006700543221086264,0.3433142900466919,0.3550693392753601,-0.013869633898139,0.34806567430496216,0.37704432010650635,-0.017220988869667053,0.30681121349334717,0.3632700443267822,-0.004248125944286585,0.32050636410713196,0.3380850851535797,-0.013480947352945805,0.3326728940010071,0.36163532733917236,-0.016719331964850426,0.3352712094783783,0.3844314217567444,-0.01668454520404339,0.29657113552093506,0.36860281229019165,-0.011092621833086014,0.3098527193069458,0.3472718596458435,-0.018184717744588852,0.32027319073677063,0.362880676984787,-0.01900342106819153,0.32346177101135254,0.38212651014328003,-0.0180505458265543
0.5018311142921448,0.38191860914230347,-0.7225049734115601,0.9998354315757751,0.5153633952140808,0.34368184208869934,-0.692718505859375,0.999620795249939,0.5226814150810242,0.3434508740901947,-0.6927393078804016,0.9995732307434082,0.5292390584945679,0.3436622619628906,-0.6927687525749207,0.9995639324188232,0.48916196823120117,0.34447193145751953,-0.6836730241775513,0.9996659755706787,0.4807319641113281,0.3442274034023285,-0.6838414072990417,0.9996936321258545,0.4724326729774475,0.3449768126010895,-0.6841974854469299,0.9997289776802063,0.5395702719688416,0.3613579273223877,-0.48280125856399536,0.9995164275169373,0.4620334208011627,0.3633052706718445,-0.4349612295627594,0.9997415542602539,0.5185816287994385,0.42203015089035034,-0.6446082592010498,0.9998632073402405,0.48673444986343384,0.4202846586704254,-0.6333876848220825,0.9998932480812073,0.610883355140686,0.5926057696342468,-0.32461652159690857,0.9992222189903259,0.39640510082244873,0.5857298374176025,-0.24878771603107452,0.9996138215065002,0.6669370532035828,0.8733938932418823,-0.2915952801704407,0.9731898307800293,0.2854156494140625,0.7784749865531921,-0.47216418385505676,0.9848434925079346,0.6613451242446899,1.1571224927902222,-0.37460553646087646,0.8021230101585388,0.2943657636642456,0.49705958366394043,-0.9163576364517212,0.9605457186698914,0.6682055592536926,1.2379529476165771,-0.40331560373306274,0.6777387261390686,0.30451974272727966,0.42885664105415344,-1.0082106590270996,0.8902719020843506,0.6495991945266724,1.2323381900787354,-0.42995816469192505,0.6981589198112488,0.3175066411495209,0.41405820846557617,-0.9749825596809387,0.8980255722999573,0.6379987001419067,1.2004488706588745,-0.38914787769317627,0.7046321630477905,0.3190973997116089,0.43357613682746887,-0.9201680421829224,0.9054187536239624,0.5709730386734009,1.0673072338104248,-0.042149316519498825,0.3160989582538605,0.4311203956604004,1.074180006980896,0.04310508072376251,0.33209139108657837,0.5580676198005676,1.4897173643112183,-0.10861115157604218,0.010517561808228493,0.427905410528183,1.4716764688491821,-0.04934058338403702,0.010232076980173588,0.5571337938308716,1.8462398052215576,0.18382172286510468,0.0009994786232709885,0.42057767510414124,1.8409793376922607,0.13439594209194183,0.0010676387464627624,0.560919463634491,1.8984168767929077,0.1940409541130066,0.0007713306695222855,0.417713463306427,1.896806001663208,0.14239396154880524,0.0016181109240278602,0.536503255367279,1.9683408737182617,-0.12111351639032364,0.0008361064828932285,0.4311859905719757,1.9584554433822632,-0.19329601526260376,0.0028456258587539196,0.0,0.0,0.0,0.0,0.0,0.0,0.0,0.0,0.0,0.0,0.0,0.0,0.0,0.0,0.0,0.0,0.0,0.0,0.0,0.0,0.0,0.0,0.0,0.0,0.0,0.0,0.0,0.0,0.0,0.0,0.0,0.0,0.0,0.0,0.0,0.0,0.0,0.0,0.0,0.0,0.0,0.0,0.0,0.0,0.0,0.0,0.0,0.0,0.0,0.0,0.0,0.0,0.0,0.0,0.0,0.0,0.0,0.0,0.0,0.0,0.0,0.0,0.0,0.2859456539154053,0.46442165970802307,7.475903451847898e-09,0.31056317687034607,0.43882685899734497,0.0017716864822432399,0.32564541697502136,0.4059533476829529,0.0013819674495607615,0.33941954374313354,0.38521572947502136,-0.0020351987332105637,0.35275334119796753,0.37639370560646057,-0.005804302636533976,0.3151685297489166,0.35889947414398193,0.008609985932707787,0.3281927704811096,0.3365609347820282,0.0011968580074608326,0.34227454662323,0.34550976753234863,-0.006658803205937147,0.35173484683036804,0.35811692476272583,-0.011763086542487144,0.3077497184276581,0.3572878837585449,0.00271132355555892,0.32247674465179443,0.331419974565506,-0.0066697001457214355,0.3370819687843323,0.3516763746738434,-0.014485446736216545,0.34327971935272217,0.3751617968082428,-0.01830437406897545,0.29926982522010803,0.36048179864883423,-0.004175752401351929,0.3136409521102905,0.337671160697937,-0.01334253791719675,0.32660630345344543,0.3597787618637085,-0.017235249280929565,0.3304821848869324,0.3835577070713043,-0.017720691859722137,0.2894963324069977,0.368263304233551,-0.01120346412062645,0.3032367527484894,0.3484152853488922,-0.01832542009651661,0.31399840116500854,0.3629775047302246,-0.0196535624563694,0.3181414306163788,0.38274523615837097,-0.01906011439859867
0.5022029876708984,0.38242587447166443,-0.7181566953659058,0.9998388290405273,0.5154863595962524,0.34376248717308044,-0.6885082125663757,0.9996325969696045,0.5228201746940613,0.34347137808799744,-0.6885145306587219,0.9995835423469543,0.5293842554092407,0.34376260638237,-0.6885482668876648,0.9995750188827515,0.4891759753227234,0.34504836797714233,-0.6799084544181824,0.9996747970581055,0.4806481897830963,0.3451642692089081,-0.6800264716148376,0.9996996521949768,0.47225216031074524,0.34635278582572937,-0.6803627014160156,0.9997357726097107,0.5395088791847229,0.36162781715393066,-0.4756671190261841,0.9995366930961609,0.4616921842098236,0.3646779954433441,-0.43271905183792114,0.9997504353523254,0.518847644329071,0.4221371114253998,-0.6400536298751831,0.9998699426651001,0.48696058988571167,0.4217032194137573,-0.6293930411338806,0.9998974800109863,0.6110219359397888,0.5928840637207031,-0.32589778304100037,0.9992543458938599,0.39562350511550903,0.5855868458747864,-0.2527146637439728,0.9996120929718018,0.6664894819259644,0.8802766799926758,-0.29243507981300354,0.973554790019989,0.2852594256401062,0.7767340540885925,-0.47795456647872925,0.9846029281616211,0.6594166159629822,1.170936942100525,-0.37610045075416565,0.801298975944519,0.28735193610191345,0.49282407760620117,-0.9228622913360596,0.9589282274246216,0.6656985878944397,1.2552804946899414,-0.40583640336990356,0.6760846376419067,0.3002488315105438,0.42488202452659607,-1.0168613195419312,0.8877782225608826,0.645578920841217,1.249685287475586,-0.43291279673576355,0.6966316103935242,0.31281933188438416,0.4088224172592163,-0.9851716160774231,0.8961419463157654,0.6343908309936523,1.2170202732086182,-0.390987753868103,0.7033223509788513,0.3131217360496521,0.42832833528518677,-0.927638828754425,0.9035857319831848,0.5702388286590576,1.0726566314697266,-0.0397442989051342,0.3105672299861908,0.4299909472465515,1.0783482789993286,0.04086754098534584,0.33027902245521545,0.5577953457832336,1.4921650886535645,-0.0681169256567955,0.01060694083571434,0.42652806639671326,1.4735252857208252,-0.038496147841215134,0.010495931841433048,0.5533367395401001,1.8516130447387695,0.2544756233692169,0.000979878008365631,0.4181515574455261,1.8455684185028076,0.17762969434261322,0.001063768519088626,0.5565826892852783,1.9032459259033203,0.2673884332180023,0.0007389414822682738,0.4151599109172821,1.90038001537323,0.18845947086811066,0.0015952234389260411,0.5323613882064819,1.9706302881240845,-0.05113137140870094,0.0008115472155623138,0.42964497208595276,1.9621306657791138,-0.15270739793777466,0.002839728258550167,0.0,0.0,0.0,0.0,0.0,0.0,0.0,0.0,0.0,0.0,0.0,0.0,0.0,0.0,0.0,0.0,0.0,0.0,0.0,0.0,0.0,0.0,0.0,0.0,0.0,0.0,0.0,0.0,0.0,0.0,0.0,0.0,0.0,0.0,0.0,0.0,0.0,0.0,0.0,0.0,0.0,0.0,0.0,0.0,0.0,0.0,0.0,0.0,0.0,0.0,0.0,0.0,0.0,0.0,0.0,0.0,0.0,0.0,0.0,0.0,0.0,0.0,0.0,0.2804957926273346,0.46501168608665466,-8.793226591308212e-09,0.30605384707450867,0.43547117710113525,0.0028359745629131794,0.32002463936805725,0.4031665325164795,0.0022588465362787247,0.3337182402610779,0.38319382071495056,-0.0017454065382480621,0.3472678065299988,0.37468358874320984,-0.006300979293882847,0.3094155192375183,0.35653528571128845,0.008706466294825077,0.3220461905002594,0.33393052220344543,0.0007594102644361556,0.3363080322742462,0.3454586863517761,-0.007609664462506771,0.345767617225647,0.35957255959510803,-0.013048416934907436,0.30172839760780334,0.3560786843299866,0.0019223904237151146,0.3165512681007385,0.3305072784423828,-0.007490602321922779,0.3315356969833374,0.35199859738349915,-0.015647312626242638,0.3380231261253357,0.37520694732666016,-0.019987331703305244,0.29292380809783936,0.36058691143989563,-0.005762515123933554,0.307186096906662,0.33662664890289307,-0.014986553229391575,0.32118746638298035,0.3590051531791687,-0.01908222772181034,0.32594406604766846,0.38321083784103394,-0.01988738402724266,0.282737135887146,0.3701644837856293,-0.013502686284482479,0.2962223291397095,0.3476763665676117,-0.0206161979585886,0.3076316714286804,0.3621180057525635,-0.02178678661584854,0.31245118379592896,0.38259556889533997,-0.02119768224656582
0.5022478699684143,0.38370147347450256,-0.7391590476036072,0.9998396635055542,0.5154956579208374,0.344383180141449,-0.710220992565155,0.9996347427368164,0.52289217710495,0.3439843952655792,-0.7102217078208923,0.9995883107185364,0.5294947028160095,0.34469953179359436,-0.7102652788162231,0.99957674741745,0.48914021253585815,0.3464082181453705,-0.7031373381614685,0.9996751546859741,0.4804856479167938,0.346809446811676,-0.7032832503318787,0.9997003674507141,0.47198405861854553,0.3481094241142273,-0.7036296725273132,0.9997327923774719,0.5397517681121826,0.36275508999824524,-0.4896220564842224,0.9995439052581787,0.46155038475990295,0.36586639285087585,-0.4556783139705658,0.9997567534446716,0.5187177062034607,0.42282649874687195,-0.6577051877975464,0.9998741745948792,0.48680397868156433,0.4241147041320801,-0.6492970585823059,0.9999005794525146,0.611079216003418,0.5926424860954285,-0.3263166844844818,0.9992879033088684,0.395235538482666,0.5864740014076233,-0.275113046169281,0.9996073842048645,0.6667559146881104,0.879676342010498,-0.2944192886352539,0.9743105173110962,0.2855716049671173,0.7772562503814697,-0.5056571364402771,0.9842539429664612,0.6621721982955933,1.1662763357162476,-0.38089779019355774,0.8031838536262512,0.2838190495967865,0.5044859647750854,-0.9600006341934204,0.9562994241714478,0.6692730188369751,1.251354455947876,-0.41009190678596497,0.6759143471717834,0.29253464937210083,0.4349294900894165,-1.0557891130447388,0.8833507299423218,0.6493459343910217,1.2464674711227417,-0.43954864144325256,0.6964189410209656,0.3056432902812958,0.4166213870048523,-1.0264993906021118,0.8927022814750671,0.6376818418502808,1.2136712074279785,-0.3966556191444397,0.7031266689300537,0.30634209513664246,0.4363958239555359,-0.9655284881591797,0.8996391296386719,0.5692885518074036,1.0736753940582275,-0.034304194152355194,0.3095775246620178,0.42963650822639465,1.0816618204116821,0.0354243703186512,0.33393576741218567,0.5558741092681885,1.4935780763626099,-0.06357008218765259,0.011464365758001804,0.4237939119338989,1.4743199348449707,-0.05494675412774086,0.011213534511625767,0.5512038469314575,1.8538987636566162,0.2502424418926239,0.0010320947039872408,0.4157264530658722,1.8468021154403687,0.16461876034736633,0.0011656152782961726,0.5539993047714233,1.9052989482879639,0.2625003159046173,0.0007500636857002974,0.4127744734287262,1.9012776613235474,0.17485369741916656,0.001686856267042458,0.530602216720581,1.9734681844711304,-0.05435911566019058,0.0008480768883600831,0.4284324645996094,1.9631985425949097,-0.168016716837883,0.0030370033346116543,0.0,0.0,0.0,0.0,0.0,0.0,0.0,0.0,0.0,0.0,0.0,0.0,0.0,0.0,0.0,0.0,0.0,0.0,0.0,0.0,0.0,0.0,0.0,0.0,0.0,0.0,0.0,0.0,0.0,0.0,0.0,0.0,0.0,0.0,0.0,0.0,0.0,0.0,0.0,0.0,0.0,0.0,0.0,0.0,0.0,0.0,0.0,0.0,0.0,0.0,0.0,0.0,0.0,0.0,0.0,0.0,0.0,0.0,0.0,0.0,0.0,0.0,0.0,0.27607256174087524,0.4659504294395447,2.0022667968078167e-08,0.3002595603466034,0.4388837218284607,0.0020137836690992117,0.31428730487823486,0.4049593210220337,0.0016632071929052472,0.32760801911354065,0.3844624161720276,-0.0018212328432127833,0.3407437205314636,0.3751380145549774,-0.0057992408983409405,0.30393052101135254,0.36122629046440125,0.007817847654223442,0.3164893388748169,0.33865413069725037,-6.916141865076497e-05,0.3306660056114197,0.3485124409198761,-0.00802583247423172,0.34013429284095764,0.36094021797180176,-0.013084637932479382,0.29632532596588135,0.35988157987594604,0.0017720586620271206,0.31066879630088806,0.3323677182197571,-0.007814493961632252,0.3248620629310608,0.3534986972808838,-0.015389432199299335,0.33047008514404297,0.37664222717285156,-0.019075743854045868,0.28770267963409424,0.3632172644138336,-0.005231744609773159,0.30084165930747986,0.33743107318878174,-0.014372524805366993,0.31361058354377747,0.36010870337486267,-0.017955562099814415,0.3171979784965515,0.3841527998447418,-0.018255848437547684,0.27762630581855774,0.37117815017700195,-0.01235797069966793,0.29008960723876953,0.34791308641433716,-0.019243020564317703,0.3012060523033142,0.36180147528648376,-0.020326610654592514,0.30573582649230957,0.3814745545387268,-0.019650109112262726
0.5027515292167664,0.3844703435897827,-0.7173999547958374,0.9998428821563721,0.5159854292869568,0.34483060240745544,-0.6869977116584778,0.9996447563171387,0.5235396027565002,0.3445611298084259,-0.687000572681427,0.9995959997177124,0.5301770567893982,0.34562936425209045,-0.687015175819397,0.9995871186256409,0.4894739091396332,0.34718501567840576,-0.679441511631012,0.9996833205223083,0.48079970479011536,0.347608745098114,-0.6795951128005981,0.9997063279151917,0.47241735458374023,0.3487977385520935,-0.6799395680427551,0.9997408390045166,0.540421724319458,0.3637520968914032,-0.47060897946357727,0.9995592832565308,0.46186843514442444,0.3665532171726227,-0.4336773157119751,0.9997637271881104,0.5190565586090088,0.42337310314178467,-0.6383775472640991,0.999879002571106,0.4870818853378296,0.4253411889076233,-0.6292571425437927,0.9999040365219116,0.6111428141593933,0.5928758382797241,-0.32602205872535706,0.999323844909668,0.3949756622314453,0.5877328515052795,-0.25596359372138977,0.9996184706687927,0.6664054989814758,0.8827168345451355,-0.29124176502227783,0.9749035239219666,0.2843931019306183,0.7775787115097046,-0.4866466522216797,0.984801173210144,0.6588490009307861,1.175781011581421,-0.37474676966667175,0.8044379949569702,0.2790919542312622,0.5054693222045898,-0.9357197284698486,0.9548478722572327,0.6652409434318542,1.2621651887893677,-0.40435558557510376,0.6765227913856506,0.28821614384651184,0.43398964405059814,-1.0308148860931396,0.8795821666717529,0.6447308659553528,1.2573264837265015,-0.4323548972606659,0.69719398021698,0.30126655101776123,0.41694554686546326,-1.000035047531128,0.8893961906433105,0.6333028674125671,1.2241705656051636,-0.3899745047092438,0.7035790681838989,0.3026677668094635,0.4358626902103424,-0.9410408735275269,0.8964181542396545,0.5691462755203247,1.074270248413086,-0.03614379093050957,0.3175702691078186,0.43005457520484924,1.0822694301605225,0.03722930699586868,0.3438749313354492,0.5544956922531128,1.4942106008529663,-0.061296187341213226,0.012108907103538513,0.4240139424800873,1.4747003316879272,-0.049235355108976364,0.01178406085819006,0.5487300753593445,1.8550375699996948,0.25823065638542175,0.0010518442140892148,0.41548290848731995,1.8478479385375977,0.18024444580078125,0.001222922233864665,0.551298975944519,1.9066905975341797,0.27117660641670227,0.0007492488366551697,0.41258102655410767,1.90185546875,0.19114191830158234,0.0017655640840530396,0.5286889672279358,1.9744457006454468,-0.04422839358448982,0.000860032974742353,0.4267534017562866,1.9641950130462646,-0.1491130292415619,0.0031455601565539837,0.0,0.0,0.0,0.0,0.0,0.0,0.0,0.0,0.0,0.0,0.0,0.0,0.0,0.0,0.0,0.0,0.0,0.0,0.0,0.0,0.0,0.0,0.0,0.0,0.0,0.0,0.0,0.0,0.0,0.0,0.0,0.0,0.0,0.0,0.0,0.0,0.0,0.0,0.0,0.0,0.0,0.0,0.0,0.0,0.0,0.0,0.0,0.0,0.0,0.0,0.0,0.0,0.0,0.0,0.0,0.0,0.0,0.0,0.0,0.0,0.0,0.0,0.0,0.2706226706504822,0.46846991777420044,2.0029940372978672e-08,0.29557153582572937,0.43708768486976624,0.002967130159959197,0.3088781237602234,0.40225231647491455,0.0026382028590887785,0.32203757762908936,0.38176801800727844,-0.001029590959660709,0.3355555236339569,0.3732758164405823,-0.005008886568248272,0.29711297154426575,0.3562479615211487,0.00936193484812975,0.31105461716651917,0.335508793592453,0.0015217297477647662,0.32552894949913025,0.34650322794914246,-0.006738089490681887,0.3348756432533264,0.3604603111743927,-0.01198273804038763,0.2890113592147827,0.35569584369659424,0.002754531567916274,0.3051365613937378,0.33170077204704285,-0.006812769919633865,0.32032981514930725,0.3532792925834656,-0.014650990255177021,0.3265303671360016,0.37710604071617126,-0.01850668340921402,0.28055819869041443,0.3606395721435547,-0.004783508833497763,0.2963598966598511,0.3387586772441864,-0.013821281492710114,0.3097818195819855,0.3618933856487274,-0.017483767122030258,0.3136092722415924,0.3859025537967682,-0.017825819551944733,0.27121517062187195,0.37025654315948486,-0.012391532771289349,0.2859131097793579,0.35001417994499207,-0.01876678131520748,0.29637858271598816,0.36508795619010925,-0.01939237117767334,0.29993242025375366,0.3848923146724701,-0.018381960690021515
0.5024973154067993,0.3846563398838043,-0.6691139340400696,0.999851405620575,0.5156750082969666,0.34519997239112854,-0.6371399760246277,0.9996656775474548,0.5232741832733154,0.345130056142807,-0.6371745467185974,0.9996169209480286,0.5295559763908386,0.34613826870918274,-0.6371888518333435,0.9996113181114197,0.4893096089363098,0.3471984267234802,-0.6303707957267761,0.9997004866600037,0.48067381978034973,0.3473869562149048,-0.6304672360420227,0.9997209906578064,0.47229835391044617,0.34829986095428467,-0.6308152079582214,0.9997540712356567,0.5396665930747986,0.36387768387794495,-0.4191831946372986,0.9995858669281006,0.46205541491508484,0.3662621080875397,-0.38545480370521545,0.9997783303260803,0.5188230872154236,0.4235970079898834,-0.589760959148407,0.9998867511749268,0.48692139983177185,0.42485105991363525,-0.5816455483436584,0.9999096393585205,0.610694944858551,0.5916957855224609,-0.28455835580825806,0.9993644952774048,0.3945397734642029,0.5881543159484863,-0.2173769623041153,0.9996215105056763,0.6645877361297607,0.8730449676513672,-0.23150679469108582,0.9753099679946899,0.2814221680164337,0.7708945274353027,-0.45643097162246704,0.9846637845039368,0.6716982126235962,1.1433629989624023,-0.3163849413394928,0.8106643557548523,0.27648016810417175,0.5027216076850891,-0.9159005284309387,0.9536755681037903,0.6731513738632202,1.2427458763122559,-0.34480592608451843,0.6822345852851868,0.2845020592212677,0.4312889575958252,-1.0127991437911987,0.8785685896873474,0.6541332006454468,1.2375110387802124,-0.37363603711128235,0.7027741074562073,0.29750633239746094,0.4147894084453583,-0.9846517443656921,0.8889523148536682,0.6418275237083435,1.2064154148101807,-0.3322646915912628,0.7092673778533936,0.2993118464946747,0.4343782067298889,-0.9225813150405884,0.8955853581428528,0.5681182146072388,1.0747305154800415,-0.03524021804332733,0.32394546270370483,0.42892539501190186,1.084074854850769,0.03644237294793129,0.35265830159187317,0.5534037351608276,1.4944998025894165,-0.059671495109796524,0.012384865432977676,0.42358165979385376,1.4756810665130615,-0.0428205169737339,0.012021074071526527,0.5471386313438416,1.8549004793167114,0.2542514204978943,0.0010429108515381813,0.412744402885437,1.8489750623703003,0.17574578523635864,0.0012302357936277986,0.5495273470878601,1.9061659574508667,0.26675716042518616,0.000724259705748409,0.40935757756233215,1.9026713371276855,0.18652616441249847,0.0017343738581985235,0.5261784195899963,1.9755610227584839,-0.045521918684244156,0.0008530142949894071,0.4249056279659271,1.9647877216339111,-0.15295809507369995,0.0032006152905523777,0.0,0.0,0.0,0.0,0.0,0.0,0.0,0.0,0.0,0.0,0.0,0.0,0.0,0.0,0.0,0.0,0.0,0.0,0.0,0.0,0.0,0.0,0.0,0.0,0.0,0.0,0.0,0.0,0.0,0.0,0.0,0.0,0.0,0.0,0.0,0.0,0.0,0.0,0.0,0.0,0.0,0.0,0.0,0.0,0.0,0.0,0.0,0.0,0.0,0.0,0.0,0.0,0.0,0.0,0.0,0.0,0.0,0.0,0.0,0.0,0.0,0.0,0.0,0.2675939202308655,0.4662601947784424,3.1240457332160076e-08,0.2916203737258911,0.43641892075538635,0.0023777640890330076,0.30413150787353516,0.4012649953365326,0.002020852407440543,0.3168553411960602,0.38028484582901,-0.0015852386131882668,0.3302832543849945,0.3714369833469391,-0.005613998509943485,0.2931443750858307,0.35834038257598877,0.008708180859684944,0.3061930537223816,0.33636724948883057,0.0007640363764949143,0.320505291223526,0.34649398922920227,-0.007525003980845213,0.33001118898391724,0.35964012145996094,-0.01279114093631506,0.28563952445983887,0.3573797345161438,0.0024844061117619276,0.300485759973526,0.33047452569007874,-0.0071232933551073074,0.31488272547721863,0.3518591821193695,-0.014981879852712154,0.3205851912498474,0.3753417134284973,-0.018862731754779816,0.2772536873817444,0.3609984517097473,-0.004689749330282211,0.2910473942756653,0.3357584476470947,-0.013721747323870659,0.3037618100643158,0.3589060306549072,-0.017433861270546913,0.307034969329834,0.3831929862499237,-0.017834287136793137,0.2674994170665741,0.3688046634197235,-0.011971301399171352,0.28079137206077576,0.34634503722190857,-0.018628252670168877,0.29126495122909546,0.3615395724773407,-0.019504699856042862,0.2947511374950409,0.3819693922996521,-0.01866954006254673
0.5024954080581665,0.38427451252937317,-0.6589148640632629,0.9998600482940674,0.5156101584434509,0.34440529346466064,-0.626392662525177,0.9996812343597412,0.5233201384544373,0.34413009881973267,-0.626410186290741,0.9996376037597656,0.5294781923294067,0.34457093477249146,-0.6263993978500366,0.9996321797370911,0.4893047511577606,0.3467367887496948,-0.6198982000350952,0.9997119307518005,0.48075777292251587,0.34643036127090454,-0.6199278235435486,0.9997314214706421,0.4725286364555359,0.34642356634140015,-0.6202695965766907,0.9997593760490417,0.5394952297210693,0.36197629570961,-0.41201913356781006,0.9996058940887451,0.46228209137916565,0.36419975757598877,-0.37974005937576294,0.9997895359992981,0.5187786817550659,0.4226844310760498,-0.5823309421539307,0.9998942613601685,0.4868251383304596,0.4235175549983978,-0.5744616985321045,0.9999147057533264,0.6105260252952576,0.5898168683052063,-0.28420719504356384,0.9994112253189087,0.394622802734375,0.5855876207351685,-0.2201959788799286,0.9996229410171509,0.6648484468460083,0.8774634003639221,-0.23987750709056854,0.9767003655433655,0.2803429663181305,0.7745041251182556,-0.45659539103507996,0.9849387407302856,0.6698936223983765,1.1511907577514648,-0.3279602825641632,0.8207315802574158,0.2746388614177704,0.5001400709152222,-0.905827522277832,0.9516558647155762,0.6699055433273315,1.2491410970687866,-0.358100563287735,0.6922045946121216,0.282865971326828,0.426815003156662,-1.0022372007369995,0.8745325803756714,0.6501703858375549,1.242371678352356,-0.387553334236145,0.7127476334571838,0.29596665501594543,0.4098924994468689,-0.9739567041397095,0.8857395648956299,0.6386087536811829,1.2103934288024902,-0.34427565336227417,0.7203827500343323,0.2979726493358612,0.4304702579975128,-0.9124733209609985,0.892188549041748,0.5723211765289307,1.0841193199157715,-0.03396383300423622,0.32750633358955383,0.43153080344200134,1.042837142944336,0.03529033809900284,0.3578495681285858,0.5530805587768555,1.494724988937378,-0.05589968338608742,0.012784168124198914,0.42090466618537903,1.476680874824524,-0.020011980086565018,0.012172273360192776,0.5447492003440857,1.854561448097229,0.264122873544693,0.0010752268135547638,0.40850400924682617,1.8489172458648682,0.19533349573612213,0.0013166110729798675,0.5471786260604858,1.9059854745864868,0.2772638499736786,0.0007436745800077915,0.40433040261268616,1.9041578769683838,0.2073834240436554,0.0018666904652491212,0.5236456394195557,1.976572036743164,-0.037860285490751266,0.0008654934936203063,0.42166852951049805,1.9672729969024658,-0.13343341648578644,0.003412907011806965,0.0,0.0,0.0,0.0,0.0,0.0,0.0,0.0,0.0,0.0,0.0,0.0,0.0,0.0,0.0,0.0,0.0,0.0,0.0,0.0,0.0,0.0,0.0,0.0,0.0,0.0,0.0,0.0,0.0,0.0,0.0,0.0,0.0,0.0,0.0,0.0,0.0,0.0,0.0,0.0,0.0,0.0,0.0,0.0,0.0,0.0,0.0,0.0,0.0,0.0,0.0,0.0,0.0,0.0,0.0,0.0,0.0,0.0,0.0,0.0,0.0,0.0,0.0,0.2622804641723633,0.4715220630168915,2.1172370523458994e-08,0.2868652641773224,0.4361546039581299,0.0033572549000382423,0.29913008213043213,0.40118539333343506,0.0029986968729645014,0.31188395619392395,0.37826859951019287,-0.0009882458252832294,0.3250095546245575,0.36754894256591797,-0.005413142032921314,0.28820404410362244,0.35831114649772644,0.009805945679545403,0.30139032006263733,0.3347890079021454,0.0018394116777926683,0.3159123659133911,0.3448987901210785,-0.006588371470570564,0.32604163885116577,0.3578242361545563,-0.01200551725924015,0.2808019518852234,0.3577667474746704,0.002812419319525361,0.296796590089798,0.3287433385848999,-0.006509851198643446,0.3120245337486267,0.3475985527038574,-0.014443917199969292,0.3193928003311157,0.37016886472702026,-0.01863887347280979,0.2724609076976776,0.36132416129112244,-0.005169095005840063,0.28745758533477783,0.3339158594608307,-0.014107736758887768,0.30106696486473083,0.35511770844459534,-0.017955701798200607,0.3060925006866455,0.38002556562423706,-0.018612006679177284,0.2629050314426422,0.36936086416244507,-0.013241688720881939,0.27665913105010986,0.34422215819358826,-0.019555257633328438,0.28788748383522034,0.3580057621002197,-0.020321806892752647,0.29290544986724854,0.3786604106426239,-0.019601993262767792
0.5026445984840393,0.3844650983810425,-0.6447621583938599,0.999865710735321,0.5156921148300171,0.3446076512336731,-0.6129903197288513,0.9996917247772217,0.5234354734420776,0.3445587158203125,-0.6129987835884094,0.9996515512466431,0.529574453830719,0.3453371822834015,-0.613020658493042,0.9996466636657715,0.4893330931663513,0.3467743992805481,-0.607016384601593,0.9997187852859497,0.4808276295661926,0.34636810421943665,-0.6070654988288879,0.9997380971908569,0.4725438952445984,0.3464462459087372,-0.607391893863678,0.9997623562812805,0.539841890335083,0.3626709580421448,-0.4023052453994751,0.999618649482727,0.4623851478099823,0.3643017113208771,-0.37287285923957825,0.9997982382774353,0.5187951326370239,0.4227982461452484,-0.5691433548927307,0.9998990893363953,0.48680242896080017,0.423509806394577,-0.5620626211166382,0.9999182224273682,0.6102772951126099,0.5897505879402161,-0.2801772654056549,0.9994512796401978,0.39421066641807556,0.5850937962532043,-0.21774597465991974,0.9996151328086853,0.6648358702659607,0.8771947622299194,-0.2343260794878006,0.9779951572418213,0.2801271975040436,0.7743091583251953,-0.45047226548194885,0.9850755929946899,0.6729661822319031,1.15693199634552,-0.3245859742164612,0.8281556367874146,0.272377610206604,0.4995684027671814,-0.893340528011322,0.9501011967658997,0.6710425019264221,1.2594430446624756,-0.35588783025741577,0.7000038027763367,0.2781093716621399,0.42395493388175964,-0.9890698790550232,0.8708664178848267,0.6504672169685364,1.2536944150924683,-0.3868120014667511,0.7209628820419312,0.2911614179611206,0.4063161313533783,-0.9617024660110474,0.8829865455627441,0.6386775970458984,1.2210886478424072,-0.34189194440841675,0.7298291325569153,0.2935211956501007,0.42801523208618164,-0.9003053307533264,0.8891493678092957,0.5711053013801575,1.086143136024475,-0.03161538392305374,0.3377244174480438,0.4276825785636902,1.0700675249099731,0.03296476975083351,0.36864471435546875,0.5524247288703918,1.494431734085083,-0.04303120821714401,0.01432021614164114,0.42054635286331177,1.4762948751449585,-0.025117449462413788,0.013348806649446487,0.5450423955917358,1.854325532913208,0.27957046031951904,0.0011942160781472921,0.41000673174858093,1.8487118482589722,0.191757932305336,0.0015425729798153043,0.5477971434593201,1.9058880805969238,0.29316696524620056,0.0008022250840440392,0.40621811151504517,1.9031732082366943,0.20377662777900696,0.002133056055754423,0.523676335811615,1.9769818782806396,-0.013803957961499691,0.0009191607823595405,0.42396602034568787,1.967431902885437,-0.13088618218898773,0.0037827391643077135,0.0,0.0,0.0,0.0,0.0,0.0,0.0,0.0,0.0,0.0,0.0,0.0,0.0,0.0,0.0,0.0,0.0,0.0,0.0,0.0,0.0,0.0,0.0,0.0,0.0,0.0,0.0,0.0,0.0,0.0,0.0,0.0,0.0,0.0,0.0,0.0,0.0,0.0,0.0,0.0,0.0,0.0,0.0,0.0,0.0,0.0,0.0,0.0,0.0,0.0,0.0,0.0,0.0,0.0,0.0,0.0,0.0,0.0,0.0,0.0,0.0,0.0,0.0,0.25738903880119324,0.4747161269187927,2.776495033884885e-09,0.28199806809425354,0.43926525115966797,0.004591336939483881,0.2951180934906006,0.4028295874595642,0.005320994183421135,0.30798566341400146,0.3798848092556,0.0021463176235556602,0.3203086853027344,0.3701905608177185,-0.0015114916022866964,0.2817932963371277,0.3613923192024231,0.01185726746916771,0.29543134570121765,0.33654168248176575,0.004449371248483658,0.31060805916786194,0.34641799330711365,-0.0036546948831528425,0.321114718914032,0.35996347665786743,-0.008836740627884865,0.27515870332717896,0.36115938425064087,0.004476973321288824,0.291056752204895,0.332170307636261,-0.004240356385707855,0.30702638626098633,0.34926095604896545,-0.011927335523068905,0.31504175066947937,0.3713914453983307,-0.01596624031662941,0.26758477091789246,0.3649539053440094,-0.003879154333844781,0.28273439407348633,0.3382360339164734,-0.01233157142996788,0.2965935170650482,0.35784173011779785,-0.01607554964721203,0.30178534984588623,0.3815810978412628,-0.016661474481225014,0.2588285207748413,0.3724566102027893,-0.01225882489234209,0.27267780900001526,0.34851977229118347,-0.01807783544063568,0.2837211787700653,0.3619574308395386,-0.01855875551700592,0.28854599595069885,0.3823224604129791,-0.017614692449569702
0.5027164220809937,0.3848896026611328,-0.679884135723114,0.9998700618743896,0.5158239006996155,0.3448731303215027,-0.6486117839813232,0.9997039437294006,0.5236409902572632,0.34500008821487427,-0.6486209034919739,0.9996645450592041,0.5298163890838623,0.34617507457733154,-0.6486454606056213,0.9996607303619385,0.4893081784248352,0.3470284342765808,-0.6422968506813049,0.9997291564941406,0.4807479977607727,0.346772700548172,-0.6423760652542114,0.9997468590736389,0.4725095331668854,0.3471935987472534,-0.6427080035209656,0.9997712969779968,0.5400373935699463,0.36344411969184875,-0.4336463510990143,0.9996349215507507,0.46232855319976807,0.3652111291885376,-0.40317997336387634,0.99980628490448,0.5188618898391724,0.42302823066711426,-0.6019163131713867,0.9999035000801086,0.4866466224193573,0.4240451157093048,-0.5944363474845886,0.9999215006828308,0.6101236939430237,0.5923954248428345,-0.28924626111984253,0.9994754195213318,0.39374905824661255,0.5868448615074158,-0.2353496104478836,0.9996192455291748,0.6652243733406067,0.8768960237503052,-0.264942467212677,0.9783523678779602,0.2784787714481354,0.7740117311477661,-0.4702950417995453,0.9852165579795837,0.6691913604736328,1.151291012763977,-0.3539072573184967,0.8304325342178345,0.2685694694519043,0.5011364817619324,-0.9271970987319946,0.9490522146224976,0.6683465242385864,1.2565699815750122,-0.38492706418037415,0.7016592621803284,0.27251359820365906,0.4276956617832184,-1.0234283208847046,0.8695270419120789,0.6480979323387146,1.2515928745269775,-0.4145791828632355,0.7230864763259888,0.28666800260543823,0.4079260230064392,-0.9991875886917114,0.8820767998695374,0.6360515356063843,1.2192776203155518,-0.3703731596469879,0.7317796349525452,0.2884604334831238,0.42965519428253174,-0.9356167316436768,0.8881706595420837,0.5703851580619812,1.0888184309005737,-0.030980683863162994,0.33880555629730225,0.4274851083755493,1.080871343612671,0.03218187764286995,0.37355613708496094,0.5518472194671631,1.4969580173492432,-0.04480891302227974,0.015044398605823517,0.4212953746318817,1.478012204170227,-0.03593031316995621,0.013834170997142792,0.5452281832695007,1.8546062707901,0.271395742893219,0.0012732928153127432,0.4101492166519165,1.8488075733184814,0.17552271485328674,0.00161223323084414,0.5478677749633789,1.9058969020843506,0.2841885983943939,0.0008365841349586844,0.4066562354564667,1.9035742282867432,0.18633873760700226,0.002210912760347128,0.5232259035110474,1.9779009819030762,-0.026199789717793465,0.0009614806622266769,0.4222671091556549,1.9678715467453003,-0.15087659657001495,0.003915552981197834,0.0,0.0,0.0,0.0,0.0,0.0,0.0,0.0,0.0,0.0,0.0,0.0,0.0,0.0,0.0,0.0,0.0,0.0,0.0,0.0,0.0,0.0,0.0,0.0,0.0,0.0,0.0,0.0,0.0,0.0,0.0,0.0,0.0,0.0,0.0,0.0,0.0,0.0,0.0,0.0,0.0,0.0,0.0,0.0,0.0,0.0,0.0,0.0,0.0,0.0,0.0,0.0,0.0,0.0,0.0,0.0,0.0,0.0,0.0,0.0,0.0,0.0,0.0,0.2544547915458679,0.4709666967391968,-2.339840543541527e-09,0.2792366147041321,0.4370790719985962,0.003193652955815196,0.29182419180870056,0.40033647418022156,0.003097076201811433,0.3047172725200653,0.3771929144859314,-0.0005847490392625332,0.3177774250507355,0.36902371048927307,-0.00471900962293148,0.27991393208503723,0.35805657505989075,0.009668087586760521,0.29315832257270813,0.33303168416023254,0.0017754749860614538,0.30809277296066284,0.3440439999103546,-0.006670983042567968,0.3179086446762085,0.3586285710334778,-0.012047982774674892,0.2727994918823242,0.3584916293621063,0.0028206687420606613,0.2874147295951843,0.3294622004032135,-0.006569431163370609,0.30355003476142883,0.34781432151794434,-0.014710424467921257,0.3111281991004944,0.37055703997612,-0.01894800178706646,0.26454830169677734,0.36312273144721985,-0.004984633065760136,0.27830973267555237,0.3354576826095581,-0.013898627832531929,0.29302945733070374,0.3553015887737274,-0.018065935000777245,0.29830849170684814,0.379105806350708,-0.018875567242503166,0.2548341453075409,0.37177473306655884,-0.01286596804857254,0.2681903839111328,0.3466620147228241,-0.019247818738222122,0.27950018644332886,0.35991141200065613,-0.02013733610510826,0.28415563702583313,0.38041961193084717,-0.019405271857976913
0.5027096271514893,0.3850340247154236,-0.68328458070755,0.9998757839202881,0.5156496167182922,0.34509915113449097,-0.6524872183799744,0.9997182488441467,0.5235258340835571,0.3454667925834656,-0.6525059938430786,0.9996792078018188,0.5296144485473633,0.3466779887676239,-0.6525011658668518,0.9996771812438965,0.4892396628856659,0.34719347953796387,-0.6441109776496887,0.9997403621673584,0.48065534234046936,0.3470613956451416,-0.644212543964386,0.9997568130493164,0.47247442603111267,0.3476840853691101,-0.6445540189743042,0.9997802376747131,0.5398159623146057,0.36351659893989563,-0.4400204122066498,0.99965500831604,0.4624497592449188,0.365617036819458,-0.39881467819213867,0.9998136162757874,0.5188759565353394,0.4234680235385895,-0.6063106060028076,0.9999088644981384,0.48661211133003235,0.4241611361503601,-0.596028208732605,0.9999251365661621,0.6103289127349854,0.5926393270492554,-0.3145539462566376,0.9994965195655823,0.3937011957168579,0.5874552130699158,-0.2278822362422943,0.9996316432952881,0.6657851338386536,0.8782143592834473,-0.2619710862636566,0.9784338474273682,0.27798354625701904,0.7757111191749573,-0.4537452757358551,0.9853280782699585,0.6715548634529114,1.1533410549163818,-0.351278692483902,0.8324838280677795,0.26938241720199585,0.5014259219169617,-0.9133941531181335,0.9484306573867798,0.6724222898483276,1.260389804840088,-0.38237085938453674,0.7035593390464783,0.27390891313552856,0.4262504279613495,-1.009419560432434,0.8691167831420898,0.6519733667373657,1.256041407585144,-0.4128957688808441,0.7252114415168762,0.2887500524520874,0.40726885199546814,-0.9848981499671936,0.8815932273864746,0.6395015716552734,1.2233304977416992,-0.36812731623649597,0.7338266968727112,0.29081255197525024,0.42905592918395996,-0.9219042062759399,0.8880031108856201,0.5688909292221069,1.0707015991210938,-0.03504473716020584,0.34092986583709717,0.42809993028640747,1.084043025970459,0.03620379418134689,0.3753160536289215,0.5528069734573364,1.4988435506820679,-0.051818884909152985,0.014872362837195396,0.4205707907676697,1.4800770282745361,-0.029305746778845787,0.013652056455612183,0.5455265045166016,1.856705665588379,0.27087295055389404,0.0012833529617637396,0.40942010283470154,1.8505858182907104,0.20032136142253876,0.0015874496893957257,0.5480057597160339,1.9079617261886597,0.28393423557281494,0.0008415534975938499,0.4061199128627777,1.904999017715454,0.2115233689546585,0.0021866695024073124,0.5242463946342468,1.9816975593566895,-0.03106335550546646,0.000960333039984107,0.42201268672943115,1.9706918001174927,-0.1324102133512497,0.0038783724885433912,0.0,0.0,0.0,0.0,0.0,0.0,0.0,0.0,0.0,0.0,0.0,0.0,0.0,0.0,0.0,0.0,0.0,0.0,0.0,0.0,0.0,0.0,0.0,0.0,0.0,0.0,0.0,0.0,0.0,0.0,0.0,0.0,0.0,0.0,0.0,0.0,0.0,0.0,0.0,0.0,0.0,0.0,0.0,0.0,0.0,0.0,0.0,0.0,0.0,0.0,0.0,0.0,0.0,0.0,0.0,0.0,0.0,0.0,0.0,0.0,0.0,0.0,0.0,0.2519782781600952,0.4780438542366028,5.479340536851396e-09,0.2765648066997528,0.4387683570384979,0.004823965020477772,0.28851407766342163,0.4017493724822998,0.005345076322555542,0.30086421966552734,0.37700775265693665,0.0018360186368227005,0.31379473209381104,0.3661189079284668,-0.002132018329575658,0.27617403864860535,0.36013343930244446,0.012540396302938461,0.2888897955417633,0.3338301479816437,0.004970974754542112,0.303716242313385,0.3440229296684265,-0.003440495813265443,0.314213365316391,0.3577289581298828,-0.008816128596663475,0.26939061284065247,0.3606339395046234,0.004981857258826494,0.28505563735961914,0.3297243118286133,-0.003835951443761587,0.30073708295822144,0.34674549102783203,-0.011804901994764805,0.3088719844818115,0.3689827620983124,-0.016071630641818047,0.26173341274261475,0.36468949913978577,-0.0035946930292993784,0.27626869082450867,0.33567020297050476,-0.01192430593073368,0.2903960943222046,0.35494476556777954,-0.01580679975450039,0.2961444556713104,0.37921199202537537,-0.016552133485674858,0.2528286576271057,0.3725318908691406,-0.012209258042275906,0.26598820090293884,0.34549444913864136,-0.017703887075185776,0.2770974636077881,0.358824759721756,-0.01811899244785309,0.2822222113609314,0.3798965513706207,-0.017216721549630165
0.5027388334274292,0.38501986861228943,-0.7268050312995911,0.9998798966407776,0.515692949295044,0.34506261348724365,-0.6964989304542542,0.9997283816337585,0.5236401557922363,0.34526148438453674,-0.6965014338493347,0.9996929168701172,0.5295788645744324,0.34609848260879517,-0.6964911222457886,0.9996883869171143,0.4893253743648529,0.3470310866832733,-0.690506637096405,0.9997490048408508,0.48072052001953125,0.34680211544036865,-0.6905931234359741,0.9997666478157043,0.4724200963973999,0.3473840653896332,-0.6909204721450806,0.9997859597206116,0.539861261844635,0.36284610629081726,-0.4782417118549347,0.9996704459190369,0.4624187648296356,0.36551305651664734,-0.44887396693229675,0.9998231530189514,0.5189104676246643,0.4233313500881195,-0.6476903557777405,0.9999139308929443,0.48658931255340576,0.42348623275756836,-0.6404559016227722,0.9999290704727173,0.6098690629005432,0.590825617313385,-0.3360651731491089,0.9995173811912537,0.39374059438705444,0.586885392665863,-0.2799898386001587,0.9996402859687805,0.6639983057975769,0.8743168711662292,-0.2751895487308502,0.9791286587715149,0.2788528501987457,0.7723513841629028,-0.4955611526966095,0.9855366945266724,0.666671872138977,1.1276848316192627,-0.37474095821380615,0.8370496034622192,0.2662084400653839,0.5011667013168335,-0.9571675062179565,0.9488487243652344,0.6660722494125366,1.22543466091156,-0.4060821533203125,0.7088097333908081,0.26731500029563904,0.4286593794822693,-1.054860234260559,0.8708668351173401,0.6487531065940857,1.2171611785888672,-0.43968912959098816,0.7304455637931824,0.28113892674446106,0.4095945954322815,-1.0355890989303589,0.8832671642303467,0.6377153396606445,1.185764193534851,-0.3928454518318176,0.7397028207778931,0.28427883982658386,0.4311120808124542,-0.9672713875770569,0.8896196484565735,0.5700242519378662,1.0794398784637451,-0.03228292241692543,0.34500744938850403,0.4306274950504303,1.0451765060424805,0.03348095715045929,0.3797544538974762,0.5536190867424011,1.4973722696304321,-0.029985835775732994,0.01509361807256937,0.42098182439804077,1.4792073965072632,-0.028600050136446953,0.013768683187663555,0.5473816990852356,1.8566381931304932,0.3028786778450012,0.0013499126071110368,0.41238218545913696,1.8504862785339355,0.201624795794487,0.0016700275009498,0.5499989986419678,1.907728672027588,0.31701889634132385,0.0008746846579015255,0.40918323397636414,1.9044721126556396,0.21388772130012512,0.0023101489059627056,0.5272547602653503,1.9783203601837158,0.005832363851368427,0.0009922728640958667,0.42723438143730164,1.9708980321884155,-0.12236542254686356,0.004062078893184662,0.0,0.0,0.0,0.0,0.0,0.0,0.0,0.0,0.0,0.0,0.0,0.0,0.0,0.0,0.0,0.0,0.0,0.0,0.0,0.0,0.0,0.0,0.0,0.0,0.0,0.0,0.0,0.0,0.0,0.0,0.0,0.0,0.0,0.0,0.0,0.0,0.0,0.0,0.0,0.0,0.0,0.0,0.0,0.0,0.0,0.0,0.0,0.0,0.0,0.0,0.0,0.0,0.0,0.0,0.0,0.0,0.0,0.0,0.0,0.0,0.0,0.0,0.0,0.2502598762512207,0.4701065421104431,5.715807827044728e-09,0.2733001112937927,0.43564850091934204,0.0035544168204069138,0.28570207953453064,0.4004015028476715,0.0035766472574323416,0.2986116409301758,0.37794893980026245,-0.00014119756815489382,0.3117474913597107,0.36878255009651184,-0.004314291290938854,0.27348360419273376,0.3596462905406952,0.010707734152674675,0.2859093248844147,0.3344267010688782,0.002706555649638176,0.3008342683315277,0.34413832426071167,-0.005643573589622974,0.3113652765750885,0.3568860590457916,-0.01086677610874176,0.2667219638824463,0.3598603904247284,0.0037302228156477213,0.2816447913646698,0.3295835852622986,-0.005643200594931841,0.29754921793937683,0.346803218126297,-0.0133775994181633,0.30559805035591125,0.3687545657157898,-0.017192961648106575,0.25906819105148315,0.36358198523521423,-0.0043174163438379765,0.27304863929748535,0.33521169424057007,-0.013419950380921364,0.2870120406150818,0.3552074134349823,-0.016944119706749916,0.2922550439834595,0.379382848739624,-0.017066478729248047,0.2500467300415039,0.3712925314903259,-0.01246343832463026,0.26278895139694214,0.3454621434211731,-0.018840553238987923,0.2737390995025635,0.35860180854797363,-0.019314998760819435,0.27849480509757996,0.3791373372077942,-0.018171122297644615
0.5027374029159546,0.3849252164363861,-0.670256495475769,0.9998815655708313,0.5155531764030457,0.3448685109615326,-0.6388250589370728,0.999734103679657,0.523499608039856,0.3448130786418915,-0.6388323307037354,0.9996976256370544,0.5294538736343384,0.3453127145767212,-0.6388407349586487,0.9996960163116455,0.48920977115631104,0.3468768000602722,-0.6309196352958679,0.9997523427009583,0.48056983947753906,0.34653154015541077,-0.6310071349143982,0.9997686743736267,0.47221124172210693,0.34710004925727844,-0.6313455104827881,0.9997888803482056,0.5396407246589661,0.36208704113960266,-0.4273938834667206,0.9996771216392517,0.4622325003147125,0.3651617467403412,-0.38918229937553406,0.9998247623443604,0.5189427733421326,0.4231034517288208,-0.5942999124526978,0.9999163150787354,0.4865550100803375,0.42298874258995056,-0.5847662687301636,0.9999306201934814,0.6097604632377625,0.5926299095153809,-0.3066342771053314,0.9995344281196594,0.3936749994754791,0.5871248245239258,-0.22487382590770721,0.9996366500854492,0.6638761758804321,0.8817194104194641,-0.26308053731918335,0.9793367981910706,0.27694299817085266,0.7735027074813843,-0.45653921365737915,0.9858673810958862,0.6685293912887573,1.1569398641586304,-0.3536403477191925,0.8386884331703186,0.26564821600914,0.49892672896385193,-0.9111354947090149,0.9476231932640076,0.669227659702301,1.2589085102081299,-0.38507992029190063,0.7106578350067139,0.26829466223716736,0.4251112937927246,-1.007379412651062,0.8674185276031494,0.6493164896965027,1.2543379068374634,-0.4158830940723419,0.7327026128768921,0.28182587027549744,0.40578195452690125,-0.9835922122001648,0.8804712891578674,0.6374581456184387,1.22184419631958,-0.3708306849002838,0.7417439818382263,0.2844584882259369,0.4285062551498413,-0.9202753901481628,0.8860281109809875,0.5671727061271667,1.064931035041809,-0.03354664146900177,0.35068532824516296,0.42763835191726685,1.0660761594772339,0.034681420773267746,0.38407382369041443,0.5502967834472656,1.4961397647857666,-0.0536360926926136,0.017560923472046852,0.42078515887260437,1.477520227432251,-0.04460185021162033,0.015692438930273056,0.5436229109764099,1.8557624816894531,0.2662343680858612,0.0016104134265333414,0.41021960973739624,1.847888469696045,0.18061023950576782,0.002057248493656516,0.5462495684623718,1.907186508178711,0.2788756787776947,0.000989324296824634,0.4067310690879822,1.9037708044052124,0.1917252242565155,0.002829190343618393,0.522526204586029,1.9766958951950073,-0.033692654222249985,0.0011302108177915215,0.422603040933609,1.9687000513076782,-0.14634650945663452,0.004782017320394516,0.0,0.0,0.0,0.0,0.0,0.0,0.0,0.0,0.0,0.0,0.0,0.0,0.0,0.0,0.0,0.0,0.0,0.0,0.0,0.0,0.0,0.0,0.0,0.0,0.0,0.0,0.0,0.0,0.0,0.0,0.0,0.0,0.0,0.0,0.0,0.0,0.0,0.0,0.0,0.0,0.0,0.0,0.0,0.0,0.0,0.0,0.0,0.0,0.0,0.0,0.0,0.0,0.0,0.0,0.0,0.0,0.0,0.0,0.0,0.0,0.0,0.0,0.0,0.24937325716018677,0.4734164774417877,5.564559035775574e-09,0.27282461524009705,0.4385649561882019,0.0037154534365981817,0.28404590487480164,0.4013339877128601,0.003966824151575565,0.29558196663856506,0.37671375274658203,0.0005944736185483634,0.3082951307296753,0.36660513281822205,-0.0033146541099995375,0.272763192653656,0.36204832792282104,0.00956689566373825,0.2847903072834015,0.333425372838974,0.002052299678325653,0.29922688007354736,0.34336939454078674,-0.0058362288400530815,0.3090800344944,0.3563774824142456,-0.01085615623742342,0.2661593556404114,0.3621582090854645,0.002642865525558591,0.279998242855072,0.32813769578933716,-0.006144034676253796,0.2955479323863983,0.3458223342895508,-0.013568002730607986,0.30291205644607544,0.3678485155105591,-0.017472444102168083,0.2581802010536194,0.3655320703983307,-0.005174558609724045,0.2705662250518799,0.33351677656173706,-0.01356180477887392,0.28461194038391113,0.3536112904548645,-0.01709544099867344,0.2894144058227539,0.3776840269565582,-0.017656667158007622,0.24837638437747955,0.3723428249359131,-0.013036156073212624,0.2600083351135254,0.3430524468421936,-0.01901085488498211,0.2711281478404999,0.3565414547920227,-0.01947198063135147,0.27545616030693054,0.37782973051071167,-0.018597085028886795
0.5026682615280151,0.3849118947982788,-0.6902710795402527,0.9998853206634521,0.5153244137763977,0.3448350131511688,-0.6594275236129761,0.9997454285621643,0.5233455300331116,0.3447182774543762,-0.6594382524490356,0.9997078776359558,0.5293023586273193,0.34518492221832275,-0.6594558358192444,0.9997079372406006,0.4890517592430115,0.3467026948928833,-0.6517689824104309,0.9997621774673462,0.48046743869781494,0.3463074862957001,-0.6518625020980835,0.9997768402099609,0.47206586599349976,0.34688466787338257,-0.652198851108551,0.9997976422309875,0.5395333766937256,0.3618645966053009,-0.4456784129142761,0.9996906518936157,0.46223127841949463,0.3647501766681671,-0.4089442193508148,0.9998311996459961,0.5189447402954102,0.4231657385826111,-0.6127708554267883,0.9999197721481323,0.4864923357963562,0.4227805435657501,-0.6036270260810852,0.9999334216117859,0.609804093837738,0.5909058451652527,-0.31415948271751404,0.9995410442352295,0.3939726948738098,0.587033212184906,-0.2354717254638672,0.9996373057365417,0.6639853715896606,0.878385066986084,-0.26428163051605225,0.9792237281799316,0.27617713809013367,0.7733325958251953,-0.46075236797332764,0.9855444431304932,0.6688588261604309,1.1463276147842407,-0.35108014941215515,0.8409890532493591,0.26495984196662903,0.49831971526145935,-0.9140099287033081,0.9455478191375732,0.6682120561599731,1.2438081502914429,-0.3811265230178833,0.7133845686912537,0.2672363519668579,0.4222676455974579,-1.0087616443634033,0.8646689653396606,0.6497324705123901,1.2379251718521118,-0.41176721453666687,0.7356333136558533,0.2806055247783661,0.4037986993789673,-0.9856968522071838,0.8783023357391357,0.6381213665008545,1.2060068845748901,-0.3679155707359314,0.7442066073417664,0.2835697531700134,0.42668500542640686,-0.9230186343193054,0.8831705451011658,0.569606602191925,1.0777692794799805,-0.035541877150535583,0.3462790548801422,0.4288378357887268,1.076557993888855,0.036607775837183,0.38114696741104126,0.5537750124931335,1.4957150220870972,-0.061280298978090286,0.018141688778996468,0.42552369832992554,1.4771655797958374,-0.0381377749145031,0.01606755517423153,0.54863440990448,1.8553940057754517,0.2582859992980957,0.0016502508660778403,0.4164626896381378,1.848026156425476,0.17872998118400574,0.002133876783773303,0.5510895252227783,1.9070104360580444,0.2706557810306549,0.0009888054337352514,0.41325125098228455,1.90400230884552,0.19024153053760529,0.002926071174442768,0.5281791090965271,1.9750065803527832,-0.04220273718237877,0.0011685757199302316,0.42853471636772156,1.9679325819015503,-0.14566688239574432,0.005072955507785082,0.0,0.0,0.0,0.0,0.0,0.0,0.0,0.0,0.0,0.0,0.0,0.0,0.0,0.0,0.0,0.0,0.0,0.0,0.0,0.0,0.0,0.0,0.0,0.0,0.0,0.0,0.0,0.0,0.0,0.0,0.0,0.0,0.0,0.0,0.0,0.0,0.0,0.0,0.0,0.0,0.0,0.0,0.0,0.0,0.0,0.0,0.0,0.0,0.0,0.0,0.0,0.0,0.0,0.0,0.0,0.0,0.0,0.0,0.0,0.0,0.0,0.0,0.0,0.24706174433231354,0.47453904151916504,-2.311940194843487e-09,0.27073508501052856,0.4378127157688141,0.0048009734600782394,0.28198400139808655,0.40005841851234436,0.005532423499971628,0.29402241110801697,0.3761956989765167,0.002316579921171069,0.3066409230232239,0.36733776330947876,-0.001417604275047779,0.26924097537994385,0.3604165017604828,0.011407186277210712,0.28157269954681396,0.3316694498062134,0.003904725657775998,0.2965632975101471,0.34180837869644165,-0.004285342060029507,0.306842565536499,0.3563897907733917,-0.00947569590061903,0.2628282308578491,0.36095213890075684,0.0039231120608747005,0.2769230008125305,0.3282260000705719,-0.004942021332681179,0.2932482957839966,0.3452411890029907,-0.012802479788661003,0.30148616433143616,0.36775925755500793,-0.016958829015493393,0.25524619221687317,0.36493971943855286,-0.004453371278941631,0.2683483362197876,0.3338232636451721,-0.012812838889658451,0.2829892635345459,0.35307756066322327,-0.016740910708904266,0.28845420479774475,0.3773743510246277,-0.01751338690519333,0.24624930322170258,0.3722269535064697,-0.012828006409108639,0.25883954763412476,0.3443460762500763,-0.01856403797864914,0.2698915898799896,0.35798516869544983,-0.019090717658400536,0.2743375301361084,0.379677951335907,-0.01824406534433365
0.5025662183761597,0.384903222322464,-0.674694299697876,0.9998849630355835,0.5151364207267761,0.34493204951286316,-0.6437883377075195,0.9997473359107971,0.5232754945755005,0.3448692262172699,-0.6438124179840088,0.9997086524963379,0.5293518304824829,0.345363050699234,-0.6438274383544922,0.999709963798523,0.4888862371444702,0.3466548025608063,-0.636579155921936,0.9997643828392029,0.4802931249141693,0.34626710414886475,-0.6367006301879883,0.9997782707214355,0.4719489812850952,0.3468325734138489,-0.6370427012443542,0.9998007416725159,0.5396157503128052,0.361928254365921,-0.4303225874900818,0.999693751335144,0.4622265696525574,0.3644273281097412,-0.39581865072250366,0.9998319745063782,0.5189255475997925,0.42326149344444275,-0.5972211360931396,0.9999203681945801,0.48635372519493103,0.4226798713207245,-0.5885866284370422,0.9999343156814575,0.6098496913909912,0.5905581116676331,-0.3003808259963989,0.9995395541191101,0.3942755162715912,0.5865841507911682,-0.224221870303154,0.9996365904808044,0.6652916669845581,0.8732340931892395,-0.2603617310523987,0.9790058732032776,0.27633416652679443,0.7721922993659973,-0.44552773237228394,0.9854627847671509,0.66065913438797,1.1558071374893188,-0.3584674000740051,0.8413496613502502,0.26412633061408997,0.49510589241981506,-0.8974720239639282,0.9433318376541138,0.6696154475212097,1.2389180660247803,-0.3900192081928253,0.7142161130905151,0.2671815752983093,0.42233556509017944,-0.9927809834480286,0.8610739707946777,0.6504689455032349,1.2336184978485107,-0.4231892228126526,0.7368085384368896,0.27976953983306885,0.4063607156276703,-0.9697943925857544,0.8752595782279968,0.6386406421661377,1.2018661499023438,-0.37652865052223206,0.744653582572937,0.28269127011299133,0.4292416274547577,-0.9064273238182068,0.8793213367462158,0.5673143863677979,1.0638684034347534,-0.03431352227926254,0.3416235148906708,0.4289686381816864,1.08064603805542,0.035462621599435806,0.37821462750434875,0.5529718995094299,1.4954215288162231,-0.06534405797719955,0.0200086310505867,0.42445313930511475,1.4767941236495972,-0.06130030006170273,0.017505718395113945,0.548488438129425,1.8555418252944946,0.239255890250206,0.001872299937531352,0.4158972501754761,1.8484926223754883,0.14566779136657715,0.0024481182917952538,0.5509454011917114,1.9072688817977905,0.2505020797252655,0.0010902663925662637,0.4129878878593445,1.904235601425171,0.15488694608211517,0.003326034639030695,0.5282977223396301,1.974696159362793,-0.0591411367058754,0.0013194564962759614,0.4278661906719208,1.96755051612854,-0.18166710436344147,0.005752421449869871,0.0,0.0,0.0,0.0,0.0,0.0,0.0,0.0,0.0,0.0,0.0,0.0,0.0,0.0,0.0,0.0,0.0,0.0,0.0,0.0,0.0,0.0,0.0,0.0,0.0,0.0,0.0,0.0,0.0,0.0,0.0,0.0,0.0,0.0,0.0,0.0,0.0,0.0,0.0,0.0,0.0,0.0,0.0,0.0,0.0,0.0,0.0,0.0,0.0,0.0,0.0,0.0,0.0,0.0,0.0,0.0,0.0,0.0,0.0,0.0,0.0,0.0,0.0,0.24482591450214386,0.4704498052597046,-1.3947695443050634e-08,0.2685842216014862,0.43570613861083984,0.003937350586056709,0.28055518865585327,0.39993050694465637,0.004357603378593922,0.29320746660232544,0.37643828988075256,0.0009914608672261238,0.30605030059814453,0.3675137162208557,-0.0029076258651912212,0.2682207226753235,0.3602309226989746,0.01061861403286457,0.2805432975292206,0.33281832933425903,0.003142092376947403,0.29544252157211304,0.3440030515193939,-0.004891320131719112,0.3057178854942322,0.3583300709724426,-0.009997148998081684,0.26195865869522095,0.3599218726158142,0.0035888440907001495,0.27567070722579956,0.32806891202926636,-0.005044409539550543,0.29189467430114746,0.3450726866722107,-0.012551233172416687,0.30009880661964417,0.366963267326355,-0.016493123024702072,0.25421032309532166,0.36345964670181274,-0.004399127792567015,0.2665046155452728,0.33273622393608093,-0.012770126573741436,0.2811838984489441,0.3520635962486267,-0.016404643654823303,0.28670090436935425,0.3759221136569977,-0.01694771833717823,0.2447928786277771,0.3711393475532532,-0.012438970617949963,0.25670188665390015,0.34288638830184937,-0.018358102068305016,0.26794132590293884,0.35606420040130615,-0.018734142184257507,0.272526353597641,0.3775847852230072,-0.01771724224090576
0.5024123787879944,0.38469335436820984,-0.6490042805671692,0.9998897314071655,0.5150327682495117,0.3447178900241852,-0.617788553237915,0.999757707118988,0.5231885313987732,0.3444426953792572,-0.6177913546562195,0.9997202754020691,0.5293835997581482,0.34477537870407104,-0.6178066730499268,0.9997221827507019,0.4886259436607361,0.3461582064628601,-0.6091337203979492,0.999774158000946,0.4799696207046509,0.34543728828430176,-0.6092151999473572,0.9997875094413757,0.47166386246681213,0.3455813527107239,-0.6095597743988037,0.9998089671134949,0.5396976470947266,0.36156925559043884,-0.40875858068466187,0.9997049570083618,0.4621504545211792,0.36320534348487854,-0.3671107590198517,0.9998396635055542,0.5188785791397095,0.422838032245636,-0.573883593082428,0.9999231696128845,0.4860788583755493,0.4220145046710968,-0.5633609294891357,0.9999366402626038,0.6097992062568665,0.5905312895774841,-0.2878907024860382,0.9995548129081726,0.3948141932487488,0.5851947665214539,-0.20238667726516724,0.9996477961540222,0.6657238602638245,0.8737028241157532,-0.24562543630599976,0.979156494140625,0.2764199376106262,0.77232426404953,-0.4335986375808716,0.986109733581543,0.6611789464950562,1.1566431522369385,-0.3331649899482727,0.843882143497467,0.26377683877944946,0.4929946959018707,-0.8875744342803955,0.9456781148910522,0.6695016026496887,1.2401659488677979,-0.3633279800415039,0.717409074306488,0.26656004786491394,0.4207785129547119,-0.9818832874298096,0.8651242852210999,0.6507565975189209,1.2340948581695557,-0.39366665482521057,0.7403053641319275,0.27955400943756104,0.4054292142391205,-0.9575001001358032,0.8789406418800354,0.6393024921417236,1.202878713607788,-0.3501353859901428,0.7480947375297546,0.2827288508415222,0.42807960510253906,-0.8965273499488831,0.882798433303833,0.5665585398674011,1.0596745014190674,-0.03536977618932724,0.3468981087207794,0.43194401264190674,1.0410783290863037,0.03651722893118858,0.38598501682281494,0.5509131550788879,1.494942545890808,-0.06700131297111511,0.019912952557206154,0.4210205376148224,1.4760066270828247,-0.0336604006588459,0.01746762916445732,0.5449331998825073,1.85537850856781,0.23948310315608978,0.0018571475520730019,0.41119199991226196,1.8480440378189087,0.16464410722255707,0.0024454044178128242,0.5476484894752502,1.9071155786514282,0.2512478530406952,0.0010825643548741937,0.4077833890914917,1.9041119813919067,0.17670609056949615,0.003333971370011568,0.5235890746116638,1.9747672080993652,-0.060342609882354736,0.0013055265881121159,0.4230823218822479,1.9673278331756592,-0.1528213769197464,0.0057258992455899715,0.0,0.0,0.0,0.0,0.0,0.0,0.0,0.0,0.0,0.0,0.0,0.0,0.0,0.0,0.0,0.0,0.0,0.0,0.0,0.0,0.0,0.0,0.0,0.0,0.0,0.0,0.0,0.0,0.0,0.0,0.0,0.0,0.0,0.0,0.0,0.0,0.0,0.0,0.0,0.0,0.0,0.0,0.0,0.0,0.0,0.0,0.0,0.0,0.0,0.0,0.0,0.0,0.0,0.0,0.0,0.0,0.0,0.0,0.0,0.0,0.0,0.0,0.0,0.24388986825942993,0.47272735834121704,-2.7605052466128654e-08,0.2681542932987213,0.43558481335639954,0.0045748520642519,0.28018566966056824,0.39855045080184937,0.005309208761900663,0.2927092909812927,0.37508949637413025,0.0020663333125412464,0.3048507273197174,0.36653855443000793,-0.0017743672942742705,0.26842206716537476,0.36060306429862976,0.011046899482607841,0.28053393959999084,0.3325537145137787,0.003636798821389675,0.29540446400642395,0.34423503279685974,-0.0042641786858439445,0.30530035495758057,0.3588026165962219,-0.009266733191907406,0.26168614625930786,0.3606014549732208,0.003592447377741337,0.27611276507377625,0.3278518319129944,-0.005229724105447531,0.2922424376010895,0.34569838643074036,-0.01287104096263647,0.3001043498516083,0.36800944805145264,-0.016824785619974136,0.2534630000591278,0.36434754729270935,-0.004794604144990444,0.2665478587150574,0.33255672454833984,-0.013441348448395729,0.28170138597488403,0.3516043424606323,-0.017429668456315994,0.2877810001373291,0.3756054639816284,-0.018147043883800507,0.24353617429733276,0.372148722410202,-0.013123220764100552,0.2562049925327301,0.3431323766708374,-0.019227609038352966,0.2679567039012909,0.35645395517349243,-0.019777849316596985,0.27311813831329346,0.37824007868766785,-0.018899187445640564
0.5024372935295105,0.3844927251338959,-0.6561535596847534,0.9998965859413147,0.5152560472488403,0.3444327414035797,-0.6250044107437134,0.9997744560241699,0.5234454274177551,0.3440397381782532,-0.6249846816062927,0.9997378587722778,0.5297294855117798,0.3442853093147278,-0.6249822378158569,0.9997409582138062,0.4885920584201813,0.34580081701278687,-0.6157091856002808,0.9997903108596802,0.4798775911331177,0.3448215425014496,-0.6157840490341187,0.9998020529747009,0.47169744968414307,0.3447580337524414,-0.6161168217658997,0.9998233914375305,0.5400203466415405,0.3613292872905731,-0.41568344831466675,0.9997259378433228,0.46230795979499817,0.3625289499759674,-0.3709128201007843,0.9998501539230347,0.5189813375473022,0.42250069975852966,-0.5808788537979126,0.9999274015426636,0.4858940541744232,0.4215155839920044,-0.5695216059684753,0.9999399185180664,0.6100715398788452,0.5913162231445312,-0.2938895523548126,0.999569296836853,0.3948289155960083,0.5859821438789368,-0.2039496898651123,0.999669075012207,0.6658726930618286,0.8785061836242676,-0.2519557774066925,0.9791733622550964,0.2764827311038971,0.7755737900733948,-0.43520212173461914,0.9867660999298096,0.6619219183921814,1.1669220924377441,-0.3328306972980499,0.8443587422370911,0.2625020742416382,0.49371248483657837,-0.8932039141654968,0.9494540691375732,0.6699694991111755,1.2518800497055054,-0.3616381287574768,0.7196345329284668,0.26577702164649963,0.4206922948360443,-0.9874218106269836,0.8736831545829773,0.6508819460868835,1.2466492652893066,-0.3916541039943695,0.7431403398513794,0.27897924184799194,0.40438979864120483,-0.9634945392608643,0.8865777850151062,0.6392995119094849,1.214658498764038,-0.3494740128517151,0.7507019639015198,0.2823987603187561,0.4273410141468048,-0.9027049541473389,0.890649676322937,0.5655215382575989,1.0641918182373047,-0.03609970957040787,0.3424341082572937,0.42729270458221436,1.0603848695755005,0.03726573660969734,0.3838210999965668,0.5507248640060425,1.4968677759170532,-0.06544062495231628,0.01852015219628811,0.42068853974342346,1.477514624595642,-0.03332149609923363,0.016298184171319008,0.5440325140953064,1.8574447631835938,0.24409300088882446,0.0017120018601417542,0.4116632342338562,1.8495069742202759,0.17358539998531342,0.0021911452058702707,0.5467138886451721,1.9089690446853638,0.2557860314846039,0.0010120637016370893,0.4085443615913391,1.904714584350586,0.1835019290447235,0.003012225031852722,0.5226157903671265,1.9791537523269653,-0.060225822031497955,0.0012179716723039746,0.4224080443382263,1.9692097902297974,-0.15727899968624115,0.005200670100748539,0.0,0.0,0.0,0.0,0.0,0.0,0.0,0.0,0.0,0.0,0.0,0.0,0.0,0.0,0.0,0.0,0.0,0.0,0.0,0.0,0.0,0.0,0.0,0.0,0.0,0.0,0.0,0.0,0.0,0.0,0.0,0.0,0.0,0.0,0.0,0.0,0.0,0.0,0.0,0.0,0.0,0.0,0.0,0.0,0.0,0.0,0.0,0.0,0.0,0.0,0.0,0.0,0.0,0.0,0.0,0.0,0.0,0.0,0.0,0.0,0.0,0.0,0.0,0.24276748299598694,0.4744862914085388,-2.001712040566872e-08,0.26691994071006775,0.4366579055786133,0.004969292785972357,0.27901604771614075,0.3992210626602173,0.005982456728816032,0.2920396327972412,0.37552547454833984,0.002960121026262641,0.3051030933856964,0.36737459897994995,-0.0005413073813542724,0.2652093470096588,0.35983899235725403,0.01291454304009676,0.2779926657676697,0.33274686336517334,0.005928248632699251,0.29311254620552063,0.344650536775589,-0.0020861986558884382,0.303170382976532,0.3591175675392151,-0.007304683793336153,0.2590591311454773,0.3597818613052368,0.0053792898543179035,0.27379944920539856,0.32797884941101074,-0.0028639037627726793,0.2903067469596863,0.3450263440608978,-0.010570062324404716,0.29855552315711975,0.36696186661720276,-0.01475842297077179,0.251728355884552,0.3637748658657074,-0.003161116736009717,0.2652131915092468,0.3325839638710022,-0.011274496093392372,0.2804950475692749,0.3515760004520416,-0.01524675078690052,0.286457896232605,0.37543559074401855,-0.016126815229654312,0.24291473627090454,0.3718639314174652,-0.011689008213579655,0.2556312680244446,0.3435632884502411,-0.017339451238512993,0.26704925298690796,0.35703253746032715,-0.017836056649684906,0.2717689573764801,0.3787446618080139,-0.017031483352184296
0.5026155710220337,0.3844032287597656,-0.6954151391983032,0.9998992085456848,0.5155707001686096,0.34437501430511475,-0.6650248169898987,0.9997840523719788,0.523775577545166,0.3440808057785034,-0.6650043725967407,0.9997448921203613,0.5300816297531128,0.3444121479988098,-0.6650017499923706,0.9997507929801941,0.48867014050483704,0.3457034230232239,-0.6560796499252319,0.9998000860214233,0.47986385226249695,0.344702810049057,-0.6561758518218994,0.9998099207878113,0.47176048159599304,0.34474441409111023,-0.6565093994140625,0.9998340606689453,0.5402927398681641,0.3615506887435913,-0.453032910823822,0.9997377991676331,0.4623570144176483,0.36269816756248474,-0.40961316227912903,0.9998539686203003,0.5192123651504517,0.42252305150032043,-0.6187261343002319,0.9999298453330994,0.485891729593277,0.42145827412605286,-0.6077792048454285,0.9999414086341858,0.610214352607727,0.5908629298210144,-0.32539331912994385,0.9995825886726379,0.3948017358779907,0.5862391591072083,-0.23660998046398163,0.9996899962425232,0.6650515794754028,0.875453770160675,-0.27560484409332275,0.9792546629905701,0.2769816219806671,0.777222216129303,-0.46368446946144104,0.987350583076477,0.6687415242195129,1.1464693546295166,-0.35920223593711853,0.8455942869186401,0.2628982961177826,0.49631109833717346,-0.9269517660140991,0.9529025554656982,0.6685535907745361,1.2438464164733887,-0.38931262493133545,0.7220023274421692,0.26563340425491333,0.42110946774482727,-1.022359013557434,0.8820880055427551,0.6496666669845581,1.2383079528808594,-0.42008867859840393,0.7459319829940796,0.2786870002746582,0.4051611125469208,-1.0008504390716553,0.8940628170967102,0.638312041759491,1.206080675125122,-0.3760984539985657,0.7533297538757324,0.2822169363498688,0.4283991754055023,-0.9371710419654846,0.8984501957893372,0.5661056041717529,1.0616651773452759,-0.035208068788051605,0.3347374498844147,0.43134400248527527,1.040397047996521,0.03630627319216728,0.3773646056652069,0.5547083020210266,1.4996886253356934,-0.047610536217689514,0.017070014029741287,0.4234369993209839,1.4806559085845947,-0.02143668942153454,0.014971388503909111,0.5489749312400818,1.8587969541549683,0.2828386425971985,0.0015986765502020717,0.4162388741970062,1.851157307624817,0.19758842885494232,0.001969448523595929,0.5518503189086914,1.909814476966858,0.29685863852500916,0.0009598734322935343,0.41319647431373596,1.906324863433838,0.20935139060020447,0.002734828507527709,0.5278559923171997,1.9813807010650635,-0.022479398176074028,0.001148559502325952,0.4286364018917084,1.973357915878296,-0.11477232724428177,0.00473769148811698,0.0,0.0,0.0,0.0,0.0,0.0,0.0,0.0,0.0,0.0,0.0,0.0,0.0,0.0,0.0,0.0,0.0,0.0,0.0,0.0,0.0,0.0,0.0,0.0,0.0,0.0,0.0,0.0,0.0,0.0,0.0,0.0,0.0,0.0,0.0,0.0,0.0,0.0,0.0,0.0,0.0,0.0,0.0,0.0,0.0,0.0,0.0,0.0,0.0,0.0,0.0,0.0,0.0,0.0,0.0,0.0,0.0,0.0,0.0,0.0,0.0,0.0,0.0,0.24178749322891235,0.47962066531181335,-1.2001383886683925e-08,0.2652595341205597,0.44086968898773193,0.0043626767583191395,0.277468740940094,0.40428057312965393,0.005153345409780741,0.2901729345321655,0.3793415129184723,0.002046822104603052,0.3033745586872101,0.3692064583301544,-0.0014069830067455769,0.26373904943466187,0.36387959122657776,0.013128240592777729,0.2759610712528229,0.3347947299480438,0.006045383866876364,0.2910615801811218,0.34767839312553406,-0.0020805688109248877,0.3012842535972595,0.3619195818901062,-0.007290208712220192,0.25769004225730896,0.36278799176216125,0.006141991820186377,0.27255403995513916,0.3297957181930542,-0.0016825241036713123,0.28910696506500244,0.34590786695480347,-0.009329230524599552,0.29824456572532654,0.3665284514427185,-0.013685306534171104,0.25059524178504944,0.3654595613479614,-0.0020136767998337746,0.26428359746932983,0.33344846963882446,-0.009598201140761375,0.2803572118282318,0.35094329714775085,-0.013747568242251873,0.2879255414009094,0.37364473938941956,-0.01499539241194725,0.24200588464736938,0.3724328875541687,-0.010233750566840172,0.2544640600681305,0.342564195394516,-0.015051610767841339,0.2666555941104889,0.3543946146965027,-0.015489122830331326,0.2728661298751831,0.3743276000022888,-0.014906852506101131
0.5029762387275696,0.384228378534317,-0.6749609112739563,0.9999024868011475,0.5159112215042114,0.34407785534858704,-0.6437329053878784,0.9997923374176025,0.5240670442581177,0.34375134110450745,-0.6437263488769531,0.9997535943984985,0.5302684903144836,0.34401777386665344,-0.6437337398529053,0.9997601509094238,0.4890124499797821,0.3456057012081146,-0.6354266405105591,0.9998078346252441,0.4802311062812805,0.3445810079574585,-0.6355009078979492,0.9998171329498291,0.47210726141929626,0.3447801470756531,-0.6358386874198914,0.999841034412384,0.5402804017066956,0.3611094057559967,-0.4313552677631378,0.9997482895851135,0.46258753538131714,0.36288371682167053,-0.39067089557647705,0.9998592734336853,0.5194576978683472,0.422282874584198,-0.5982064008712769,0.9999319911003113,0.4862006604671478,0.4213193655014038,-0.5880706906318665,0.9999428391456604,0.6105064749717712,0.5904889106750488,-0.30851882696151733,0.999592125415802,0.3949993848800659,0.586105465888977,-0.22088657319545746,0.9997020363807678,0.6651721596717834,0.8741308450698853,-0.2604542076587677,0.9787294864654541,0.2768653631210327,0.7793501019477844,-0.44867250323295593,0.9878464341163635,0.6690277457237244,1.1434968709945679,-0.3466081917285919,0.8432022929191589,0.26400887966156006,0.4983058273792267,-0.9103581309318542,0.9550479650497437,0.666718065738678,1.2417265176773071,-0.37660452723503113,0.7206676006317139,0.2656313180923462,0.42202967405319214,-1.0056960582733154,0.8862676620483398,0.6484519839286804,1.2348873615264893,-0.4067291021347046,0.7452155351638794,0.27883678674697876,0.4063493609428406,-0.9839935302734375,0.8977512717247009,0.6375501751899719,1.2032661437988281,-0.36350399255752563,0.7524465322494507,0.2821364402770996,0.4294922351837158,-0.9206505417823792,0.9020994901657104,0.5670186281204224,1.063348412513733,-0.03562987968325615,0.33370575308799744,0.4330002963542938,1.0373249053955078,0.03675598278641701,0.37622717022895813,0.5539325475692749,1.4992820024490356,-0.05218714103102684,0.01656181551516056,0.42265474796295166,1.4800817966461182,-0.023080438375473022,0.014497111551463604,0.5476980805397034,1.8588218688964844,0.27327948808670044,0.0015864004381000996,0.41477346420288086,1.8511216640472412,0.20396873354911804,0.0019044725922867656,0.5504148006439209,1.9097425937652588,0.28648561239242554,0.0009637514012865722,0.411773145198822,1.9062554836273193,0.21595433354377747,0.0026803677901625633,0.526450514793396,1.9805408716201782,-0.03277020901441574,0.0011325677623972297,0.42684516310691833,1.97316575050354,-0.12592099606990814,0.0045970743522048,0.0,0.0,0.0,0.0,0.0,0.0,0.0,0.0,0.0,0.0,0.0,0.0,0.0,0.0,0.0,0.0,0.0,0.0,0.0,0.0,0.0,0.0,0.0,0.0,0.0,0.0,0.0,0.0,0.0,0.0,0.0,0.0,0.0,0.0,0.0,0.0,0.0,0.0,0.0,0.0,0.0,0.0,0.0,0.0,0.0,0.0,0.0,0.0,0.0,0.0,0.0,0.0,0.0,0.0,0.0,0.0,0.0,0.0,0.0,0.0,0.0,0.0,0.0,0.24244795739650726,0.47966036200523376,-3.487032174120941e-08,0.2671918272972107,0.4377063810825348,0.0061688958667218685,0.27882012724876404,0.40135329961776733,0.007014031987637281,0.2910894453525543,0.37668800354003906,0.0033006244339048862,0.3023102879524231,0.36660635471343994,-0.0009250811999663711,0.26419299840927124,0.360855370759964,0.01423587929457426,0.27646830677986145,0.3317940831184387,0.006806244142353535,0.2916471064090729,0.3448220193386078,-0.0017791218124330044,0.30146121978759766,0.3612089157104492,-0.007176712155342102,0.2580946981906891,0.3610839545726776,0.005952058359980583,0.2730884850025177,0.3292735815048218,-0.00221709324978292,0.28968456387519836,0.3455813229084015,-0.010151781141757965,0.29813873767852783,0.36798352003097534,-0.014652605168521404,0.25065702199935913,0.3650454878807068,-0.0033722075168043375,0.26447728276252747,0.333686888217926,-0.011161699891090393,0.2802007496356964,0.35160303115844727,-0.015244338661432266,0.2870652377605438,0.37588590383529663,-0.016331840306520462,0.2418469488620758,0.3732525110244751,-0.012642694637179375,0.2549690306186676,0.34367141127586365,-0.017640721052885056,0.2668837904930115,0.35680896043777466,-0.017843881621956825,0.2727867662906647,0.3791637420654297,-0.016932860016822815
0.5032544732093811,0.3838607370853424,-0.6967713832855225,0.9999058246612549,0.516030490398407,0.34333476424217224,-0.6649056673049927,0.9998003244400024,0.5242475867271423,0.34281566739082336,-0.6648982167243958,0.999763011932373,0.5304636359214783,0.34286773204803467,-0.6649022698402405,0.9997692704200745,0.48907271027565,0.3452560007572174,-0.6569992303848267,0.9998148679733276,0.4802039861679077,0.3441574275493622,-0.6570796966552734,0.999824047088623,0.472063809633255,0.34420666098594666,-0.6574122905731201,0.9998463988304138,0.5401671528816223,0.3600596487522125,-0.4495556056499481,0.9997584223747253,0.46238887310028076,0.3622226119041443,-0.41109710931777954,0.9998647570610046,0.5196992754936218,0.4216235876083374,-0.6192595958709717,0.9999346137046814,0.4863840341567993,0.42096439003944397,-0.609684407711029,0.9999445676803589,0.6104549765586853,0.5902913212776184,-0.32459723949432373,0.9996073842048645,0.3949558138847351,0.5849547982215881,-0.2370290905237198,0.9997114539146423,0.6640186309814453,0.8744796514511108,-0.27534547448158264,0.9789672493934631,0.2767631709575653,0.7811339497566223,-0.46529653668403625,0.9882103800773621,0.6688849329948425,1.1441775560379028,-0.36703169345855713,0.8449690341949463,0.26349154114723206,0.49929672479629517,-0.934866726398468,0.9564620852470398,0.667535662651062,1.2382317781448364,-0.3987177014350891,0.7235122919082642,0.2656152546405792,0.4220382571220398,-1.0316612720489502,0.8887215256690979,0.6497958898544312,1.2302732467651367,-0.42986804246902466,0.7487126588821411,0.2788883149623871,0.4060685336589813,-1.01069176197052,0.8998497128486633,0.639223039150238,1.1988035440444946,-0.3844206631183624,0.7556312680244446,0.2819007635116577,0.4295036494731903,-0.9454632997512817,0.9040800929069519,0.5672432780265808,1.0578320026397705,-0.03722553700208664,0.3389386236667633,0.4328406751155853,1.0348756313323975,0.03832147270441055,0.3808596730232239,0.5526320934295654,1.4949413537979126,-0.05741719901561737,0.016539178788661957,0.4215327799320221,1.4760565757751465,-0.004897585138678551,0.014479275792837143,0.546076238155365,1.8571563959121704,0.2732526361942291,0.0016243689460679889,0.41418230533599854,1.849124550819397,0.2185114175081253,0.0019243702990934253,0.5486661791801453,1.9077521562576294,0.28692537546157837,0.000988618703559041,0.4111838638782501,1.9031296968460083,0.231046661734581,0.0027423379942774773,0.5251250863075256,1.9743801355361938,-0.03590713068842888,0.0011420904193073511,0.4263550639152527,1.9691646099090576,-0.10983919352293015,0.004595011472702026,0.0,0.0,0.0,0.0,0.0,0.0,0.0,0.0,0.0,0.0,0.0,0.0,0.0,0.0,0.0,0.0,0.0,0.0,0.0,0.0,0.0,0.0,0.0,0.0,0.0,0.0,0.0,0.0,0.0,0.0,0.0,0.0,0.0,0.0,0.0,0.0,0.0,0.0,0.0,0.0,0.0,0.0,0.0,0.0,0.0,0.0,0.0,0.0,0.0,0.0,0.0,0.0,0.0,0.0,0.0,0.0,0.0,0.0,0.0,0.0,0.0,0.0,0.0,0.2405862808227539,0.48488253355026245,-2.0238479336853743e-08,0.26491066813468933,0.44198575615882874,0.005942509975284338,0.2769506573677063,0.4034385085105896,0.00742004718631506,0.2897695004940033,0.37805718183517456,0.0045813582837581635,0.30277517437934875,0.3681393563747406,0.0013436765875667334,0.2639313042163849,0.3635822832584381,0.015101543627679348,0.2759074866771698,0.3364061713218689,0.008664244785904884,0.2908163070678711,0.3500676155090332,0.0008015873027034104,0.3010064661502838,0.3639885187149048,-0.0043815127573907375,0.257821261882782,0.3625430464744568,0.00718816788867116,0.27316224575042725,0.3305198550224304,-0.00028151198057457805,0.2900323271751404,0.34770599007606506,-0.007735780440270901,0.29909849166870117,0.3694118857383728,-0.012003503739833832,0.25076034665107727,0.36568209528923035,-0.0018444499000906944,0.2650590240955353,0.33410537242889404,-0.00937732495367527,0.281560480594635,0.3527628183364868,-0.013533089309930801,0.28941768407821655,0.37678372859954834,-0.014761064201593399,0.24227148294448853,0.3730076849460602,-0.01084461435675621,0.2550188899040222,0.3429371118545532,-0.015725919976830482,0.2675878703594208,0.35575324296951294,-0.01618475653231144,0.2741919457912445,0.37676694989204407,-0.01561923511326313
0.5032039284706116,0.3836035430431366,-0.6953269243240356,0.9999098181724548,0.5157400369644165,0.3429011404514313,-0.6636236906051636,0.999808669090271,0.5240804553031921,0.3423900306224823,-0.663618266582489,0.999773383140564,0.5303522944450378,0.342450350522995,-0.663616955280304,0.9997785091400146,0.4888077676296234,0.3450409770011902,-0.6562283039093018,0.9998229742050171,0.4799239933490753,0.3438563048839569,-0.6563124060630798,0.9998320937156677,0.47182247042655945,0.34395748376846313,-0.6566357016563416,0.9998525381088257,0.5399987101554871,0.35955238342285156,-0.4447230100631714,0.9997683763504028,0.4622384011745453,0.36205893754959106,-0.40892407298088074,0.9998708963394165,0.5197438597679138,0.4214273989200592,-0.6161165237426758,0.9999372959136963,0.4864135682582855,0.4207746386528015,-0.6071975827217102,0.9999465346336365,0.6103084683418274,0.5892564058303833,-0.3115338683128357,0.9996218681335449,0.3948312997817993,0.584309458732605,-0.23340609669685364,0.9997205138206482,0.664653480052948,0.8705360889434814,-0.26054632663726807,0.9791399836540222,0.2770543694496155,0.780605137348175,-0.4627925157546997,0.988484799861908,0.6702461242675781,1.143267035484314,-0.346346378326416,0.8469784259796143,0.2622886002063751,0.5017873048782349,-0.9374264478683472,0.9574418663978577,0.672720193862915,1.2383556365966797,-0.376713365316391,0.7262622714042664,0.26414674520492554,0.4253862202167511,-1.0342676639556885,0.8909382224082947,0.6548251509666443,1.2315248250961304,-0.40831491351127625,0.7518099546432495,0.2768131196498871,0.40952590107917786,-1.015525221824646,0.9018224477767944,0.6436358094215393,1.1997987031936646,-0.36370834708213806,0.7585049867630005,0.27961111068725586,0.4321197271347046,-0.948948085308075,0.9062679409980774,0.5678203701972961,1.0628780126571655,-0.03697999566793442,0.33779147267341614,0.4292568564414978,1.065184473991394,0.03806765750050545,0.3812372088432312,0.5535362958908081,1.4954662322998047,-0.03783584013581276,0.016197871416807175,0.423061728477478,1.476759910583496,-6.96801653248258e-05,0.013946641236543655,0.5469876527786255,1.8572193384170532,0.3048010468482971,0.0016045679803937674,0.4153217375278473,1.8493369817733765,0.22445303201675415,0.0018511380767449737,0.5496925711631775,1.9075769186019897,0.3186078667640686,0.0009862156584858894,0.41234901547431946,1.9031645059585571,0.23709112405776978,0.0026838991325348616,0.5263569355010986,1.9760253429412842,0.0022088775876909494,0.001131387078203261,0.4267670512199402,1.9695217609405518,-0.1026662290096283,0.004426691681146622,0.0,0.0,0.0,0.0,0.0,0.0,0.0,0.0,0.0,0.0,0.0,0.0,0.0,0.0,0.0,0.0,0.0,0.0,0.0,0.0,0.0,0.0,0.0,0.0,0.0,0.0,0.0,0.0,0.0,0.0,0.0,0.0,0.0,0.0,0.0,0.0,0.0,0.0,0.0,0.0,0.0,0.0,0.0,0.0,0.0,0.0,0.0,0.0,0.0,0.0,0.0,0.0,0.0,0.0,0.0,0.0,0.0,0.0,0.0,0.0,0.0,0.0,0.0,0.24236583709716797,0.4788607656955719,-1.5072567194351905e-08,0.26603376865386963,0.4409031569957733,0.005600920878350735,0.2776041328907013,0.40465694665908813,0.006746804807335138,0.289732962846756,0.3799072802066803,0.0036644148640334606,0.30277660489082336,0.3702359199523926,-2.183777905884199e-05,0.26543524861335754,0.3658333122730255,0.01324775442481041,0.2775285840034485,0.3371204137802124,0.006443211808800697,0.2921774983406067,0.34846487641334534,-0.0012182981008663774,0.3021352291107178,0.36150363087654114,-0.006172476336359978,0.2592875361442566,0.36495110392570496,0.0053282142616808414,0.2740829586982727,0.3306260108947754,-0.0027009248733520508,0.2902446687221527,0.3473380208015442,-0.009999205358326435,0.2984214425086975,0.36883220076560974,-0.013946634717285633,0.2516944706439972,0.36716726422309875,-0.003589804284274578,0.265325129032135,0.3337729573249817,-0.011645575985312462,0.28100836277008057,0.35265570878982544,-0.015411000698804855,0.28762075304985046,0.37645092606544495,-0.016179494559764862,0.24235820770263672,0.3732790946960449,-0.012436404824256897,0.25497254729270935,0.3417778015136719,-0.01788029633462429,0.2672213315963745,0.3547821640968323,-0.018142644315958023,0.27281734347343445,0.3761741816997528,-0.017279885709285736
0.5032135248184204,0.3833387792110443,-0.6927440166473389,0.9999135136604309,0.5157282948493958,0.34259551763534546,-0.6616107821464539,0.9998156428337097,0.5240978598594666,0.34218159317970276,-0.661602258682251,0.9997830390930176,0.5303784608840942,0.342315673828125,-0.661602795124054,0.9997864961624146,0.4888302683830261,0.34490451216697693,-0.6538378596305847,0.9998294115066528,0.4800209403038025,0.3437134325504303,-0.6539086103439331,0.9998390078544617,0.4718666076660156,0.343914270401001,-0.6542260050773621,0.9998567700386047,0.5401734709739685,0.35936811566352844,-0.444500595331192,0.9997775554656982,0.4622381031513214,0.3620279133319855,-0.40669432282447815,0.9998773336410522,0.5197916626930237,0.4214041233062744,-0.6142087578773499,0.9999398589134216,0.486511766910553,0.4207381010055542,-0.604722261428833,0.9999486804008484,0.6103155612945557,0.588559091091156,-0.30969226360321045,0.9996404051780701,0.39492911100387573,0.5831732749938965,-0.2333291918039322,0.9997310638427734,0.6648889183998108,0.8676863312721252,-0.2618212103843689,0.9794833064079285,0.2774665057659149,0.7798255085945129,-0.46238774061203003,0.9885532855987549,0.6719189286231995,1.134878158569336,-0.3537234961986542,0.8489413261413574,0.2619034945964813,0.5029385685920715,-0.9387274384498596,0.9580588936805725,0.6739658117294312,1.233666181564331,-0.38595741987228394,0.7290371656417847,0.2643677890300751,0.4257016181945801,-1.0365824699401855,0.8926645517349243,0.656299889087677,1.2263952493667603,-0.4179217219352722,0.7549065351486206,0.27729085087776184,0.409942090511322,-1.0182863473892212,0.9032950401306152,0.6451642513275146,1.195164442062378,-0.37161242961883545,0.7618333101272583,0.28027284145355225,0.4326126277446747,-0.9504430294036865,0.9077828526496887,0.5685561299324036,1.061387062072754,-0.036939606070518494,0.3382677137851715,0.42823144793510437,1.0727133750915527,0.03808170184493065,0.38259631395339966,0.5558091998100281,1.4944366216659546,-0.033047568053007126,0.015536126680672169,0.42449861764907837,1.476427674293518,0.006814506370574236,0.013324600644409657,0.548579752445221,1.8554813861846924,0.3130590319633484,0.0015552572440356016,0.41736334562301636,1.8475676774978638,0.23789428174495697,0.001774309086613357,0.551201581954956,1.905450463294983,0.3258550465106964,0.0009666613186709583,0.4144434928894043,1.9022953510284424,0.25136512517929077,0.002611797535791993,0.5276233553886414,1.9751356840133667,0.006968202535063028,0.0010970410658046603,0.43019455671310425,1.9689552783966064,-0.09074202924966812,0.0042538451962172985,0.0,0.0,0.0,0.0,0.0,0.0,0.0,0.0,0.0,0.0,0.0,0.0,0.0,0.0,0.0,0.0,0.0,0.0,0.0,0.0,0.0,0.0,0.0,0.0,0.0,0.0,0.0,0.0,0.0,0.0,0.0,0.0,0.0,0.0,0.0,0.0,0.0,0.0,0.0,0.0,0.0,0.0,0.0,0.0,0.0,0.0,0.0,0.0,0.0,0.0,0.0,0.0,0.0,0.0,0.0,0.0,0.0,0.0,0.0,0.0,0.0,0.0,0.0,0.24210210144519806,0.48075613379478455,-7.129785650761278e-09,0.26551294326782227,0.44048282504081726,0.004941025748848915,0.2774350643157959,0.4033929705619812,0.005642389878630638,0.29053226113319397,0.37941646575927734,0.0023089067544788122,0.3036050796508789,0.36985307931900024,-0.0013891328126192093,0.2646133601665497,0.36377736926078796,0.01307984534651041,0.2767240107059479,0.33548590540885925,0.006204117555171251,0.29137372970581055,0.34858664870262146,-0.0016942929942160845,0.3008222281932831,0.36219093203544617,-0.006829370278865099,0.2586488723754883,0.3631349802017212,0.005596290808171034,0.2734906077384949,0.3306516408920288,-0.0021364439744502306,0.2898569405078888,0.3483121693134308,-0.009512508288025856,0.29773810505867004,0.36970219016075134,-0.013712689280509949,0.25136736035346985,0.3660500943660736,-0.002991592278704047,0.26476040482521057,0.3331685960292816,-0.01052752323448658,0.2808269262313843,0.35198864340782166,-0.014317790977656841,0.2877740263938904,0.3756227195262909,-0.015365407802164555,0.24244201183319092,0.37312695384025574,-0.011603491380810738,0.254437118768692,0.34206774830818176,-0.016697444021701813,0.2665141820907593,0.3547150492668152,-0.017071232199668884,0.2721760869026184,0.37560439109802246,-0.016428273171186447
0.5030688643455505,0.3833804428577423,-0.6759132742881775,0.9999154210090637,0.5156574845314026,0.3428944945335388,-0.6442476511001587,0.9998189210891724,0.5240368843078613,0.34267908334732056,-0.644234836101532,0.9997889399528503,0.5303129553794861,0.3429887592792511,-0.6442405581474304,0.9997904300689697,0.48875701427459717,0.344847172498703,-0.6360787153244019,0.9998322129249573,0.4800005555152893,0.3437696695327759,-0.63615483045578,0.9998428225517273,0.47179096937179565,0.3441983163356781,-0.636475145816803,0.999857485294342,0.5404208898544312,0.3599602282047272,-0.42839595675468445,0.9997815489768982,0.46225792169570923,0.3622305393218994,-0.38879960775375366,0.9998817443847656,0.5197538733482361,0.42177942395210266,-0.5979226231575012,0.9999409317970276,0.48646149039268494,0.4208102524280548,-0.587994396686554,0.9999498128890991,0.6104210019111633,0.5887113213539124,-0.2990884780883789,0.9996510148048401,0.39500290155410767,0.5821475982666016,-0.21811923384666443,0.9997345805168152,0.6651927828788757,0.8665798902511597,-0.2516566812992096,0.9793301224708557,0.2768583595752716,0.7783260345458984,-0.44715017080307007,0.9885748624801636,0.6712134480476379,1.1295057535171509,-0.34765538573265076,0.8480781316757202,0.2617071568965912,0.5030367970466614,-0.9224808812141418,0.9582133293151855,0.6751585006713867,1.2239280939102173,-0.380034476518631,0.7287932634353638,0.264328271150589,0.4261367917060852,-1.0200837850570679,0.8925994038581848,0.6580713391304016,1.2163169384002686,-0.4109611511230469,0.7551569938659668,0.27735573053359985,0.4109857380390167,-1.001280426979065,0.9031829833984375,0.6468838453292847,1.1862660646438599,-0.3654597997665405,0.7616749405860901,0.28047868609428406,0.43328842520713806,-0.9341151714324951,0.9074926972389221,0.5683423280715942,1.0616298913955688,-0.038367558270692825,0.34147191047668457,0.4283372759819031,1.0768814086914062,0.0395173542201519,0.38583794236183167,0.555031955242157,1.4933878183364868,-0.047098878771066666,0.01602226309478283,0.4252271354198456,1.4756853580474854,-0.004094050265848637,0.013660821132361889,0.5492898225784302,1.8553802967071533,0.2818979024887085,0.0016124456888064742,0.41894397139549255,1.8471566438674927,0.2228051871061325,0.00186049600597471,0.5522227883338928,1.9056825637817383,0.2952176332473755,0.0010006639640778303,0.4162198305130005,1.9019752740859985,0.23548920452594757,0.0027316727209836245,0.5279252529144287,1.9746439456939697,-0.023201627656817436,0.0011321882484480739,0.43119582533836365,1.967942714691162,-0.09551313519477844,0.0043615857139229774,0.0,0.0,0.0,0.0,0.0,0.0,0.0,0.0,0.0,0.0,0.0,0.0,0.0,0.0,0.0,0.0,0.0,0.0,0.0,0.0,0.0,0.0,0.0,0.0,0.0,0.0,0.0,0.0,0.0,0.0,0.0,0.0,0.0,0.0,0.0,0.0,0.0,0.0,0.0,0.0,0.0,0.0,0.0,0.0,0.0,0.0,0.0,0.0,0.0,0.0,0.0,0.0,0.0,0.0,0.0,0.0,0.0,0.0,0.0,0.0,0.0,0.0,0.0,0.24139836430549622,0.4801901578903198,-1.0768550495754425e-08,0.2648790180683136,0.4426867365837097,0.004482568707317114,0.2769670784473419,0.4058076739311218,0.00541313411667943,0.2896479368209839,0.3811182379722595,0.0024628136307001114,0.3030514717102051,0.3721136450767517,-0.0009086633799597621,0.2648806571960449,0.36547940969467163,0.01278812438249588,0.2772171199321747,0.3362850546836853,0.006018508691340685,0.2916077971458435,0.34866127371788025,-0.0017196033149957657,0.30129122734069824,0.36304715275764465,-0.0067055365070700645,0.2588871121406555,0.3647373914718628,0.005742829758673906,0.2736099660396576,0.3306238651275635,-0.002169629093259573,0.2896340489387512,0.3474735617637634,-0.009847834706306458,0.29790639877319336,0.3691888749599457,-0.01414815429598093,0.2517011761665344,0.3672764301300049,-0.002376868622377515,0.26503798365592957,0.3342902362346649,-0.01008210051804781,0.28060609102249146,0.35282108187675476,-0.014389099553227425,0.28735044598579407,0.3765416443347931,-0.015690624713897705,0.24289068579673767,0.3737631142139435,-0.010511924512684345,0.2548753023147583,0.3428495526313782,-0.015582757070660591,0.2667916715145111,0.35463592410087585,-0.016319043934345245,0.2724955081939697,0.3749110698699951,-0.0159546360373497
