0.505161464214325,0.3277508616447449,-0.8066022992134094,0.9997888207435608,0.5175268054008484,0.28699159622192383,-0.7821111679077148,0.9995866417884827,0.5256838798522949,0.285550594329834,-0.7821676135063171,0.9995367527008057,0.5321416854858398,0.28481149673461914,-0.7822335958480835,0.9994470477104187,0.4904255270957947,0.29034852981567383,-0.7825943827629089,0.9996880292892456,0.48194608092308044,0.2914322018623352,-0.7826640009880066,0.9997203946113586,0.47382020950317383,0.29313623905181885,-0.7829702496528625,0.9997550845146179,0.5421779751777649,0.29647350311279297,-0.5454279184341431,0.9995008707046509,0.4671914279460907,0.30769890546798706,-0.5399552583694458,0.9997658133506775,0.5228357911109924,0.36614900827407837,-0.7117800116539001,0.9999160766601562,0.4906088411808014,0.373670756816864,-0.7107753753662109,0.999950647354126,0.6137383580207825,0.5239563584327698,-0.34717005491256714,0.9994770884513855,0.4052295386791229,0.5178098678588867,-0.3591005504131317,0.9997010827064514,0.6539138555526733,0.8212916851043701,-0.25357216596603394,0.9728696942329407,0.32275569438934326,0.7834445238113403,-0.4481230676174164,0.9966519474983215,0.6274575591087341,1.0328867435455322,-0.4298371970653534,0.7587101459503174,0.4567224383354187,0.7915730476379395,-0.7574943900108337,0.9324625134468079,0.6307125091552734,1.1316719055175781,-0.48808929324150085,0.50559002161026,0.4980531632900238,0.8104972839355469,-0.8347121477127075,0.7708131074905396,0.6088246703147888,1.1078718900680542,-0.5278394818305969,0.5337488055229187,0.5050700902938843,0.7577077150344849,-0.8340887427330017,0.7664052248001099,0.6062518358230591,1.0726044178009033,-0.44756776094436646,0.5521118640899658,0.49316856265068054,0.7473138570785522,-0.7587400078773499,0.7293992638587952,0.5630832314491272,1.0220873355865479,-0.028154069557785988,0.7199913859367371,0.4331187307834625,1.0184102058410645,0.02897077240049839,0.7426843643188477,0.5636885762214661,1.4104695320129395,0.11379846185445786,0.03892448544502258,0.4339905381202698,1.4025194644927979,0.19415293633937836,0.06359456479549408,0.563184380531311,1.726963758468628,0.5749514102935791,0.008950183168053627,0.4401525855064392,1.7258062362670898,0.5941134095191956,0.01997012086212635,0.5648796558380127,1.7720929384231567,0.6041587591171265,0.005757521837949753,0.4401240050792694,1.7760791778564453,0.6277492046356201,0.033416882157325745,0.5452831387519836,1.8517787456512451,0.3167869448661804,0.004393312614411116,0.4498637914657593,1.8412342071533203,0.3277069926261902,0.026507167145609856,0.0,0.0,0.0,0.0,0.0,0.0,0.0,0.0,0.0,0.0,0.0,0.0,0.0,0.0,0.0,0.0,0.0,0.0,0.0,0.0,0.0,0.0,0.0,0.0,0.0,0.0,0.0,0.0,0.0,0.0,0.0,0.0,0.0,0.0,0.0,0.0,0.0,0.0,0.0,0.0,0.0,0.0,0.0,0.0,0.0,0.0,0.0,0.0,0.0,0.0,0.0,0.0,0.0,0.0,0.0,0.0,0.0,0.0,0.0,0.0,0.0,0.0,0.0,0.4614410996437073,0.7964593172073364,-2.2582514702662593e-07,0.47741514444351196,0.7488800287246704,0.0008154506795108318,0.49548205733299255,0.7196911573410034,-0.0013799176085740328,0.5106309652328491,0.6983226537704468,-0.004458677023649216,0.5175085067749023,0.676995575428009,-0.0069552636705338955,0.5256814956665039,0.7585994601249695,-0.00010331156227039173,0.5387080907821655,0.7530487179756165,-0.0017431952292099595,0.5291010737419128,0.7530385851860046,-0.004043832886964083,0.5189550518989563,0.7557151913642883,-0.005748340394347906,0.5277695655822754,0.7862268090248108,-0.0026292146649211645,0.5356918573379517,0.7797473073005676,-0.0004045663808938116,0.5267476439476013,0.7774387001991272,-0.00028600989026017487,0.5178946852684021,0.7799545526504517,-0.0019619036465883255,0.5246959924697876,0.812736988067627,-0.004962787497788668,0.5308120250701904,0.8033692240715027,-0.0025166217237710953,0.522843062877655,0.8000685572624207,3.384368756087497e-05,0.513911247253418,0.8011172413825989,-0.00010444775398354977,0.519379198551178,0.8368816375732422,-0.007449096534401178,0.5247674584388733,0.8279803395271301,-0.004369762726128101,0.5177688002586365,0.8225807547569275,5.7250825193477795e-05,0.5099623799324036,0.8222147822380066,0.0026164972223341465
0.5057267546653748,0.33162596821784973,-0.8180190324783325,0.9997878670692444,0.5189712047576904,0.2917116582393646,-0.7941421270370483,0.9995952248573303,0.526472270488739,0.29145386815071106,-0.7942211031913757,0.999549925327301,0.5324431657791138,0.2914406359195709,-0.7942749261856079,0.9994710087776184,0.49275150895118713,0.2924838066101074,-0.7946473360061646,0.9996849894523621,0.48384782671928406,0.29274940490722656,-0.7947255373001099,0.9997079968452454,0.4754412770271301,0.293656587600708,-0.7949916124343872,0.9997332692146301,0.5420199036598206,0.3046892583370209,-0.5477988123893738,0.9995231628417969,0.46713536977767944,0.3083045780658722,-0.5426619648933411,0.9997575879096985,0.522614061832428,0.3696417212486267,-0.7191161513328552,0.999920666217804,0.4904690682888031,0.3737657368183136,-0.7183884382247925,0.9999510645866394,0.6116904616355896,0.5215796232223511,-0.3651939928531647,0.9995362758636475,0.3974473178386688,0.5177204012870789,-0.33531704545021057,0.9997276663780212,0.6699714064598083,0.8037912845611572,-0.30994701385498047,0.9752810001373291,0.3392859995365143,0.7937081456184387,-0.42451319098472595,0.9959967732429504,0.6018434166908264,0.978354811668396,-0.4898512661457062,0.7815805673599243,0.4222465753555298,0.8643538355827332,-0.7284421324729919,0.932152271270752,0.5981348156929016,1.0703938007354736,-0.5481372475624084,0.5527569651603699,0.4583231508731842,0.8742095232009888,-0.8035346269607544,0.7744311690330505,0.5813992619514465,1.0507785081863403,-0.5880475640296936,0.5780682563781738,0.46403223276138306,0.8353334665298462,-0.801824688911438,0.7731805443763733,0.5739712119102478,0.9902085065841675,-0.5076264142990112,0.5931330919265747,0.4547746777534485,0.8298537731170654,-0.7286720275878906,0.7410038709640503,0.5655069947242737,1.0225098133087158,-0.03330499306321144,0.744789183139801,0.4356231689453125,1.0194629430770874,0.034158919006586075,0.7640292048454285,0.5786394476890564,1.4192415475845337,0.08152714371681213,0.03994527831673622,0.43806594610214233,1.4150125980377197,0.1639513522386551,0.05878952890634537,0.5744865536689758,1.7480347156524658,0.5562968850135803,0.009016236290335655,0.4432072341442108,1.7469532489776611,0.5475460290908813,0.018853483721613884,0.5761305689811707,1.7956316471099854,0.5882952809333801,0.005857434123754501,0.4428439736366272,1.7981783151626587,0.5793039798736572,0.031093979254364967,0.5578899383544922,1.8785256147384644,0.310950368642807,0.004355143290013075,0.45834508538246155,1.8685981035232544,0.2806662917137146,0.02473650500178337,0.0,0.0,0.0,0.0,0.0,0.0,0.0,0.0,0.0,0.0,0.0,0.0,0.0,0.0,0.0,0.0,0.0,0.0,0.0,0.0,0.0,0.0,0.0,0.0,0.0,0.0,0.0,0.0,0.0,0.0,0.0,0.0,0.0,0.0,0.0,0.0,0.0,0.0,0.0,0.0,0.0,0.0,0.0,0.0,0.0,0.0,0.0,0.0,0.0,0.0,0.0,0.0,0.0,0.0,0.0,0.0,0.0,0.0,0.0,0.0,0.0,0.0,0.0,0.46082061529159546,0.795397162437439,-1.255038313274781e-07,0.47598639130592346,0.7495003342628479,-0.0005778288468718529,0.4940313398838043,0.7196106910705566,-0.0027403037529438734,0.5086836218833923,0.6987441182136536,-0.005450818222016096,0.5161411166191101,0.6778674721717834,-0.007690380793064833,0.5269477963447571,0.7601166367530823,0.001119095366448164,0.5373642444610596,0.755706250667572,0.000888023991137743,0.5292627215385437,0.7556763291358948,-0.0007597233634442091,0.5205958485603333,0.7564740180969238,-0.002018098020926118,0.5292313694953918,0.788279116153717,-6.377640238497406e-05,0.5334757566452026,0.7841630578041077,0.0033798268996179104,0.52461177110672,0.7813732028007507,0.003122103400528431,0.5164183378219604,0.7823553085327148,0.0014049136079847813,0.5256565809249878,0.8141545653343201,-0.0011876625940203667,0.528911828994751,0.8088059425354004,0.0022359408903867006,0.5213277339935303,0.8050828576087952,0.0032699033617973328,0.5127368569374084,0.8041324615478516,0.002373976167291403,0.5199507474899292,0.8378891348838806,-0.00262885051779449,0.5229505300521851,0.8321424126625061,0.0011531879426911473,0.5164105296134949,0.827569305896759,0.004552431870251894,0.5093877911567688,0.825313150882721,0.0066129774786531925
0.5060131549835205,0.33305624127388,-0.8338132500648499,0.9997963309288025,0.5192920565605164,0.2929358184337616,-0.8105381727218628,0.9996182322502136,0.5265961289405823,0.2931331694126129,-0.8105856776237488,0.999578595161438,0.5324546694755554,0.2936505675315857,-0.8106233477592468,0.9995083212852478,0.4930386245250702,0.2938855290412903,-0.8120139241218567,0.999697744846344,0.4841422140598297,0.2943137586116791,-0.8121170401573181,0.9997157454490662,0.4757607877254486,0.29487836360931396,-0.8124203085899353,0.9997344613075256,0.5420268774032593,0.30814579129219055,-0.5659284591674805,0.999559223651886,0.4667302966117859,0.3097437620162964,-0.5665262937545776,0.9997662901878357,0.5220174789428711,0.3707347810268402,-0.7344143986701965,0.9999265074729919,0.48996907472610474,0.3740854561328888,-0.7350766658782959,0.9999533891677856,0.6109970808029175,0.5212566256523132,-0.36366063356399536,0.9995883107185364,0.3966243863105774,0.5166208148002625,-0.36580610275268555,0.9997546076774597,0.6706769466400146,0.8018577098846436,-0.29637613892555237,0.9772047400474548,0.34054669737815857,0.7937842607498169,-0.4595383405685425,0.9956424832344055,0.6094995737075806,0.9888738393783569,-0.48641330003738403,0.8011727333068848,0.4322403371334076,0.8416478037834167,-0.7671846151351929,0.9307080507278442,0.6109153628349304,1.0796211957931519,-0.5455141067504883,0.5919504761695862,0.4713438153266907,0.8565827012062073,-0.8439547419548035,0.7754429578781128,0.5915548205375671,1.0626252889633179,-0.587688684463501,0.6149477362632751,0.47817012667655945,0.8115832805633545,-0.8441272974014282,0.7769291400909424,0.587162435054779,1.013559341430664,-0.5053657293319702,0.6266775131225586,0.4675404727458954,0.8034919500350952,-0.7679628729820251,0.7482845187187195,0.566843569278717,1.0222675800323486,-0.034606706351041794,0.7631709575653076,0.43729305267333984,1.0195701122283936,0.03547848016023636,0.7797229886054993,0.5807027816772461,1.422972559928894,0.07283410429954529,0.041727881878614426,0.43919995427131653,1.4189093112945557,0.16126704216003418,0.05570434033870697,0.5760266780853271,1.7570832967758179,0.5371313691139221,0.009217414073646069,0.44494324922561646,1.7550573348999023,0.5449027419090271,0.01827041059732437,0.5783025622367859,1.8075220584869385,0.5676681995391846,0.006076059304177761,0.4448205828666687,1.8059513568878174,0.5764673352241516,0.029776183888316154,0.5582757592201233,1.887102723121643,0.283878356218338,0.004411858040839434,0.4585779011249542,1.877874493598938,0.2719460725784302,0.023704107850790024,0.0,0.0,0.0,0.0,0.0,0.0,0.0,0.0,0.0,0.0,0.0,0.0,0.0,0.0,0.0,0.0,0.0,0.0,0.0,0.0,0.0,0.0,0.0,0.0,0.0,0.0,0.0,0.0,0.0,0.0,0.0,0.0,0.0,0.0,0.0,0.0,0.0,0.0,0.0,0.0,0.0,0.0,0.0,0.0,0.0,0.0,0.0,0.0,0.0,0.0,0.0,0.0,0.0,0.0,0.0,0.0,0.0,0.0,0.0,0.0,0.0,0.0,0.0,0.46213704347610474,0.7954423427581787,-1.9120277272577368e-07,0.47873440384864807,0.7496750950813293,0.0014918638626113534,0.49666598439216614,0.719247043132782,3.870797445415519e-05,0.5106181502342224,0.6969331502914429,-0.0023055600468069315,0.5171117186546326,0.6755033135414124,-0.0040836576372385025,0.5260627269744873,0.7573553323745728,0.0006777946837246418,0.5383120775222778,0.7556496262550354,0.0015259153442457318,0.5304430723190308,0.7564690709114075,0.0018836528761312366,0.5213696956634521,0.7571465969085693,0.0018321124371141195,0.528175413608551,0.784786581993103,-0.0015056657139211893,0.5347487330436707,0.78385329246521,0.0024400094989687204,0.5263504981994629,0.7818354368209839,0.003475575940683484,0.5179530382156372,0.7817197442054749,0.0022890896070748568,0.5248826742172241,0.8115898370742798,-0.003226093715056777,0.5300816893577576,0.806594967842102,0.0008947364403866231,0.5219562649726868,0.8043943047523499,0.00338855036534369,0.5132533311843872,0.8038733601570129,0.002918859478086233,0.5191954970359802,0.8362287878990173,-0.00501744169741869,0.5244078636169434,0.8304980993270874,-0.0009518035221844912,0.5175641775131226,0.8263218998908997,0.0033066931646317244,0.5103235244750977,0.8249924182891846,0.005586035083979368
0.5065878629684448,0.3338797390460968,-0.7886472940444946,0.9997963309288025,0.5195470452308655,0.29331475496292114,-0.7643471360206604,0.9996201992034912,0.5266973972320557,0.29333242774009705,-0.7643976807594299,0.9995860457420349,0.5325450301170349,0.29389962553977966,-0.7644254565238953,0.9995145797729492,0.49337127804756165,0.2947767674922943,-0.7682950496673584,0.9996975660324097,0.4845196008682251,0.29518482089042664,-0.768412172794342,0.9997163414955139,0.47618916630744934,0.2956124544143677,-0.7687307596206665,0.999731183052063,0.5421159267425537,0.3093498647212982,-0.5233770608901978,0.9995689988136292,0.4663981795310974,0.3111134469509125,-0.5339955687522888,0.9997711777687073,0.5221605896949768,0.3713713586330414,-0.6904479265213013,0.9999276399612427,0.49019017815589905,0.3736936151981354,-0.694327175617218,0.999954342842102,0.611130952835083,0.5209527015686035,-0.33909308910369873,0.9996162056922913,0.39669370651245117,0.5161806344985962,-0.35136306285858154,0.9997730255126953,0.6687126755714417,0.8028575778007507,-0.25755956768989563,0.9782053232192993,0.3399237096309662,0.7944220900535583,-0.4428693950176239,0.9953793287277222,0.6134611964225769,0.9953502416610718,-0.4474315941333771,0.8132991790771484,0.43927592039108276,0.8321439623832703,-0.7345322966575623,0.9297714829444885,0.6148527264595032,1.087694764137268,-0.5045910477638245,0.6207674741744995,0.4785592257976532,0.8486567139625549,-0.8098830580711365,0.7779948115348816,0.5957750082015991,1.0704915523529053,-0.5472728610038757,0.6420900821685791,0.48492351174354553,0.8020540475845337,-0.8083840012550354,0.7818122506141663,0.5919370055198669,1.0223971605300903,-0.4668101370334625,0.6512174606323242,0.4739431142807007,0.7930281162261963,-0.7342971563339233,0.7560727000236511,0.5674859881401062,1.022217869758606,-0.024752825498580933,0.7710815072059631,0.43776699900627136,1.0196948051452637,0.025544915348291397,0.7875434756278992,0.5789974331855774,1.4256209135055542,0.09279472380876541,0.0440804623067379,0.4388807713985443,1.4201806783676147,0.13056714832782745,0.053431663662195206,0.5750776529312134,1.758993148803711,0.5489329099655151,0.00949772261083126,0.44417804479599,1.7569621801376343,0.47552263736724854,0.017579015344381332,0.5769082307815552,1.8067800998687744,0.577958881855011,0.0063428133726119995,0.4438123106956482,1.80652916431427,0.5026029348373413,0.028322525322437286,0.557418167591095,1.8899290561676025,0.2980276942253113,0.004445923957973719,0.45886489748954773,1.8816249370574951,0.19832682609558105,0.022266505286097527,0.0,0.0,0.0,0.0,0.0,0.0,0.0,0.0,0.0,0.0,0.0,0.0,0.0,0.0,0.0,0.0,0.0,0.0,0.0,0.0,0.0,0.0,0.0,0.0,0.0,0.0,0.0,0.0,0.0,0.0,0.0,0.0,0.0,0.0,0.0,0.0,0.0,0.0,0.0,0.0,0.0,0.0,0.0,0.0,0.0,0.0,0.0,0.0,0.0,0.0,0.0,0.0,0.0,0.0,0.0,0.0,0.0,0.0,0.0,0.0,0.0,0.0,0.0,0.4644777178764343,0.7937950491905212,-1.800227380499564e-07,0.47871723771095276,0.7477308511734009,0.000201294053113088,0.49645552039146423,0.7175655961036682,-0.0011187299387529492,0.5107781887054443,0.6972874999046326,-0.0030623243656009436,0.5170274376869202,0.676925003528595,-0.0045026796869933605,0.5265718102455139,0.7574494481086731,0.0002632276155054569,0.5376555919647217,0.7562125325202942,0.0006218926864676178,0.5291185975074768,0.755752444267273,5.1708258979488164e-05,0.5198253393173218,0.7559435963630676,-0.0006487210630439222,0.5285117626190186,0.7856295704841614,-0.0013270573690533638,0.5338926315307617,0.7844096422195435,0.0024125983472913504,0.5255759954452515,0.7823089361190796,0.0031929933466017246,0.5176174640655518,0.7831184267997742,0.0018402637215331197,0.524871289730072,0.8122988343238831,-0.0026613238733261824,0.5292634963989258,0.8077468872070312,0.0009237135527655482,0.5214421153068542,0.8052965998649597,0.0032036390621215105,0.5128828287124634,0.8050618767738342,0.0027564861811697483,0.5187636017799377,0.8364496827125549,-0.004195013083517551,0.5233230590820312,0.8310288786888123,-0.0006842006114311516,0.5162456631660461,0.8262579441070557,0.003361733863130212,0.5089308619499207,0.8245848417282104,0.005605357699096203
0.5064772367477417,0.3345547616481781,-0.7857159376144409,0.9997990727424622,0.5195845365524292,0.29360413551330566,-0.7623744606971741,0.9996281862258911,0.5266738533973694,0.293676495552063,-0.7624349594116211,0.9995989799499512,0.5325610041618347,0.29438847303390503,-0.7624955773353577,0.9995281100273132,0.49339067935943604,0.29576966166496277,-0.7640016674995422,0.9997017979621887,0.4846118092536926,0.29617756605148315,-0.7641016840934753,0.999720573425293,0.4763786494731903,0.29650479555130005,-0.764401376247406,0.9997318983078003,0.5421468615531921,0.3099292516708374,-0.5209113359451294,0.9995861053466797,0.46601009368896484,0.31213024258613586,-0.514004647731781,0.9997773766517639,0.5219870805740356,0.371759831905365,-0.689987301826477,0.999929666519165,0.48973461985588074,0.37397831678390503,-0.6904625296592712,0.9999558329582214,0.6114944815635681,0.5208299160003662,-0.3340102732181549,0.9996371865272522,0.3971194624900818,0.5161920785903931,-0.33158254623413086,0.9997876882553101,0.6673623919487,0.8058749437332153,-0.2570212185382843,0.9790627956390381,0.3378167748451233,0.7948915362358093,-0.41838333010673523,0.9950284361839294,0.6144115924835205,1.0097092390060425,-0.44444209337234497,0.8228456974029541,0.44124963879585266,0.829346239566803,-0.7082661390304565,0.9280346632003784,0.6145344972610474,1.1047836542129517,-0.5039543509483337,0.645003080368042,0.48150235414505005,0.8450830578804016,-0.7824035882949829,0.779062032699585,0.596250593662262,1.083889365196228,-0.5463994741439819,0.6651591062545776,0.48765620589256287,0.7993521690368652,-0.7814034819602966,0.785190999507904,0.5929068922996521,1.0377464294433594,-0.46377623081207275,0.6722140312194824,0.476696640253067,0.7904942631721497,-0.7081905007362366,0.7614364624023438,0.567276656627655,1.02205491065979,-0.026894303038716316,0.7824236750602722,0.4379132390022278,1.0196282863616943,0.027660293504595757,0.7972349524497986,0.573266327381134,1.4274579286575317,0.09579465538263321,0.05055322125554085,0.43791934847831726,1.4207689762115479,0.13787077367305756,0.05432415008544922,0.5702585577964783,1.7606168985366821,0.5415511727333069,0.010536002926528454,0.44231370091438293,1.7583928108215332,0.48492342233657837,0.01769159734249115,0.572263777256012,1.8074482679367065,0.5703849196434021,0.007193730678409338,0.4421236217021942,1.8075908422470093,0.5123819708824158,0.02848225086927414,0.5515472888946533,1.8928261995315552,0.2984839975833893,0.0047347936779260635,0.45439037680625916,1.886131763458252,0.21655228734016418,0.021566292271018028,0.0,0.0,0.0,0.0,0.0,0.0,0.0,0.0,0.0,0.0,0.0,0.0,0.0,0.0,0.0,0.0,0.0,0.0,0.0,0.0,0.0,0.0,0.0,0.0,0.0,0.0,0.0,0.0,0.0,0.0,0.0,0.0,0.0,0.0,0.0,0.0,0.0,0.0,0.0,0.0,0.0,0.0,0.0,0.0,0.0,0.0,0.0,0.0,0.0,0.0,0.0,0.0,0.0,0.0,0.0,0.0,0.0,0.0,0.0,0.0,0.0,0.0,0.0,0.46383291482925415,0.7938933968544006,-1.8815174485098396e-07,0.47821664810180664,0.7480835914611816,0.00020605704048648477,0.49618446826934814,0.7184154391288757,-0.0012937363935634494,0.5105804800987244,0.6976031064987183,-0.003356627654284239,0.5171197652816772,0.6768854260444641,-0.004865510389208794,0.527100145816803,0.7576141357421875,8.455676834273618e-06,0.538399875164032,0.7541748881340027,0.0005321955541148782,0.5302788615226746,0.7533243894577026,0.00037688470911234617,0.5213310122489929,0.7539644837379456,-7.404087227769196e-05,0.5289358496665955,0.7859185934066772,-0.001498078927397728,0.5341302752494812,0.7826179265975952,0.0021208899561315775,0.5256117582321167,0.7800055146217346,0.0031427950598299503,0.5174236297607422,0.780872642993927,0.0020568110048770905,0.525384247303009,0.8125956058502197,-0.0027059849817305803,0.5289943814277649,0.8061819076538086,0.0006866527255624533,0.5209980607032776,0.8033744096755981,0.0030220244079828262,0.5125135779380798,0.803321897983551,0.002718391129747033,0.5194413065910339,0.8366475105285645,-0.0040810019709169865,0.5236272811889648,0.8299665451049805,-0.0007755631231702864,0.5167350172996521,0.825232744216919,0.003141192253679037,0.5097019076347351,0.8239284157752991,0.005369124934077263
0.506075382232666,0.334415078163147,-0.7782440781593323,0.9997991323471069,0.5195432305335999,0.29365184903144836,-0.7545508742332458,0.9996301531791687,0.5266074538230896,0.29366323351860046,-0.7546169757843018,0.999605119228363,0.5325448513031006,0.2942352592945099,-0.75468909740448,0.9995331168174744,0.4933757185935974,0.29567423462867737,-0.755818784236908,0.9997011423110962,0.4846840798854828,0.2958320379257202,-0.7559298872947693,0.9997203946113586,0.4765602946281433,0.2960044741630554,-0.7562367916107178,0.9997285008430481,0.5421675443649292,0.3095182478427887,-0.5160777568817139,0.9995946288108826,0.46576839685440063,0.3114006221294403,-0.5090993046760559,0.9997788071632385,0.5215803980827332,0.37145116925239563,-0.6828768849372864,0.9999304413795471,0.489357054233551,0.3727729320526123,-0.682831883430481,0.9999562501907349,0.611312747001648,0.5213261246681213,-0.32076147198677063,0.9996479749679565,0.3974856436252594,0.5157906413078308,-0.3134693205356598,0.9997966289520264,0.6678526997566223,0.8075392842292786,-0.23618388175964355,0.9802789688110352,0.33664846420288086,0.7947609424591064,-0.39202895760536194,0.9946629405021667,0.6152743697166443,1.0140104293823242,-0.420958936214447,0.8314687013626099,0.44197702407836914,0.8256286978721619,-0.6780239343643188,0.9264892935752869,0.6164389848709106,1.1121431589126587,-0.47916898131370544,0.664962887763977,0.4822636842727661,0.8413980007171631,-0.7513405084609985,0.7796428799629211,0.5973991751670837,1.0900484323501587,-0.5213964581489563,0.6839156150817871,0.4884583652019501,0.7966170310974121,-0.7521583437919617,0.7874248623847961,0.5893616080284119,1.0424727201461792,-0.4400845766067505,0.6892237663269043,0.4776463210582733,0.7880812287330627,-0.6784942746162415,0.7649914026260376,0.5663248300552368,1.021933913230896,-0.030805576592683792,0.7919536232948303,0.43804341554641724,1.0196478366851807,0.031555186957120895,0.805453360080719,0.5688064694404602,1.4295239448547363,0.09528228640556335,0.057620853185653687,0.4364416003227234,1.421267032623291,0.139070063829422,0.05724117159843445,0.5660258531570435,1.7632163763046265,0.5315023064613342,0.0121005829423666,0.44064632058143616,1.7601377964019775,0.47281381487846375,0.018991628661751747,0.5681729912757874,1.8098005056381226,0.5586198568344116,0.008279193192720413,0.44083914160728455,1.809364914894104,0.49855631589889526,0.03055281564593315,0.5469286441802979,1.8931139707565308,0.2839950919151306,0.005231776274740696,0.44960862398147583,1.8863857984542847,0.20051318407058716,0.022036658599972725,0.0,0.0,0.0,0.0,0.0,0.0,0.0,0.0,0.0,0.0,0.0,0.0,0.0,0.0,0.0,0.0,0.0,0.0,0.0,0.0,0.0,0.0,0.0,0.0,0.0,0.0,0.0,0.0,0.0,0.0,0.0,0.0,0.0,0.0,0.0,0.0,0.0,0.0,0.0,0.0,0.0,0.0,0.0,0.0,0.0,0.0,0.0,0.0,0.0,0.0,0.0,0.0,0.0,0.0,0.0,0.0,0.0,0.0,0.0,0.0,0.0,0.0,0.0,0.4639318883419037,0.7950026392936707,-1.9058617795053578e-07,0.4779653251171112,0.7492793202400208,4.8638823500368744e-05,0.49570220708847046,0.719618558883667,-0.0016344034811481833,0.5102199912071228,0.6988085508346558,-0.003961171489208937,0.5169057846069336,0.6782236695289612,-0.005727479234337807,0.5271759033203125,0.7578305602073669,0.0009776910301297903,0.5374615788459778,0.7545849084854126,0.0011116343084722757,0.5296103954315186,0.7545755505561829,0.00027599610621109605,0.5209396481513977,0.7556374669075012,-0.0006172070279717445,0.5292391777038574,0.7857498526573181,-0.0006757533992640674,0.5337674617767334,0.7827979922294617,0.0025774340610951185,0.5252912044525146,0.7807109951972961,0.0029766331426799297,0.5171165466308594,0.7814816832542419,0.0015732462052255869,0.5257391929626465,0.8122448921203613,-0.002160140546038747,0.5291603207588196,0.8060130476951599,0.0008235888089984655,0.5210416316986084,0.8037135004997253,0.002772647887468338,0.5126490592956543,0.8036929965019226,0.002370003145188093,0.5197815895080566,0.8363127708435059,-0.0038521827664226294,0.5238718390464783,0.8298804759979248,-0.0007850081310607493,0.5170299410820007,0.8258265256881714,0.0029629424680024385,0.5100666880607605,0.824758768081665,0.0051643201150000095
0.505507230758667,0.3335385322570801,-0.7736027836799622,0.9998021125793457,0.5193269848823547,0.29356059432029724,-0.750237762928009,0.9996370077133179,0.5264217853546143,0.2935311794281006,-0.750299870967865,0.9996157288551331,0.5324727892875671,0.29379868507385254,-0.750358521938324,0.9995449781417847,0.49326997995376587,0.29473739862442017,-0.7514562606811523,0.9997041821479797,0.4845725893974304,0.2945331633090973,-0.751568078994751,0.9997233748435974,0.4764617681503296,0.2943980097770691,-0.7518834471702576,0.9997283220291138,0.5421916246414185,0.308927446603775,-0.5135746598243713,0.9996078014373779,0.4655209481716156,0.30971112847328186,-0.5066669583320618,0.9997817873954773,0.5211132764816284,0.3707508444786072,-0.6795727610588074,0.9999321699142456,0.48871269822120667,0.3711676001548767,-0.6794973611831665,0.9999571442604065,0.611268937587738,0.5213677287101746,-0.32000547647476196,0.9996557831764221,0.3970555365085602,0.5155657529830933,-0.31558066606521606,0.9998039603233337,0.6671013236045837,0.8084867000579834,-0.24048790335655212,0.9808866381645203,0.33661362528800964,0.7942021489143372,-0.397640198469162,0.9942930936813354,0.6156373620033264,1.0149331092834473,-0.4245818853378296,0.8372161388397217,0.4430231750011444,0.8244836926460266,-0.6901783347129822,0.9254713654518127,0.6167845129966736,1.1139448881149292,-0.48318782448768616,0.6800864934921265,0.4828563630580902,0.8401556611061096,-0.7637621760368347,0.7808255553245544,0.5973964929580688,1.0915166139602661,-0.5247270464897156,0.6981255412101746,0.48907679319381714,0.795103132724762,-0.7652952075004578,0.7898678183555603,0.5901016592979431,1.045135498046875,-0.44361621141433716,0.7025255560874939,0.4782574772834778,0.7871089577674866,-0.6912820339202881,0.7686788439750671,0.5657984018325806,1.0219025611877441,-0.030358370393514633,0.7978280782699585,0.43804681301116943,1.019690752029419,0.031140105798840523,0.8102594017982483,0.5685940384864807,1.4306509494781494,0.09025479108095169,0.06035420671105385,0.4356643259525299,1.422019124031067,0.13984213769435883,0.05682743340730667,0.5661650896072388,1.7641408443450928,0.52521151304245,0.01251385547220707,0.4399609863758087,1.7612340450286865,0.47801193594932556,0.018910983577370644,0.5685532689094543,1.8105788230895996,0.5522071719169617,0.008702609688043594,0.44020166993141174,1.8103026151657104,0.5042826533317566,0.03047969937324524,0.5470319390296936,1.8956928253173828,0.2776145935058594,0.005340547300875187,0.4493389427661896,1.888597011566162,0.20696060359477997,0.02163088694214821,0.0,0.0,0.0,0.0,0.0,0.0,0.0,0.0,0.0,0.0,0.0,0.0,0.0,0.0,0.0,0.0,0.0,0.0,0.0,0.0,0.0,0.0,0.0,0.0,0.0,0.0,0.0,0.0,0.0,0.0,0.0,0.0,0.0,0.0,0.0,0.0,0.0,0.0,0.0,0.0,0.0,0.0,0.0,0.0,0.0,0.0,0.0,0.0,0.0,0.0,0.0,0.0,0.0,0.0,0.0,0.0,0.0,0.0,0.0,0.0,0.0,0.0,0.0,0.4642963409423828,0.7953047156333923,-1.8626364806095808e-07,0.47826945781707764,0.7487537860870361,-5.704721115762368e-05,0.4957455098628998,0.7190455198287964,-0.0017920620739459991,0.5100293159484863,0.6984786987304688,-0.004191119223833084,0.5169878005981445,0.6782993674278259,-0.006045652087777853,0.527701199054718,0.7583704590797424,0.0013888615649193525,0.5374796986579895,0.7538536190986633,0.0015872687799856067,0.5296563506126404,0.7541719079017639,0.0005011065513826907,0.5210965871810913,0.7558358907699585,-0.0005822950042784214,0.5299345254898071,0.7864479422569275,-0.00022769249335397035,0.5332592725753784,0.7821316123008728,0.003144587855786085,0.5248497128486633,0.7802550792694092,0.0032457192428410053,0.5168688893318176,0.7815055251121521,0.0016218975652009249,0.526374876499176,0.812701404094696,-0.0017111166380345821,0.5287014245986938,0.805270254611969,0.0013651311164721847,0.5207030177116394,0.8028696775436401,0.0030389924068003893,0.5124180912971497,0.8030237555503845,0.0024598794989287853,0.5204366445541382,0.8366139531135559,-0.0034495103172957897,0.523592472076416,0.8293218612670898,-0.0004218117974232882,0.5168878436088562,0.8253689408302307,0.003160235472023487,0.5100439190864563,0.8244501948356628,0.005293688271194696
0.5051707029342651,0.3331431448459625,-0.7784104943275452,0.9998009204864502,0.519159734249115,0.2935362160205841,-0.7530902028083801,0.9996362924575806,0.5262838006019592,0.293515145778656,-0.7531833052635193,0.9996178150177002,0.5324357151985168,0.29372888803482056,-0.753265380859375,0.9995457530021667,0.49317094683647156,0.2940145432949066,-0.7539142370223999,0.9997022151947021,0.48452696204185486,0.29345569014549255,-0.7540625333786011,0.9997222423553467,0.4764235317707062,0.29294776916503906,-0.7544007897377014,0.9997251033782959,0.542216420173645,0.30872613191604614,-0.5150049328804016,0.9996106624603271,0.46542802453041077,0.3080361783504486,-0.5125613808631897,0.9997815489768982,0.520679235458374,0.37052658200263977,-0.6822158694267273,0.999932050704956,0.4882345497608185,0.37054136395454407,-0.6822906732559204,0.9999573230743408,0.611188530921936,0.5213746428489685,-0.32466697692871094,0.9996547698974609,0.39680910110473633,0.515781581401825,-0.32646051049232483,0.9998092651367188,0.6667124629020691,0.8086548447608948,-0.23787635564804077,0.9813609719276428,0.3360646963119507,0.7936848998069763,-0.40501609444618225,0.9940698146820068,0.6172057390213013,1.0093647241592407,-0.4200016260147095,0.8412052989006042,0.44449207186698914,0.8230880498886108,-0.6957262754440308,0.925010621547699,0.6184620261192322,1.1077262163162231,-0.4766087532043457,0.691027820110321,0.48444634675979614,0.8377568125724792,-0.769507110118866,0.7820081114768982,0.597616970539093,1.0858726501464844,-0.5180689096450806,0.7080367207527161,0.49018850922584534,0.7922629714012146,-0.7690722942352295,0.7919663190841675,0.5920445322990417,1.0384024381637573,-0.43856239318847656,0.711249053478241,0.47919562458992004,0.7845802307128906,-0.6957539916038513,0.7714296579360962,0.5658175349235535,1.0217669010162354,-0.027970340102910995,0.8107671141624451,0.4381103515625,1.0200772285461426,0.028653079643845558,0.821761965751648,0.5700022578239441,1.4313610792160034,0.09703080356121063,0.06667410582304001,0.43558481335639954,1.4231348037719727,0.14421799778938293,0.06066509336233139,0.5680162906646729,1.764593243598938,0.561205267906189,0.01428372971713543,0.43998637795448303,1.7624175548553467,0.4966145157814026,0.021162059158086777,0.5701283812522888,1.8105438947677612,0.5909145474433899,0.009838822297751904,0.4402194023132324,1.811288833618164,0.5243961811065674,0.033358488231897354,0.5498283505439758,1.894773244857788,0.3211970031261444,0.005951461382210255,0.45141032338142395,1.8872380256652832,0.22995726764202118,0.02300087921321392,0.0,0.0,0.0,0.0,0.0,0.0,0.0,0.0,0.0,0.0,0.0,0.0,0.0,0.0,0.0,0.0,0.0,0.0,0.0,0.0,0.0,0.0,0.0,0.0,0.0,0.0,0.0,0.0,0.0,0.0,0.0,0.0,0.0,0.0,0.0,0.0,0.0,0.0,0.0,0.0,0.0,0.0,0.0,0.0,0.0,0.0,0.0,0.0,0.0,0.0,0.0,0.0,0.0,0.0,0.0,0.0,0.0,0.0,0.0,0.0,0.0,0.0,0.0,0.4639550447463989,0.796136736869812,-1.9159153907821747e-07,0.4790777564048767,0.7489436268806458,0.0002433534973533824,0.496895968914032,0.7188291549682617,-0.0015340250683948398,0.5108646154403687,0.6969252824783325,-0.003981740679591894,0.5171414613723755,0.675393283367157,-0.0059895203448832035,0.5275886058807373,0.7595744132995605,0.000791192811448127,0.5368863344192505,0.753892183303833,0.0013823827030137181,0.5285245776176453,0.7536908984184265,0.0005842186510562897,0.5197914242744446,0.7552855610847473,-0.00043585413368418813,0.5299416780471802,0.7876660227775574,-0.0008532835636287928,0.5331628918647766,0.781545102596283,0.00268507469445467,0.5246756076812744,0.7792230844497681,0.0026382289361208677,0.5166990756988525,0.7810121774673462,0.0008272423874586821,0.5262296795845032,0.8136047124862671,-0.0021430165506899357,0.5286405086517334,0.8045491576194763,0.001199106452986598,0.520641028881073,0.8015430569648743,0.002767877886071801,0.5123977661132812,0.8018661737442017,0.002014216734096408,0.5202699899673462,0.8369811773300171,-0.003608768107369542,0.523634135723114,0.8289125561714172,-0.00041988419252447784,0.5168514847755432,0.8246493339538574,0.0032337673474103212,0.5098136067390442,0.8237742781639099,0.005363862030208111
0.504910409450531,0.3336397111415863,-0.7788292765617371,0.999798595905304,0.5188491344451904,0.2936421036720276,-0.7546418309211731,0.9996336102485657,0.5260264873504639,0.29365983605384827,-0.7547158002853394,0.9996174573898315,0.5323078036308289,0.29397380352020264,-0.7548077702522278,0.9995447993278503,0.49292686581611633,0.2942134737968445,-0.7551234364509583,0.9996976256370544,0.48440858721733093,0.2934904098510742,-0.7552658915519714,0.999718427658081,0.47638508677482605,0.2926969528198242,-0.7555935382843018,0.9997199773788452,0.5421857833862305,0.30880799889564514,-0.521047055721283,0.9996114373207092,0.46538934111595154,0.3072495460510254,-0.5161149501800537,0.9997789859771729,0.5202940702438354,0.3707844913005829,-0.6835327744483948,0.9999319314956665,0.487978994846344,0.3708741068840027,-0.68280029296875,0.9999573230743408,0.6112929582595825,0.5218176245689392,-0.3268127143383026,0.9996543526649475,0.39775827527046204,0.5157536864280701,-0.3263559639453888,0.9998145699501038,0.6661099195480347,0.8086867332458496,-0.2457304745912552,0.9817723035812378,0.33584704995155334,0.7930039167404175,-0.39970770478248596,0.993955135345459,0.6177150011062622,1.0062224864959717,-0.4242311418056488,0.8428970575332642,0.44393953680992126,0.821480929851532,-0.6894602179527283,0.9251301884651184,0.6197671294212341,1.102594017982483,-0.48078566789627075,0.6975880265235901,0.4835149943828583,0.8373441100120544,-0.7625020742416382,0.7837516069412231,0.5983095169067383,1.0810331106185913,-0.5201911330223083,0.7136121392250061,0.4898219704627991,0.7912690043449402,-0.7622702121734619,0.7943542003631592,0.5930430293083191,1.0340367555618286,-0.4419111907482147,0.7157370448112488,0.4788213074207306,0.7832133173942566,-0.6894808411598206,0.7740288376808167,0.565363347530365,1.0221487283706665,-0.02919902093708515,0.8225340843200684,0.43814703822135925,1.0201611518859863,0.029927270486950874,0.8321406245231628,0.5686261653900146,1.432003140449524,0.10047463327646255,0.0740019679069519,0.43520593643188477,1.4239203929901123,0.15481795370578766,0.06590060889720917,0.5677231550216675,1.7648295164108276,0.568648636341095,0.016381071880459785,0.439839243888855,1.7625534534454346,0.5177660584449768,0.023745497688651085,0.5701181888580322,1.810633659362793,0.5980237126350403,0.011020570062100887,0.4401637017726898,1.811146855354309,0.5462706089019775,0.03701699525117874,0.549168050289154,1.8935612440109253,0.32760077714920044,0.0065795863047242165,0.4513245224952698,1.8859840631484985,0.2531029284000397,0.02464338205754757,0.0,0.0,0.0,0.0,0.0,0.0,0.0,0.0,0.0,0.0,0.0,0.0,0.0,0.0,0.0,0.0,0.0,0.0,0.0,0.0,0.0,0.0,0.0,0.0,0.0,0.0,0.0,0.0,0.0,0.0,0.0,0.0,0.0,0.0,0.0,0.0,0.0,0.0,0.0,0.0,0.0,0.0,0.0,0.0,0.0,0.0,0.0,0.0,0.0,0.0,0.0,0.0,0.0,0.0,0.0,0.0,0.0,0.0,0.0,0.0,0.0,0.0,0.0,0.46454355120658875,0.7958811521530151,-1.8610626284498721e-07,0.47875523567199707,0.7489591240882874,-0.00013185323041398078,0.4960171580314636,0.7193330526351929,-0.0019529929850250483,0.5102525949478149,0.6983400583267212,-0.00434647174552083,0.5168929696083069,0.6772341728210449,-0.006251759827136993,0.5275815725326538,0.7584815621376038,0.0007280210265889764,0.5369550585746765,0.7544172406196594,0.0011456063948571682,0.5291904211044312,0.7545249462127686,0.0003737046499736607,0.5206958055496216,0.7556453347206116,-0.0005430420860648155,0.5301844477653503,0.7870364785194397,-0.0006881318986415863,0.5331054925918579,0.7820835113525391,0.0027490174397826195,0.5246801972389221,0.7800029516220093,0.0027828526217490435,0.5167439579963684,0.7813235521316528,0.0010868147946894169,0.5266801714897156,0.8132515549659729,-0.0018506527412682772,0.5285648107528687,0.8050792813301086,0.0012639738852158189,0.5206238627433777,0.802368700504303,0.0027496926486492157,0.5123929381370544,0.8022948503494263,0.0020185732282698154,0.5208879709243774,0.8368890881538391,-0.003231164300814271,0.5233632326126099,0.8291159272193909,-0.00021459678828250617,0.5165716409683228,0.8250104784965515,0.0032084090635180473,0.5097265839576721,0.8239091038703918,0.005209386348724365
0.5047231316566467,0.33373796939849854,-0.7837059497833252,0.9998000860214233,0.5185728073120117,0.2936752438545227,-0.7619456648826599,0.9996379613876343,0.5257620811462402,0.29364216327667236,-0.7619873881340027,0.9996241927146912,0.5321045517921448,0.2939194440841675,-0.762070894241333,0.999552309513092,0.49267441034317017,0.2943175435066223,-0.76161789894104,0.9996992349624634,0.48429378867149353,0.293567419052124,-0.7617982625961304,0.9997200965881348,0.476357102394104,0.29265090823173523,-0.7621462345123291,0.9997203350067139,0.5421764850616455,0.3084225654602051,-0.5308732986450195,0.9996196627616882,0.46541455388069153,0.3070671856403351,-0.5239346027374268,0.9997811317443848,0.5203030705451965,0.37079671025276184,-0.6907470226287842,0.9999330043792725,0.4880540668964386,0.3712148368358612,-0.6889898180961609,0.9999579787254333,0.6119229793548584,0.5220625996589661,-0.33393409848213196,0.999656081199646,0.39874905347824097,0.5155001282691956,-0.3321264088153839,0.9998212456703186,0.6658591032028198,0.8105019330978394,-0.249358132481575,0.9820431470870972,0.3356073498725891,0.792926013469696,-0.4054476022720337,0.9939138293266296,0.6173542141914368,1.0071319341659546,-0.4288637936115265,0.8449032306671143,0.44514498114585876,0.8207411766052246,-0.698071300983429,0.925171434879303,0.6191980838775635,1.103940725326538,-0.48548129200935364,0.7038898468017578,0.4848870635032654,0.8361970782279968,-0.7717223763465881,0.7854241132736206,0.5979119539260864,1.0667226314544678,-0.5253500938415527,0.7192550897598267,0.4911741316318512,0.7896270155906677,-0.7707850933074951,0.796686053276062,0.5926263332366943,1.036483645439148,-0.4467059373855591,0.7203670144081116,0.48017483949661255,0.781913697719574,-0.6978438496589661,0.7765664458274841,0.5650667548179626,1.0216619968414307,-0.029245756566524506,0.8305665254592896,0.43812593817710876,1.0198460817337036,0.029967455193400383,0.8391778469085693,0.5673900842666626,1.4319021701812744,0.11126229912042618,0.07890433818101883,0.43426641821861267,1.4235018491744995,0.15929661691188812,0.06925283372402191,0.5667040944099426,1.7639702558517456,0.5670052170753479,0.017840679734945297,0.4390500485897064,1.7613911628723145,0.5153906941413879,0.025481078773736954,0.5691677927970886,1.8095777034759521,0.5961304903030396,0.01187987718731165,0.4394412338733673,1.8099600076675415,0.5435389876365662,0.03924914076924324,0.5478571653366089,1.89089035987854,0.32448241114616394,0.007039268035441637,0.450099915266037,1.882796049118042,0.249726802110672,0.025686297565698624,0.0,0.0,0.0,0.0,0.0,0.0,0.0,0.0,0.0,0.0,0.0,0.0,0.0,0.0,0.0,0.0,0.0,0.0,0.0,0.0,0.0,0.0,0.0,0.0,0.0,0.0,0.0,0.0,0.0,0.0,0.0,0.0,0.0,0.0,0.0,0.0,0.0,0.0,0.0,0.0,0.0,0.0,0.0,0.0,0.0,0.0,0.0,0.0,0.0,0.0,0.0,0.0,0.0,0.0,0.0,0.0,0.0,0.0,0.0,0.0,0.0,0.0,0.0,0.4649036228656769,0.7955408692359924,-1.8773783949654899e-07,0.4788152277469635,0.7486146688461304,-1.946738666447345e-05,0.4961618185043335,0.7189159393310547,-0.001733320183120668,0.510299026966095,0.6977887153625488,-0.0040667252615094185,0.5167742371559143,0.6769788265228271,-0.005915176123380661,0.5275653004646301,0.7589216232299805,0.0010549096623435616,0.5370046496391296,0.7541690468788147,0.0013644173741340637,0.5288446545600891,0.7539585828781128,0.00032055319752544165,0.5201275944709778,0.7554601430892944,-0.00079235719749704,0.5299331545829773,0.7868137955665588,-0.0004299486754462123,0.5334096550941467,0.7820037603378296,0.002965581137686968,0.5249876379966736,0.7798773646354675,0.0029868639539927244,0.517062783241272,0.7814263701438904,0.001271541346795857,0.526377260684967,0.8128147125244141,-0.0016864131903275847,0.5288823246955872,0.805037796497345,0.0014922841219231486,0.5209195017814636,0.8023301362991333,0.0031487452797591686,0.5127816796302795,0.802467942237854,0.0025085965171456337,0.5204678177833557,0.8363803625106812,-0.0031569183338433504,0.5238234996795654,0.8290565609931946,-6.176095484988764e-05,0.5171427726745605,0.824908971786499,0.0035337007138878107,0.510340690612793,0.823900043964386,0.005625193938612938
0.5046640038490295,0.3336334526538849,-0.7974733710289001,0.9997994899749756,0.518400251865387,0.2935931384563446,-0.7715331315994263,0.9996374845504761,0.525562584400177,0.2935818135738373,-0.7716427445411682,0.9996256232261658,0.5319297909736633,0.2938021123409271,-0.771735429763794,0.9995527863502502,0.4926069676876068,0.29433903098106384,-0.7729904055595398,0.9996975660324097,0.48428875207901,0.2936651110649109,-0.7730178236961365,0.9997190833091736,0.4763943552970886,0.2927805483341217,-0.7732672095298767,0.9997181296348572,0.5421735048294067,0.3081120550632477,-0.5354433655738831,0.999621570110321,0.4654671251773834,0.3073507845401764,-0.5251783132553101,0.9997800588607788,0.5203496813774109,0.37079769372940063,-0.6981171369552612,0.9999329447746277,0.488124281167984,0.3715876638889313,-0.6977318525314331,0.9999579191207886,0.6123817563056946,0.5220515131950378,-0.3434246778488159,0.9996547102928162,0.3989126980304718,0.5153775215148926,-0.32877835631370544,0.9998255968093872,0.6658345460891724,0.8112598657608032,-0.25466638803482056,0.9823471307754517,0.33599159121513367,0.7935237288475037,-0.40271565318107605,0.9937670230865479,0.6186259388923645,1.00649094581604,-0.43297937512397766,0.8457456231117249,0.44709259271621704,0.8216640949249268,-0.6990509629249573,0.9240160584449768,0.6204808354377747,1.1034103631973267,-0.4898619055747986,0.7073949575424194,0.4862651228904724,0.8362080454826355,-0.7734034061431885,0.7841132879257202,0.599266767501831,1.080207109451294,-0.5295667052268982,0.7222059965133667,0.4920331835746765,0.7898370027542114,-0.7723843455314636,0.7960235476493835,0.5947358012199402,1.036239743232727,-0.4508286118507385,0.7227055430412292,0.4812192916870117,0.7826542854309082,-0.6989737749099731,0.7760054469108582,0.5649222135543823,1.0214436054229736,-0.030806278809905052,0.8370057344436646,0.43810275197029114,1.0196424722671509,0.03158722445368767,0.8445644974708557,0.5664891600608826,1.4320310354232788,0.11298239976167679,0.08280088007450104,0.4336544871330261,1.4235150814056396,0.16718769073486328,0.07221734523773193,0.565577507019043,1.7640982866287231,0.5645976662635803,0.01887659728527069,0.4385938048362732,1.7614600658416748,0.5213162302970886,0.02678924798965454,0.5682346820831299,1.8098015785217285,0.5935658812522888,0.012565363198518753,0.4390549957752228,1.8100922107696533,0.5494123101234436,0.0412212498486042,0.5461170673370361,1.8908153772354126,0.32035380601882935,0.00733104208484292,0.44828733801841736,1.8828072547912598,0.2553187608718872,0.02650340087711811,0.0,0.0,0.0,0.0,0.0,0.0,0.0,0.0,0.0,0.0,0.0,0.0,0.0,0.0,0.0,0.0,0.0,0.0,0.0,0.0,0.0,0.0,0.0,0.0,0.0,0.0,0.0,0.0,0.0,0.0,0.0,0.0,0.0,0.0,0.0,0.0,0.0,0.0,0.0,0.0,0.0,0.0,0.0,0.0,0.0,0.0,0.0,0.0,0.0,0.0,0.0,0.0,0.0,0.0,0.0,0.0,0.0,0.0,0.0,0.0,0.0,0.0,0.0,0.4643860161304474,0.7964727282524109,-1.914006872993923e-07,0.47863054275512695,0.7493792176246643,0.00015167152741923928,0.4962945580482483,0.7192963361740112,-0.0015957570867612958,0.5105746984481812,0.697371780872345,-0.004019296728074551,0.5169505476951599,0.6753854155540466,-0.005991024896502495,0.527491569519043,0.75944584608078,0.0012050167424604297,0.536830723285675,0.7538749575614929,0.001476616715081036,0.5282385349273682,0.7532671689987183,0.0001424621877958998,0.5193949341773987,0.7554070949554443,-0.0012508771615102887,0.5299294590950012,0.7870957851409912,-0.0002792312589008361,0.5333455204963684,0.7815002202987671,0.0032332127448171377,0.5248434543609619,0.7791427969932556,0.0031897847075015306,0.5170096755027771,0.7812467217445374,0.001286324579268694,0.5262901782989502,0.8130799531936646,-0.00149194011464715,0.5287275910377502,0.8043144345283508,0.0020436912309378386,0.5207462906837463,0.8014625906944275,0.00396693916991353,0.5127063393592834,0.8019688129425049,0.003318769158795476,0.5203413963317871,0.836591899394989,-0.0029158068355172873,0.5237939953804016,0.8278878331184387,0.0005636507412418723,0.5171149969100952,0.8234725594520569,0.004474943038076162,0.5103424191474915,0.8227728605270386,0.006660249549895525
0.5049578547477722,0.3342460095882416,-0.7964678406715393,0.9998013377189636,0.518567681312561,0.2938002943992615,-0.7725797891616821,0.9996417760848999,0.5256198644638062,0.29363539814949036,-0.7726650238037109,0.9996315240859985,0.5319370031356812,0.2938888967037201,-0.7727512717247009,0.9995600581169128,0.4928279519081116,0.2949640154838562,-0.7731503248214722,0.999699592590332,0.4844813048839569,0.29438602924346924,-0.7732361555099487,0.9997201561927795,0.47656023502349854,0.29371535778045654,-0.7735211253166199,0.999717652797699,0.5421237349510193,0.3081111013889313,-0.5339810252189636,0.9996281862258911,0.46553316712379456,0.3084508180618286,-0.5250225067138672,0.9997807145118713,0.5203975439071655,0.37105119228363037,-0.6988773941993713,0.9999338388442993,0.48823821544647217,0.37254735827445984,-0.6979445219039917,0.9999583959579468,0.6126186847686768,0.5217741131782532,-0.3370583653450012,0.9996581673622131,0.39871951937675476,0.5153806805610657,-0.3278922438621521,0.9998310208320618,0.6661689281463623,0.8092877268791199,-0.24027232825756073,0.9825399518013,0.33562377095222473,0.7936404943466187,-0.4039720892906189,0.9936439990997314,0.6194878816604614,1.001801609992981,-0.4187336564064026,0.8481463193893433,0.4479762315750122,0.820929229259491,-0.6994902491569519,0.9232482314109802,0.6227654814720154,1.0967283248901367,-0.47506144642829895,0.7132063508033752,0.487058162689209,0.8348862528800964,-0.7745732665061951,0.7839948534965515,0.6011648178100586,1.074013113975525,-0.5172109007835388,0.7276438474655151,0.4924484193325043,0.7879316806793213,-0.7731745839118958,0.7964867949485779,0.5961796641349792,1.0321695804595947,-0.4375118017196655,0.7273570895195007,0.48185381293296814,0.7808398008346558,-0.6992158889770508,0.7767437100410461,0.5652076601982117,1.0212812423706055,-0.030683128163218498,0.8428341150283813,0.4381360709667206,1.0198290348052979,0.03143402189016342,0.8496376872062683,0.567633330821991,1.4319313764572144,0.11641370505094528,0.08626726269721985,0.4336438477039337,1.423714518547058,0.17123226821422577,0.07427269965410233,0.5665233731269836,1.76402747631073,0.5595305562019348,0.019769864156842232,0.4385954737663269,1.7619078159332275,0.5250389575958252,0.02764732576906681,0.569064199924469,1.8099288940429688,0.5877682566642761,0.013196083717048168,0.43910467624664307,1.8106944561004639,0.5531185269355774,0.04252331331372261,0.5472001433372498,1.890068531036377,0.31428536772727966,0.007623876444995403,0.4490507245063782,1.882915735244751,0.25924742221832275,0.027030538767576218,0.0,0.0,0.0,0.0,0.0,0.0,0.0,0.0,0.0,0.0,0.0,0.0,0.0,0.0,0.0,0.0,0.0,0.0,0.0,0.0,0.0,0.0,0.0,0.0,0.0,0.0,0.0,0.0,0.0,0.0,0.0,0.0,0.0,0.0,0.0,0.0,0.0,0.0,0.0,0.0,0.0,0.0,0.0,0.0,0.0,0.0,0.0,0.0,0.0,0.0,0.0,0.0,0.0,0.0,0.0,0.0,0.0,0.0,0.0,0.0,0.0,0.0,0.0,0.4641420245170593,0.7953943014144897,-1.9262702721789537e-07,0.4787035882472992,0.7488886713981628,0.0006812741048634052,0.4964866638183594,0.7189984917640686,-0.0007294803508557379,0.510692298412323,0.6973092555999756,-0.0029279051814228296,0.5167446136474609,0.6752148270606995,-0.0046637458726763725,0.5278693437576294,0.7579061388969421,0.0018955226987600327,0.5372725129127502,0.754498302936554,0.002634357661008835,0.5292451977729797,0.7550513744354248,0.0020168733317404985,0.5205309391021729,0.7562366724014282,0.001161572989076376,0.5302883982658386,0.7855424284934998,0.00016593759937677532,0.5334323048591614,0.7826914191246033,0.00409654388204217,0.5248722434043884,0.7806043028831482,0.004452271852642298,0.5168754458427429,0.7811426520347595,0.0028060288168489933,0.5267001986503601,0.8121682405471802,-0.0012691121082752943,0.529106616973877,0.8052412271499634,0.0025058998726308346,0.5208724737167358,0.8028600215911865,0.004547637887299061,0.5125798583030701,0.8025562167167664,0.003942172974348068,0.520598292350769,0.8363196849822998,-0.0028662499971687794,0.5239656567573547,0.8287521600723267,0.0008363627712242305,0.5170720219612122,0.8242356777191162,0.004870892968028784,0.5101785063743591,0.8229084014892578,0.007113647181540728
0.5053393244743347,0.33473291993141174,-0.7892223596572876,0.9997995495796204,0.5189636945724487,0.2939279079437256,-0.7657098770141602,0.9996398687362671,0.5258640646934509,0.29365989565849304,-0.7657814025878906,0.9996310472488403,0.532113254070282,0.29387110471725464,-0.7658560872077942,0.9995598793029785,0.49322986602783203,0.29540589451789856,-0.7663629055023193,0.9996958374977112,0.484748899936676,0.29500812292099,-0.7664706707000732,0.9997158050537109,0.47673308849334717,0.29475462436676025,-0.7667831182479858,0.9997113943099976,0.5422030687332153,0.3080962300300598,-0.5303155779838562,0.9996296763420105,0.4656050503253937,0.310478150844574,-0.5229278802871704,0.9997772574424744,0.5206727385520935,0.371429979801178,-0.6926425695419312,0.9999339580535889,0.488779217004776,0.373558908700943,-0.6919160485267639,0.9999579191207886,0.6129642724990845,0.521419882774353,-0.3226684331893921,0.999660849571228,0.39875081181526184,0.5154081583023071,-0.3202416002750397,0.9998310208320618,0.6662294268608093,0.8088682889938354,-0.22746656835079193,0.9827637076377869,0.33469894528388977,0.7939258217811584,-0.4002877175807953,0.9934431314468384,0.6192632913589478,1.0013495683670044,-0.4082523584365845,0.8524273037910461,0.44821348786354065,0.820421576499939,-0.6988430023193359,0.9221218824386597,0.6216877102851868,1.0962244272232056,-0.4646655321121216,0.720907986164093,0.4878736436367035,0.8336532115936279,-0.7741772532463074,0.7835201621055603,0.6000674962997437,1.073485016822815,-0.5054108500480652,0.7349929213523865,0.49298980832099915,0.7854892015457153,-0.773140549659729,0.7965725064277649,0.5966375470161438,1.030362844467163,-0.42660191655158997,0.7338578701019287,0.482431024312973,0.7780821919441223,-0.6988636255264282,0.7772195339202881,0.5654159188270569,1.0215336084365845,-0.030746039003133774,0.8426685929298401,0.4381612539291382,1.02031409740448,0.03152274712920189,0.8485129475593567,0.5667473673820496,1.4323917627334595,0.10602059960365295,0.0877935066819191,0.43284136056900024,1.425093173980713,0.1520434319972992,0.0749405100941658,0.565148651599884,1.7656842470169067,0.5449621677398682,0.020101668313145638,0.43811798095703125,1.7643285989761353,0.4926190674304962,0.027843866497278214,0.5676310062408447,1.8119075298309326,0.5726119875907898,0.013378418982028961,0.43879950046539307,1.813348650932312,0.5194645524024963,0.042854998260736465,0.5460013747215271,1.8935104608535767,0.29707252979278564,0.007732539437711239,0.44863641262054443,1.8867952823638916,0.22190354764461517,0.027297871187329292,0.0,0.0,0.0,0.0,0.0,0.0,0.0,0.0,0.0,0.0,0.0,0.0,0.0,0.0,0.0,0.0,0.0,0.0,0.0,0.0,0.0,0.0,0.0,0.0,0.0,0.0,0.0,0.0,0.0,0.0,0.0,0.0,0.0,0.0,0.0,0.0,0.0,0.0,0.0,0.0,0.0,0.0,0.0,0.0,0.0,0.0,0.0,0.0,0.0,0.0,0.0,0.0,0.0,0.0,0.0,0.0,0.0,0.0,0.0,0.0,0.0,0.0,0.0,0.4631879925727844,0.7943890690803528,-1.9008173524071026e-07,0.4776553213596344,0.7483080625534058,0.000598939077463001,0.49625712633132935,0.718678891658783,-0.00036598992301151156,0.5110467076301575,0.698101282119751,-0.0020932478364557028,0.5174328684806824,0.6770755648612976,-0.003264602040871978,0.5264263153076172,0.7587931156158447,0.0023973670322448015,0.537850558757782,0.7537686824798584,0.0027437922544777393,0.529601514339447,0.7529369592666626,0.0018701899098232388,0.5204989314079285,0.7544591426849365,0.0009800606640055776,0.5284525752067566,0.7861828207969666,0.0007620566175319254,0.5348222255706787,0.781017005443573,0.0043336497619748116,0.5264487862586975,0.7783093452453613,0.004806723911315203,0.5183476209640503,0.7798488736152649,0.0033988559152930975,0.5252637267112732,0.812424898147583,-0.0007398701854981482,0.5305660963058472,0.8037801384925842,0.00258644693531096,0.522719144821167,0.8007941842079163,0.004634217359125614,0.514251172542572,0.8013013601303101,0.004223317373543978,0.5196892023086548,0.8365375399589539,-0.0023858428467065096,0.5253514051437378,0.8274812698364258,0.0009381896816194057,0.5187544822692871,0.8224598169326782,0.004832747392356396,0.5116187930107117,0.8216915130615234,0.00707302475348115
0.5055628418922424,0.3349975347518921,-0.7760170698165894,0.9997963905334473,0.5190312266349792,0.29395532608032227,-0.7521248459815979,0.9996333122253418,0.5259135365486145,0.29367661476135254,-0.7522020936012268,0.999625563621521,0.532120406627655,0.29382196068763733,-0.752278745174408,0.9995527267456055,0.4932454228401184,0.29543325304985046,-0.7535027861595154,0.9996897578239441,0.48480749130249023,0.2950928211212158,-0.753619909286499,0.9997107982635498,0.47688183188438416,0.29507049918174744,-0.7539473176002502,0.9997054934501648,0.5421874523162842,0.3081568777561188,-0.517952561378479,0.999625027179718,0.465595543384552,0.3115300238132477,-0.5158506035804749,0.9997739195823669,0.5210461020469666,0.37169915437698364,-0.6802781224250793,0.9999328851699829,0.48935285210609436,0.3741074800491333,-0.6805181503295898,0.9999572038650513,0.6129293441772461,0.5212632417678833,-0.31122276186943054,0.9996579885482788,0.3988933265209198,0.515414834022522,-0.31582754850387573,0.999826967716217,0.6656748652458191,0.8079949021339417,-0.2210395336151123,0.9825015068054199,0.33450207114219666,0.7931457161903381,-0.398735374212265,0.9933041334152222,0.6206958293914795,1.0036038160324097,-0.4065503478050232,0.8550050258636475,0.4480300545692444,0.8209776878356934,-0.6933907270431519,0.9209268093109131,0.6227930188179016,1.0972291231155396,-0.4633733034133911,0.7264464497566223,0.48754608631134033,0.8342097401618958,-0.7689803242683411,0.7819113731384277,0.6005420088768005,1.0760434865951538,-0.505078911781311,0.7403696179389954,0.492867112159729,0.7859873175621033,-0.7669287323951721,0.7954361438751221,0.5972428917884827,1.027834177017212,-0.4254686236381531,0.7386084198951721,0.48233234882354736,0.7785356640815735,-0.6930983066558838,0.7762848138809204,0.5658376812934875,1.0218522548675537,-0.027587519958615303,0.8410117030143738,0.4381829798221588,1.0208882093429565,0.02835659869015217,0.8456196188926697,0.5685926079750061,1.4333330392837524,0.10132723301649094,0.08823156356811523,0.4327075779438019,1.4267473220825195,0.13842357695102692,0.07470527291297913,0.5666066408157349,1.7678033113479614,0.5451164245605469,0.019907621666789055,0.43806082010269165,1.767117977142334,0.48062649369239807,0.027562826871871948,0.5688244104385376,1.8140853643417358,0.5735326409339905,0.01325451210141182,0.4387565851211548,1.816149353981018,0.5076436996459961,0.042171359062194824,0.5478803515434265,1.8976058959960938,0.2994427978992462,0.007667473517358303,0.4503401815891266,1.8910545110702515,0.2105175107717514,0.02708405815064907,0.0,0.0,0.0,0.0,0.0,0.0,0.0,0.0,0.0,0.0,0.0,0.0,0.0,0.0,0.0,0.0,0.0,0.0,0.0,0.0,0.0,0.0,0.0,0.0,0.0,0.0,0.0,0.0,0.0,0.0,0.0,0.0,0.0,0.0,0.0,0.0,0.0,0.0,0.0,0.0,0.0,0.0,0.0,0.0,0.0,0.0,0.0,0.0,0.0,0.0,0.0,0.0,0.0,0.0,0.0,0.0,0.0,0.0,0.0,0.0,0.0,0.0,0.0,0.4643472731113434,0.7943912148475647,-1.9551011121166084e-07,0.47844064235687256,0.7480586767196655,0.00023955974029377103,0.4964970648288727,0.7185654044151306,-0.0010867533273994923,0.510943591594696,0.6977860927581787,-0.0030435905791819096,0.5173229575157166,0.6767860651016235,-0.004514892585575581,0.5277531147003174,0.7585687637329102,0.0012998284073546529,0.5374166965484619,0.7539980411529541,0.0016754321986809373,0.5290071368217468,0.7533351182937622,0.0007165728020481765,0.5201197862625122,0.7548826932907104,-0.00033022172283381224,0.5299295783042908,0.7864696383476257,-0.0001649618352530524,0.5336774587631226,0.7822965383529663,0.003436729311943054,0.5250133275985718,0.7796632647514343,0.003754686564207077,0.5171191692352295,0.7811613082885742,0.002167214872315526,0.526286244392395,0.8128929138183594,-0.0013884311774745584,0.5292114615440369,0.8052287697792053,0.001858757110312581,0.5210998058319092,0.8022721409797668,0.0038073023315519094,0.5128235816955566,0.8025776147842407,0.0033234322909265757,0.5203069448471069,0.8367209434509277,-0.0027769883163273335,0.5242360830307007,0.8287706971168518,0.0004037433536723256,0.5173824429512024,0.8241124749183655,0.004238700959831476,0.5104021430015564,0.823178768157959,0.006466802675276995
0.5059012174606323,0.3349210321903229,-0.7843541502952576,0.9997950792312622,0.5190519094467163,0.2939434349536896,-0.7581242322921753,0.9996289014816284,0.5259326696395874,0.29363662004470825,-0.7582176327705383,0.9996216893196106,0.5321425795555115,0.293617844581604,-0.7582955956459045,0.9995458722114563,0.49326711893081665,0.2950727343559265,-0.7595444321632385,0.9996871948242188,0.48486316204071045,0.2946488857269287,-0.7596312165260315,0.999709963798523,0.47699955105781555,0.2946009635925293,-0.759941816329956,0.9997047185897827,0.5422670841217041,0.3079484701156616,-0.5234883427619934,0.9996193051338196,0.4656105637550354,0.3112308382987976,-0.5232073068618774,0.9997738599777222,0.5214175581932068,0.3718283772468567,-0.6848100423812866,0.9999316334724426,0.4897915720939636,0.37419024109840393,-0.6852256655693054,0.9999568462371826,0.6131315231323242,0.5213859677314758,-0.3234558403491974,0.9996450543403625,0.399213969707489,0.5152201652526855,-0.3355140686035156,0.9998251795768738,0.6654645800590515,0.8107511401176453,-0.236667200922966,0.9821475148200989,0.3345694839954376,0.7927536964416504,-0.41361168026924133,0.9932585954666138,0.6196488738059998,1.0069345235824585,-0.42304277420043945,0.854183554649353,0.44771116971969604,0.8202826976776123,-0.702626645565033,0.9209623336791992,0.6212872266769409,1.104239583015442,-0.47930029034614563,0.7275025248527527,0.48723480105400085,0.8347106575965881,-0.7775043845176697,0.7823630571365356,0.599554181098938,1.081390142440796,-0.520785391330719,0.7412604689598083,0.4929650127887726,0.7863284349441528,-0.7753751277923584,0.7961477041244507,0.5953013300895691,1.0349524021148682,-0.4418621063232422,0.7389201521873474,0.48234373331069946,0.7785707712173462,-0.7020264863967896,0.7766585350036621,0.5658184289932251,1.0215413570404053,-0.025507966056466103,0.8400676846504211,0.4382126033306122,1.0209225416183472,0.026231208816170692,0.8448516130447388,0.5675941705703735,1.4334018230438232,0.10419028252363205,0.09053292870521545,0.43233293294906616,1.4251405000686646,0.138969287276268,0.07665083557367325,0.5663877725601196,1.7675188779830933,0.5521266460418701,0.020513296127319336,0.43777868151664734,1.7662595510482788,0.48484620451927185,0.028557797893881798,0.5683932900428772,1.8134057521820068,0.5808922648429871,0.013548488728702068,0.43833622336387634,1.815303087234497,0.5118961930274963,0.04297464340925217,0.548069953918457,1.8968029022216797,0.30640870332717896,0.007900569587945938,0.4500485956668854,1.8896783590316772,0.21446257829666138,0.027788065373897552,0.0,0.0,0.0,0.0,0.0,0.0,0.0,0.0,0.0,0.0,0.0,0.0,0.0,0.0,0.0,0.0,0.0,0.0,0.0,0.0,0.0,0.0,0.0,0.0,0.0,0.0,0.0,0.0,0.0,0.0,0.0,0.0,0.0,0.0,0.0,0.0,0.0,0.0,0.0,0.0,0.0,0.0,0.0,0.0,0.0,0.0,0.0,0.0,0.0,0.0,0.0,0.0,0.0,0.0,0.0,0.0,0.0,0.0,0.0,0.0,0.0,0.0,0.0,0.4644510746002197,0.7942900657653809,-1.8058177886359772e-07,0.4785887897014618,0.7479431629180908,4.939690188621171e-05,0.4965476095676422,0.718144416809082,-0.0014368153642863035,0.5113285183906555,0.6976487636566162,-0.0035782880149781704,0.5179617404937744,0.677000880241394,-0.005121455993503332,0.5275549292564392,0.7592416405677795,0.0018108331132680178,0.538400411605835,0.7535552978515625,0.002303691580891609,0.5297441482543945,0.7521436214447021,0.0013156402856111526,0.5206610560417175,0.753594696521759,0.00028236329671926796,0.5295428037643433,0.7870396375656128,0.0005008568405173719,0.5351486206054688,0.7802742123603821,0.004246898926794529,0.5268489718437195,0.7771355509757996,0.004620812833309174,0.5189087986946106,0.7790750861167908,0.0030717148911207914,0.5259520411491394,0.8129867911338806,-0.0006497279391624033,0.5308031439781189,0.8031845092773438,0.0027612829580903053,0.5232282876968384,0.7998569011688232,0.0046036140993237495,0.5148038864135742,0.8006072044372559,0.004062573425471783,0.5200966000556946,0.8366338014602661,-0.001980160130187869,0.525592029094696,0.8267371654510498,0.0013895423617213964,0.5191876292228699,0.821649432182312,0.0052312989719212055,0.5120214819908142,0.8210811614990234,0.007438367232680321
0.5059075951576233,0.3347722887992859,-0.7883884310722351,0.9997949600219727,0.5190425515174866,0.2938891053199768,-0.7626770734786987,0.9996271729469299,0.5259338021278381,0.29358550906181335,-0.7627823948860168,0.9996215105056763,0.5321376323699951,0.2934671938419342,-0.7628735303878784,0.9995430111885071,0.49319854378700256,0.29478883743286133,-0.7632617354393005,0.9996859431266785,0.48481622338294983,0.2944081723690033,-0.7633146047592163,0.9997102618217468,0.47699832916259766,0.2945995330810547,-0.763594925403595,0.9997039437294006,0.5423333048820496,0.3080778419971466,-0.5240712761878967,0.9996172785758972,0.46578046679496765,0.3116586208343506,-0.5217673182487488,0.9997739791870117,0.5215000510215759,0.37189701199531555,-0.6886988282203674,0.9999309182167053,0.48974889516830444,0.37404465675354004,-0.6877524852752686,0.9999566674232483,0.6131714582443237,0.5218719840049744,-0.3245178461074829,0.9996371865272522,0.39971494674682617,0.5147912502288818,-0.3300986588001251,0.9998231530189514,0.6655279994010925,0.8114575743675232,-0.23440608382225037,0.9820213317871094,0.3340064585208893,0.7917269468307495,-0.40575435757637024,0.9931190609931946,0.6193962693214417,1.0059438943862915,-0.4202174246311188,0.8547218441963196,0.44719675183296204,0.8213835954666138,-0.6947165131568909,0.9209038019180298,0.6219273805618286,1.1018623113632202,-0.47679609060287476,0.7300374507904053,0.486733615398407,0.835292637348175,-0.7693420052528381,0.7832911014556885,0.5997447967529297,1.0801090002059937,-0.5182555317878723,0.7437255382537842,0.4926271140575409,0.7868286967277527,-0.7681671977043152,0.7973847985267639,0.5956697463989258,1.0344016551971436,-0.4390653967857361,0.7409892082214355,0.48195749521255493,0.7793899774551392,-0.6944210529327393,0.7774365544319153,0.5655345320701599,1.0213184356689453,-0.02656516805291176,0.8380807638168335,0.43786320090293884,1.0207464694976807,0.027278313413262367,0.843043327331543,0.5661109685897827,1.4334707260131836,0.10804423689842224,0.0942029356956482,0.43147850036621094,1.424385666847229,0.14399220049381256,0.0789480209350586,0.564788281917572,1.7675204277038574,0.5497336983680725,0.0211919117718935,0.43670639395713806,1.7656954526901245,0.4866558015346527,0.029287178069353104,0.5668126940727234,1.8133769035339355,0.5777092576026917,0.01419403962790966,0.43730035424232483,1.8147218227386475,0.5133614540100098,0.04421639069914818,0.5461462140083313,1.895824670791626,0.3017420768737793,0.008125774562358856,0.44884517788887024,1.8886853456497192,0.21489785611629486,0.028309578076004982,0.0,0.0,0.0,0.0,0.0,0.0,0.0,0.0,0.0,0.0,0.0,0.0,0.0,0.0,0.0,0.0,0.0,0.0,0.0,0.0,0.0,0.0,0.0,0.0,0.0,0.0,0.0,0.0,0.0,0.0,0.0,0.0,0.0,0.0,0.0,0.0,0.0,0.0,0.0,0.0,0.0,0.0,0.0,0.0,0.0,0.0,0.0,0.0,0.0,0.0,0.0,0.0,0.0,0.0,0.0,0.0,0.0,0.0,0.0,0.0,0.0,0.0,0.0,0.46453216671943665,0.7943626642227173,-1.9376908255708258e-07,0.47869551181793213,0.7479551434516907,0.0003851584915537387,0.4965658187866211,0.7183818817138672,-0.0008883452974259853,0.5109692811965942,0.6976544857025146,-0.0028291530907154083,0.5173556208610535,0.6767314672470093,-0.00428568571805954,0.5281583070755005,0.7587764263153076,0.001647927681915462,0.5379365682601929,0.7533277869224548,0.0022708086762577295,0.5297750234603882,0.7524486184120178,0.0015545772621408105,0.5209003686904907,0.7540807723999023,0.0006729586748406291,0.5302507877349854,0.7865580320358276,0.00016206047439482063,0.5339753031730652,0.7813434600830078,0.0038824276998639107,0.5255047082901001,0.7784267663955688,0.004247672390192747,0.5175999999046326,0.780110239982605,0.002688226755708456,0.5265191197395325,0.8128509521484375,-0.0010758072603493929,0.5296221971511841,0.8042369484901428,0.0022472674027085304,0.5215753316879272,0.8010203838348389,0.0041375597938895226,0.5132938027381897,0.8014969825744629,0.003598646493628621,0.5204724669456482,0.836665689945221,-0.0024619714822620153,0.5244640707969666,0.8280754685401917,0.0007715776446275413,0.5177309513092041,0.8231146335601807,0.0045179640874266624,0.510813295841217,0.8223046064376831,0.006662837229669094
0.5062594413757324,0.3349388539791107,-0.7776928544044495,0.9997941255569458,0.519048273563385,0.2938903570175171,-0.7534698247909546,0.9996241331100464,0.5259514451026917,0.2935873568058014,-0.7535464763641357,0.999619722366333,0.5321653485298157,0.2934523820877075,-0.7536262273788452,0.9995390176773071,0.49325957894325256,0.2949831783771515,-0.7549152374267578,0.9996843934059143,0.48493826389312744,0.29477623105049133,-0.7550020217895508,0.999710202217102,0.4771919846534729,0.2953324019908905,-0.7553180456161499,0.9997031688690186,0.5423232913017273,0.308298259973526,-0.518048107624054,0.9996142387390137,0.4660327732563019,0.31270238757133484,-0.5155210494995117,0.9997747540473938,0.5220145583152771,0.37205636501312256,-0.6812214255332947,0.9999304413795471,0.49030593037605286,0.3743513822555542,-0.6814627051353455,0.999956488609314,0.6134753823280334,0.5224015116691589,-0.3121364414691925,0.9996351599693298,0.3999548554420471,0.514628529548645,-0.3237359821796417,0.999823272228241,0.6658227443695068,0.8115506172180176,-0.22129224240779877,0.9820642471313477,0.3340235948562622,0.7917038202285767,-0.40743687748908997,0.9931447505950928,0.6198822855949402,1.0050033330917358,-0.4059569239616394,0.8564748764038086,0.44794708490371704,0.8210566639900208,-0.6996105313301086,0.9218389391899109,0.6226247549057007,1.100005030632019,-0.4615662693977356,0.733516275882721,0.4868582785129547,0.8342247605323792,-0.7745410799980164,0.7861817479133606,0.600859522819519,1.0776644945144653,-0.5026838183403015,0.7471198439598083,0.4926009178161621,0.7864986658096313,-0.7729012370109558,0.8002746105194092,0.5965758562088013,1.0325223207473755,-0.424640029668808,0.7444537281990051,0.48193347454071045,0.7791066765785217,-0.6993440389633179,0.7805553078651428,0.5658009052276611,1.0219552516937256,-0.0246806051582098,0.8336626887321472,0.437672883272171,1.021226167678833,0.025450104847550392,0.838632345199585,0.5663278102874756,1.434064507484436,0.10272838175296783,0.09174083918333054,0.43093907833099365,1.4248677492141724,0.1305399090051651,0.07632581144571304,0.5639883279800415,1.7690397500991821,0.5313599109649658,0.0203863438218832,0.4361458420753479,1.766823172569275,0.460833877325058,0.027963312342762947,0.565953254699707,1.8149385452270508,0.5582178235054016,0.013821307569742203,0.4366893768310547,1.8155428171157837,0.48641127347946167,0.042321622371673584,0.5451343655586243,1.899118185043335,0.2809552550315857,0.007848645560443401,0.44798409938812256,1.8918743133544922,0.18575485050678253,0.027144314721226692,0.0,0.0,0.0,0.0,0.0,0.0,0.0,0.0,0.0,0.0,0.0,0.0,0.0,0.0,0.0,0.0,0.0,0.0,0.0,0.0,0.0,0.0,0.0,0.0,0.0,0.0,0.0,0.0,0.0,0.0,0.0,0.0,0.0,0.0,0.0,0.0,0.0,0.0,0.0,0.0,0.0,0.0,0.0,0.0,0.0,0.0,0.0,0.0,0.0,0.0,0.0,0.0,0.0,0.0,0.0,0.0,0.0,0.0,0.0,0.0,0.0,0.0,0.0,0.4632262587547302,0.7950654625892639,-1.8605841489716113e-07,0.4783107340335846,0.748731791973114,0.0001829342363635078,0.4960257112979889,0.7186626195907593,-0.0013351667439565063,0.5105474591255188,0.6977855563163757,-0.0035288629587739706,0.5174873471260071,0.677200198173523,-0.005103900097310543,0.5267999172210693,0.7575123906135559,0.0014203941682353616,0.5383276343345642,0.7531189322471619,0.001933628343977034,0.5304853916168213,0.752506673336029,0.001562975230626762,0.5213973522186279,0.7532750964164734,0.0010486379032954574,0.5290273427963257,0.7853527665138245,-4.3229112634435296e-05,0.5345364809036255,0.7808501124382019,0.003433836391195655,0.5262248516082764,0.7781743407249451,0.003956220578402281,0.5179550051689148,0.7788223028182983,0.002636671531945467,0.5258191227912903,0.8118070960044861,-0.0013305312022566795,0.5303918719291687,0.8038957118988037,0.001952452934347093,0.5224565863609314,0.8009822368621826,0.0038354273419827223,0.5138654708862305,0.8009539246559143,0.0033309587743133307,0.5201022028923035,0.8358411192893982,-0.002789182122796774,0.5249422192573547,0.8277589678764343,0.0005181254236958921,0.5183732509613037,0.8228523135185242,0.004227014724165201,0.5113388299942017,0.8216995596885681,0.006367641035467386
0.5069206953048706,0.3356464207172394,-0.7667942643165588,0.9997881054878235,0.519122302532196,0.2940024733543396,-0.7433162927627563,0.9996116757392883,0.5260289907455444,0.2938123643398285,-0.7433885335922241,0.9996089339256287,0.5322562456130981,0.29385146498680115,-0.7434713244438171,0.9995253086090088,0.49347439408302307,0.2955904006958008,-0.7453398108482361,0.9996749758720398,0.4852162301540375,0.2954663336277008,-0.7454735040664673,0.9997023344039917,0.47751232981681824,0.29621946811676025,-0.7458171844482422,0.9996945261955261,0.5424066781997681,0.30894970893859863,-0.5113947987556458,0.9996023774147034,0.4662432074546814,0.3134072721004486,-0.5110081434249878,0.9997698664665222,0.522512674331665,0.372566282749176,-0.6725042462348938,0.99992835521698,0.4910227060317993,0.3753586411476135,-0.6736575961112976,0.999955415725708,0.613497793674469,0.5228131413459778,-0.30619606375694275,0.9996285438537598,0.4004613757133484,0.5141531825065613,-0.319818913936615,0.9998210668563843,0.6657143831253052,0.8111879229545593,-0.21736706793308258,0.9820324778556824,0.3339439928531647,0.7912271618843079,-0.4005659818649292,0.9930994510650635,0.6190152764320374,1.003092646598816,-0.4026358723640442,0.8578025102615356,0.4475328028202057,0.8218109607696533,-0.6870605945587158,0.922113299369812,0.6217982769012451,1.0974223613739014,-0.45774829387664795,0.7364116311073303,0.4863409399986267,0.8351311683654785,-0.7611064910888672,0.7874463200569153,0.6001091003417969,1.0725980997085571,-0.49882784485816956,0.7498748898506165,0.49223989248275757,0.7870447635650635,-0.7580769062042236,0.8016110062599182,0.5961136221885681,1.0314793586730957,-0.4212126135826111,0.7472277283668518,0.4816383123397827,0.77944016456604,-0.6860561966896057,0.7821760177612305,0.5657112002372742,1.0224851369857788,-0.021101804450154305,0.8327138423919678,0.43745341897010803,1.0212568044662476,0.021842272952198982,0.837226390838623,0.5661934614181519,1.4343000650405884,0.1094820648431778,0.09033998101949692,0.4303414523601532,1.4249564409255981,0.12728209793567657,0.07517065852880478,0.5630982518196106,1.7694382667541504,0.5326198935508728,0.020127352327108383,0.43543529510498047,1.7672921419143677,0.4540378153324127,0.027470532804727554,0.5647175312042236,1.8153866529464722,0.5593858957290649,0.013723167590796947,0.43594712018966675,1.8159983158111572,0.47929832339286804,0.04117590934038162,0.5444439053535461,1.9005290269851685,0.286289244890213,0.0077657210640609264,0.4471813440322876,1.8922042846679688,0.18279048800468445,0.026463834568858147,0.0,0.0,0.0,0.0,0.0,0.0,0.0,0.0,0.0,0.0,0.0,0.0,0.0,0.0,0.0,0.0,0.0,0.0,0.0,0.0,0.0,0.0,0.0,0.0,0.0,0.0,0.0,0.0,0.0,0.0,0.0,0.0,0.0,0.0,0.0,0.0,0.0,0.0,0.0,0.0,0.0,0.0,0.0,0.0,0.0,0.0,0.0,0.0,0.0,0.0,0.0,0.0,0.0,0.0,0.0,0.0,0.0,0.0,0.0,0.0,0.0,0.0,0.0,0.46210646629333496,0.7952714562416077,-1.8310829830170405e-07,0.4781200587749481,0.7487323880195618,0.000151150903548114,0.49608275294303894,0.7188604474067688,-0.0014945499133318663,0.5106317400932312,0.6976370811462402,-0.003840426215901971,0.5176200270652771,0.676407516002655,-0.005587480962276459,0.5262118577957153,0.7577967047691345,0.0014009461738169193,0.5382293462753296,0.752984881401062,0.0016474599251523614,0.5302916169166565,0.7524299621582031,0.0010686051100492477,0.5211623311042786,0.7533285021781921,0.00043972546700388193,0.5284460186958313,0.7859846949577332,-4.081875886186026e-05,0.5349182486534119,0.7798564434051514,0.003110951744019985,0.5266936421394348,0.7771229147911072,0.0033994088880717754,0.5183115601539612,0.7781592607498169,0.0019499616464599967,0.5253459215164185,0.812329888343811,-0.0013149898732081056,0.5307835340499878,0.8031168580055237,0.0016363101312890649,0.5230079293251038,0.7999091148376465,0.0033401516266167164,0.5141531229019165,0.7999717593193054,0.002788582118228078,0.5198644399642944,0.8362112045288086,-0.002744809491559863,0.5251891016960144,0.8267388343811035,0.0003273039765190333,0.5186364650726318,0.821497917175293,0.003935195505619049,0.5113396644592285,0.8204569816589355,0.006037527229636908
0.5075331330299377,0.33630675077438354,-0.7699263691902161,0.9997857213020325,0.519292950630188,0.29421207308769226,-0.7457135915756226,0.9996069669723511,0.5261943340301514,0.29417258501052856,-0.7458283305168152,0.9996053576469421,0.5324459671974182,0.2942780554294586,-0.7459285855293274,0.999519944190979,0.4937785267829895,0.29627618193626404,-0.7458083629608154,0.9996712803840637,0.4855571389198303,0.29628074169158936,-0.7457869052886963,0.9996989369392395,0.4778222143650055,0.2972448468208313,-0.7460373640060425,0.9996907114982605,0.542606770992279,0.3093494772911072,-0.5082167387008667,0.9995985627174377,0.4662936329841614,0.31428882479667664,-0.5115952491760254,0.9997686147689819,0.5228631496429443,0.3733689486980438,-0.6717886328697205,0.999927282333374,0.49159854650497437,0.37643298506736755,-0.6725519299507141,0.9999550580978394,0.6133225560188293,0.5227912068367004,-0.30536848306655884,0.9996278882026672,0.4006907343864441,0.5138688087463379,-0.33072078227996826,0.9998209476470947,0.6656354069709778,0.8115203976631165,-0.21372903883457184,0.9821439385414124,0.33385056257247925,0.7908464074134827,-0.4089463949203491,0.9930998086929321,0.6188977956771851,1.0045700073242188,-0.40156134963035583,0.8596895933151245,0.447174996137619,0.8213668465614319,-0.692468523979187,0.9233872890472412,0.6215320825576782,1.0992414951324463,-0.4561232626438141,0.7399769425392151,0.48688381910324097,0.833702027797699,-0.7666041254997253,0.7909559607505798,0.6002952456474304,1.0751063823699951,-0.49932876229286194,0.7533740401268005,0.4925037622451782,0.785789430141449,-0.7644454836845398,0.8050526976585388,0.5954896807670593,1.032284140586853,-0.42092806100845337,0.7504991292953491,0.4816913902759552,0.7779171466827393,-0.6916460394859314,0.7856879830360413,0.5653182864189148,1.0226013660430908,-0.017258023843169212,0.834334671497345,0.43712881207466125,1.0210285186767578,0.017996739596128464,0.8391058444976807,0.566450834274292,1.4348946809768677,0.10369599610567093,0.09082029014825821,0.4302341043949127,1.4250904321670532,0.11329817026853561,0.07540763169527054,0.5635583400726318,1.7699984312057495,0.5296656489372253,0.020076077431440353,0.4353238344192505,1.7679822444915771,0.44069328904151917,0.027311362326145172,0.5647425055503845,1.8157086372375488,0.5566441416740417,0.013835459016263485,0.4358089864253998,1.8169163465499878,0.4654439389705658,0.04050466790795326,0.5455083847045898,1.902604341506958,0.2810022234916687,0.00784237403422594,0.44803982973098755,1.8940905332565308,0.1639169156551361,0.026135142892599106,0.0,0.0,0.0,0.0,0.0,0.0,0.0,0.0,0.0,0.0,0.0,0.0,0.0,0.0,0.0,0.0,0.0,0.0,0.0,0.0,0.0,0.0,0.0,0.0,0.0,0.0,0.0,0.0,0.0,0.0,0.0,0.0,0.0,0.0,0.0,0.0,0.0,0.0,0.0,0.0,0.0,0.0,0.0,0.0,0.0,0.0,0.0,0.0,0.0,0.0,0.0,0.0,0.0,0.0,0.0,0.0,0.0,0.0,0.0,0.0,0.0,0.0,0.0,0.46287596225738525,0.7940874099731445,-1.9235264403505425e-07,0.47769758105278015,0.7471389174461365,0.0005175960250198841,0.4959995448589325,0.7169016599655151,-0.0005793791497126222,0.5109933018684387,0.6965704560279846,-0.0022972130682319403,0.5177791118621826,0.6762106418609619,-0.003422834211960435,0.5271320939064026,0.7566720843315125,0.0012258188799023628,0.5382323265075684,0.7522228360176086,0.0020915919449180365,0.5300524234771729,0.7511482834815979,0.0020870512817054987,0.521022617816925,0.7519964575767517,0.0017426703125238419,0.5290333032608032,0.7848074436187744,-0.0002391719608567655,0.5346892476081848,0.7799081206321716,0.00352943385951221,0.5262123346328735,0.7771313190460205,0.004449538420885801,0.5179442763328552,0.7785114645957947,0.003337231930345297,0.525619626045227,0.8113179206848145,-0.0014191179070621729,0.5300333499908447,0.8033846616744995,0.001971727702766657,0.5220648646354675,0.8003414869308472,0.004116632044315338,0.5134426951408386,0.8007054924964905,0.003759029321372509,0.5198109149932861,0.8352324962615967,-0.0027133538387715816,0.5246657133102417,0.8272333741188049,0.000633160350844264,0.517943263053894,0.8221055269241333,0.0044736722484230995,0.5108445286750793,0.8210546970367432,0.006679899990558624
0.5078176259994507,0.3365881145000458,-0.7765653133392334,0.9997889995574951,0.5194246172904968,0.29456666111946106,-0.7519075274467468,0.9996131658554077,0.5263751745223999,0.29436466097831726,-0.7520128488540649,0.9996121525764465,0.5325788259506226,0.29417866468429565,-0.7521037459373474,0.9995269179344177,0.49399644136428833,0.29658278822898865,-0.7530322670936584,0.9996762275695801,0.4858008921146393,0.2967279851436615,-0.7530748248100281,0.9997036457061768,0.4779661297798157,0.29783129692077637,-0.7533551454544067,0.9996945261955261,0.5426819920539856,0.30879291892051697,-0.515164852142334,0.9996058940887451,0.4662560224533081,0.3147788941860199,-0.5200732350349426,0.9997732043266296,0.5229734182357788,0.37442317605018616,-0.6778477430343628,0.9999278783798218,0.4918961822986603,0.37687402963638306,-0.6809893250465393,0.9999554753303528,0.6131011843681335,0.5224645137786865,-0.3150281012058258,0.9996323585510254,0.4007676839828491,0.5135233402252197,-0.33476150035858154,0.9998209476470947,0.6659623384475708,0.8108580708503723,-0.22618228197097778,0.9821813106536865,0.33437854051589966,0.7907543182373047,-0.4166092276573181,0.9930669069290161,0.6187687516212463,1.0029560327529907,-0.4148794412612915,0.8612432479858398,0.44825419783592224,0.8219132423400879,-0.7064831256866455,0.9245246052742004,0.6215647459030151,1.0990228652954102,-0.4707017242908478,0.7431281208992004,0.48710858821868896,0.833495557308197,-0.781154215335846,0.7937393188476562,0.6002033948898315,1.0747511386871338,-0.5130496025085449,0.7564952373504639,0.49282723665237427,0.7851596474647522,-0.7793372273445129,0.8078439831733704,0.5952423810958862,1.0320647954940796,-0.43399325013160706,0.7534282207489014,0.4821854829788208,0.7779143452644348,-0.705924391746521,0.7885677218437195,0.565392255783081,1.022387981414795,-0.021008078008890152,0.8339292407035828,0.4370781481266022,1.0207228660583496,0.021787069737911224,0.8386819362640381,0.5675588250160217,1.4354594945907593,0.10157176107168198,0.09082158654928207,0.4303699731826782,1.4255753755569458,0.12744493782520294,0.07462180405855179,0.5649343132972717,1.7707726955413818,0.5355982184410095,0.02013321965932846,0.4356535077095032,1.7685965299606323,0.4615834653377533,0.02718207612633705,0.5664728879928589,1.8164668083190918,0.5629796981811523,0.01390625350177288,0.4361932575702667,1.8174594640731812,0.48715803027153015,0.04006733000278473,0.5468915104866028,1.902134656906128,0.28727421164512634,0.007871964015066624,0.4496677815914154,1.893998622894287,0.18735170364379883,0.02596168778836727,0.0,0.0,0.0,0.0,0.0,0.0,0.0,0.0,0.0,0.0,0.0,0.0,0.0,0.0,0.0,0.0,0.0,0.0,0.0,0.0,0.0,0.0,0.0,0.0,0.0,0.0,0.0,0.0,0.0,0.0,0.0,0.0,0.0,0.0,0.0,0.0,0.0,0.0,0.0,0.0,0.0,0.0,0.0,0.0,0.0,0.0,0.0,0.0,0.0,0.0,0.0,0.0,0.0,0.0,0.0,0.0,0.0,0.0,0.0,0.0,0.0,0.0,0.0,0.4621811807155609,0.7933700084686279,-1.9017174679447635e-07,0.4772862493991852,0.747420608997345,0.00047118397196754813,0.4959525763988495,0.717227578163147,-0.0006900367443449795,0.5107852816581726,0.6965896487236023,-0.00255253491923213,0.5174922347068787,0.6760907173156738,-0.003820158075541258,0.5263379812240601,0.7563181519508362,0.0014598591951653361,0.5382962226867676,0.7517862319946289,0.0017392206937074661,0.5299493074417114,0.7508023381233215,0.0011872709728777409,0.5206420421600342,0.7516951560974121,0.0005439032684080303,0.5281537771224976,0.7842761278152466,-0.00015089867520146072,0.5347937941551208,0.779338538646698,0.003063747426494956,0.5263186097145081,0.7768060564994812,0.003693973645567894,0.5178771615028381,0.7780312895774841,0.0025009119417518377,0.524936318397522,0.8107122778892517,-0.0015768540324643254,0.5302833318710327,0.8026915192604065,0.0014627758646383882,0.5223378539085388,0.7998670339584351,0.0035437087062746286,0.5136339664459229,0.8001946806907654,0.0032355086877942085,0.519298255443573,0.8348058462142944,-0.0031421908643096685,0.5247859358787537,0.8265979290008545,-4.0820115827955306e-05,0.5181370377540588,0.8215516805648804,0.0037420005537569523,0.5110225081443787,0.8205233812332153,0.005962267983704805
0.507788896560669,0.3365851640701294,-0.7742173671722412,0.9997875690460205,0.5194820165634155,0.2944433093070984,-0.7490050792694092,0.9996090531349182,0.5264862179756165,0.29405349493026733,-0.7491140365600586,0.9996086955070496,0.532652735710144,0.29366862773895264,-0.7491909265518188,0.9995216131210327,0.49411165714263916,0.2964530289173126,-0.7505401372909546,0.9996737837791443,0.48592787981033325,0.2963843047618866,-0.7505976557731628,0.9997020959854126,0.4780588746070862,0.29722321033477783,-0.7508929967880249,0.9996926784515381,0.5427923798561096,0.30831417441368103,-0.5110664963722229,0.9996017217636108,0.4662933349609375,0.3141025900840759,-0.5154802799224854,0.9997732639312744,0.5228256583213806,0.37472185492515564,-0.676128089427948,0.9999268651008606,0.4917505085468292,0.37688231468200684,-0.6779536604881287,0.9999551177024841,0.6127599477767944,0.522180438041687,-0.31432121992111206,0.9996334910392761,0.4007752537727356,0.5131019949913025,-0.33597761392593384,0.9998198747634888,0.6654555201530457,0.8101649880409241,-0.22804144024848938,0.9819149374961853,0.3343823552131653,0.7904345393180847,-0.41921859979629517,0.9931113123893738,0.618216335773468,1.0042321681976318,-0.4179426431655884,0.8616076707839966,0.4481305778026581,0.8206308484077454,-0.7045854926109314,0.9257000684738159,0.6215457320213318,1.1000759601593018,-0.4738655388355255,0.7445100545883179,0.48701465129852295,0.8312619924545288,-0.7789247632026672,0.7959467172622681,0.5996148586273193,1.0769786834716797,-0.5159275531768799,0.75785231590271,0.4925108253955841,0.7834042310714722,-0.7760513424873352,0.8099042177200317,0.5942453742027283,1.0336838960647583,-0.4369761347770691,0.7548999786376953,0.48187464475631714,0.7764344215393066,-0.7035524845123291,0.7910135984420776,0.5652216076850891,1.0219743251800537,-0.018966862931847572,0.8338714838027954,0.4370347559452057,1.020567774772644,0.01971479319036007,0.838640034198761,0.5695536136627197,1.4351884126663208,0.1067487895488739,0.08760950714349747,0.4307918846607208,1.4253216981887817,0.13095606863498688,0.07176785171031952,0.5670018792152405,1.769598364830017,0.5502594709396362,0.01948019117116928,0.4361686706542969,1.7676273584365845,0.4675353169441223,0.02619359642267227,0.5685458779335022,1.8145421743392944,0.578531801700592,0.0134838642552495,0.43661510944366455,1.816556692123413,0.493794709444046,0.03837952762842178,0.549037754535675,1.9001715183258057,0.304170697927475,0.007637706585228443,0.45189741253852844,1.8911398649215698,0.19543887674808502,0.024964887648820877,0.0,0.0,0.0,0.0,0.0,0.0,0.0,0.0,0.0,0.0,0.0,0.0,0.0,0.0,0.0,0.0,0.0,0.0,0.0,0.0,0.0,0.0,0.0,0.0,0.0,0.0,0.0,0.0,0.0,0.0,0.0,0.0,0.0,0.0,0.0,0.0,0.0,0.0,0.0,0.0,0.0,0.0,0.0,0.0,0.0,0.0,0.0,0.0,0.0,0.0,0.0,0.0,0.0,0.0,0.0,0.0,0.0,0.0,0.0,0.0,0.0,0.0,0.0,0.46279260516166687,0.7935670018196106,-1.872330557262103e-07,0.47800183296203613,0.7470239400863647,0.00010206435399595648,0.49584993720054626,0.7166587114334106,-0.0014672959223389626,0.5102891325950623,0.6957356333732605,-0.0036825239658355713,0.5172023177146912,0.6751906275749207,-0.005283684935420752,0.5265599489212036,0.7560737133026123,0.0010366858914494514,0.5379527807235718,0.7510484457015991,0.001576301408931613,0.5301277041435242,0.7505486607551575,0.0012878820998594165,0.5212581753730774,0.7518019676208496,0.000786236603744328,0.5286213755607605,0.7840440273284912,-0.0004103434330318123,0.5343220829963684,0.7789546251296997,0.00293156155385077,0.5259548425674438,0.776064932346344,0.0035185646265745163,0.517667829990387,0.7768725156784058,0.0022300677374005318,0.5253212451934814,0.8104822039604187,-0.0016440249746665359,0.5299540162086487,0.8022258281707764,0.0014922713162377477,0.5220473408699036,0.7992647290229797,0.003497475292533636,0.5134403109550476,0.799496591091156,0.003071446670219302,0.5195820331573486,0.8345041275024414,-0.0030447777826339006,0.5245901346206665,0.8262827396392822,0.00012401399726513773,0.5180374383926392,0.8212542533874512,0.003906346391886473,0.5110674500465393,0.8202683925628662,0.00608867546543479
0.5081728100776672,0.33647018671035767,-0.7749556303024292,0.9997883439064026,0.51963871717453,0.2943272888660431,-0.7500767111778259,0.9996116161346436,0.5266097784042358,0.29378291964530945,-0.75018310546875,0.999612033367157,0.5327452421188354,0.29325756430625916,-0.7502605319023132,0.9995270371437073,0.4943523705005646,0.2962189018726349,-0.7511934041976929,0.999674916267395,0.48614373803138733,0.2959652245044708,-0.7512110471725464,0.999701976776123,0.47826099395751953,0.29657256603240967,-0.7514848709106445,0.9996913075447083,0.5428089499473572,0.30781814455986023,-0.5123323798179626,0.9996066093444824,0.4663921594619751,0.3133707046508789,-0.51548171043396,0.9997738003730774,0.5232148766517639,0.374695360660553,-0.676903486251831,0.9999274611473083,0.4921971559524536,0.3767086863517761,-0.6786282658576965,0.9999549984931946,0.6127648949623108,0.5219460725784302,-0.31967177987098694,0.9996424317359924,0.40072396397590637,0.512665867805481,-0.3302207887172699,0.999821126461029,0.6660642027854919,0.8098791241645813,-0.2308291792869568,0.9819698333740234,0.3344552218914032,0.7902596592903137,-0.4123689830303192,0.9931128025054932,0.6179717183113098,1.0059828758239746,-0.41697463393211365,0.8625840544700623,0.447954386472702,0.8194565773010254,-0.7019900679588318,0.9261341094970703,0.6200830340385437,1.0981534719467163,-0.47300195693969727,0.7457662224769592,0.4867743253707886,0.8317116498947144,-0.775847852230072,0.7967283129692078,0.5995590686798096,1.0737707614898682,-0.5145520567893982,0.7590118646621704,0.4923448860645294,0.782941997051239,-0.7733733057975769,0.8106248378753662,0.5964992642402649,1.024123191833496,-0.43567603826522827,0.7563895583152771,0.4817155599594116,0.7753883600234985,-0.7011317014694214,0.7922173738479614,0.5653656721115112,1.0218966007232666,-0.023940857499837875,0.8353440165519714,0.43691930174827576,1.0206493139266968,0.024692894890904427,0.8398415446281433,0.570074737071991,1.434896469116211,0.10911091417074203,0.08479957282543182,0.4314582645893097,1.4256055355072021,0.14274178445339203,0.06917524337768555,0.5676978826522827,1.7701666355133057,0.5402058362960815,0.01876864582300186,0.4368041455745697,1.7679555416107178,0.4749079942703247,0.025248108431696892,0.5697866082191467,1.8156805038452148,0.5675322413444519,0.01308142114430666,0.43725529313087463,1.8170740604400635,0.5009440183639526,0.03695511817932129,0.5489643216133118,1.8994287252426147,0.29478296637535095,0.0073390440084040165,0.4513346254825592,1.8907246589660645,0.2052292376756668,0.02400750294327736,0.0,0.0,0.0,0.0,0.0,0.0,0.0,0.0,0.0,0.0,0.0,0.0,0.0,0.0,0.0,0.0,0.0,0.0,0.0,0.0,0.0,0.0,0.0,0.0,0.0,0.0,0.0,0.0,0.0,0.0,0.0,0.0,0.0,0.0,0.0,0.0,0.0,0.0,0.0,0.0,0.0,0.0,0.0,0.0,0.0,0.0,0.0,0.0,0.0,0.0,0.0,0.0,0.0,0.0,0.0,0.0,0.0,0.0,0.0,0.0,0.0,0.0,0.0,0.46311333775520325,0.792684018611908,-1.8889437569669099e-07,0.4781217575073242,0.7463816404342651,0.00020845078688580543,0.4957869052886963,0.7161349058151245,-0.0014126423047855496,0.5101470351219177,0.6951196789741516,-0.0036675971932709217,0.5169900059700012,0.6745793223381042,-0.005317831877619028,0.5262722373008728,0.7554923892021179,0.0006534962449222803,0.537719190120697,0.7500788569450378,0.0011111279018223286,0.5295917987823486,0.7492650747299194,0.0008300102199427783,0.5204897522926331,0.7506114840507507,0.0003575212031137198,0.528325617313385,0.783534049987793,-0.0007876533200033009,0.5343795418739319,0.7777566909790039,0.0025528976693749428,0.5259649157524109,0.7747487425804138,0.0032424500677734613,0.5175967216491699,0.775963544845581,0.0019992575980722904,0.5250835418701172,0.809967577457428,-0.001961858943104744,0.5301081538200378,0.8011876940727234,0.0012162148486822844,0.5221779346466064,0.7980234622955322,0.0033200206235051155,0.5135104656219482,0.7984743714332581,0.0029333559796214104,0.5194380283355713,0.8339975476264954,-0.0032660304568707943,0.5248095393180847,0.8252721428871155,2.0953337298124097e-05,0.5181143283843994,0.820056676864624,0.003944660536944866,0.5109512805938721,0.819179892539978,0.006198848597705364
0.5074600577354431,0.3364313542842865,-0.7861859202384949,0.9997894763946533,0.5194613337516785,0.29427802562713623,-0.7627646923065186,0.9996135234832764,0.5265381932258606,0.29359641671180725,-0.7628379464149475,0.9996144771575928,0.5325877666473389,0.2929631471633911,-0.7629149556159973,0.9995304942131042,0.49397772550582886,0.2960907816886902,-0.7640066742897034,0.999675989151001,0.48571670055389404,0.2958039343357086,-0.7641041278839111,0.999701738357544,0.4778004288673401,0.2964346408843994,-0.7644045948982239,0.9996895790100098,0.5427062511444092,0.3073543310165405,-0.5290486812591553,0.9996091723442078,0.46638524532318115,0.31306368112564087,-0.5304880738258362,0.9997720122337341,0.5227450132369995,0.3747217357158661,-0.6895595192909241,0.9999275803565979,0.49141791462898254,0.37672632932662964,-0.6902521848678589,0.9999548196792603,0.6130746006965637,0.5217410326004028,-0.33581769466400146,0.9996488094329834,0.4004540741443634,0.5123104453086853,-0.3428124189376831,0.9998223781585693,0.6665719151496887,0.8084233403205872,-0.24790340662002563,0.9817420840263367,0.334367573261261,0.7897375822067261,-0.4263068437576294,0.9929938912391663,0.6176775097846985,1.0056313276290894,-0.4294223487377167,0.859846830368042,0.4466433525085449,0.8198186755180359,-0.717559814453125,0.9256186485290527,0.6209900379180908,1.099375605583191,-0.48476043343544006,0.7425305843353271,0.4860778748989105,0.8313139081001282,-0.7918093204498291,0.7946484088897705,0.5999730229377747,1.0763583183288574,-0.526816725730896,0.7559407949447632,0.49159425497055054,0.7829205989837646,-0.7880557775497437,0.8085317015647888,0.5960479378700256,1.0272969007492065,-0.4480903744697571,0.7536980509757996,0.48074135184288025,0.7758691906929016,-0.7162407636642456,0.7901978492736816,0.5657638311386108,1.0214582681655884,-0.02579735778272152,0.835681676864624,0.43697845935821533,1.0204284191131592,0.026510978117585182,0.8404670357704163,0.5719370245933533,1.4341148138046265,0.11959735304117203,0.08258327841758728,0.43273746967315674,1.4252294301986694,0.16722194850444794,0.0667574480175972,0.5695511698722839,1.767704725265503,0.568840742111206,0.018484868109226227,0.43814557790756226,1.7663627862930298,0.5143941640853882,0.024738483130931854,0.5719336867332458,1.812707781791687,0.5978700518608093,0.013029221445322037,0.4386097192764282,1.8155431747436523,0.542300820350647,0.03627796098589897,0.5507077574729919,1.8964208364486694,0.3253536820411682,0.007207192480564117,0.45231711864471436,1.888041615486145,0.2498725801706314,0.02343355305492878,0.0,0.0,0.0,0.0,0.0,0.0,0.0,0.0,0.0,0.0,0.0,0.0,0.0,0.0,0.0,0.0,0.0,0.0,0.0,0.0,0.0,0.0,0.0,0.0,0.0,0.0,0.0,0.0,0.0,0.0,0.0,0.0,0.0,0.0,0.0,0.0,0.0,0.0,0.0,0.0,0.0,0.0,0.0,0.0,0.0,0.0,0.0,0.0,0.0,0.0,0.0,0.0,0.0,0.0,0.0,0.0,0.0,0.0,0.0,0.0,0.0,0.0,0.0,0.4618118107318878,0.7920461297035217,-1.855762121749649e-07,0.477475643157959,0.7454041838645935,0.00015128182712942362,0.4953158497810364,0.7152146100997925,-0.001428220421075821,0.5100656151771545,0.6943995952606201,-0.003597863717004657,0.5172525644302368,0.6737911701202393,-0.0051368665881454945,0.5254605412483215,0.7545965313911438,0.0006385470042005181,0.5378434658050537,0.7501936554908752,0.0012327420990914106,0.529620885848999,0.7489941120147705,0.0011321677593514323,0.5202794671058655,0.7496774792671204,0.0007999017252586782,0.5276865363121033,0.782908022403717,-0.0006316251819953322,0.5346291661262512,0.7772047519683838,0.0029712228570133448,0.5262696146965027,0.7741928696632385,0.003783110762014985,0.5178056955337524,0.7752733826637268,0.0025685287546366453,0.5245926976203918,0.8093599081039429,-0.0016396035207435489,0.5303514003753662,0.8004112839698792,0.0018276412738487124,0.5225023627281189,0.7972242832183838,0.0039082784205675125,0.5136173367500305,0.7974254488945007,0.0034169929567724466,0.5191026926040649,0.8331786394119263,-0.0027896359097212553,0.5247843265533447,0.8241693377494812,0.0006434190436266363,0.5180405378341675,0.8189393281936646,0.004479428753256798,0.5106067657470703,0.8178370594978333,0.006641488987952471
0.5074014067649841,0.3361755609512329,-0.8073279857635498,0.9997904896736145,0.5194589495658875,0.2941981554031372,-0.7852550745010376,0.999616801738739,0.5265652537345886,0.29346007108688354,-0.7852875590324402,0.9996175169944763,0.5326493382453918,0.2927224636077881,-0.7853632569313049,0.9995361566543579,0.4939451515674591,0.29566410183906555,-0.7875791192054749,0.9996784925460815,0.48567694425582886,0.29527655243873596,-0.7877544164657593,0.999702513217926,0.47773101925849915,0.2958294153213501,-0.7880848050117493,0.9996899962425232,0.5428007245063782,0.30713826417922974,-0.5511580109596252,0.9996120929718018,0.46625974774360657,0.3123801350593567,-0.5548009276390076,0.999771237373352,0.522599458694458,0.37470921874046326,-0.7114279866218567,0.9999275803565979,0.49128830432891846,0.3764744699001312,-0.7132291197776794,0.9999547004699707,0.613054096698761,0.5214710831642151,-0.34360942244529724,0.9996503591537476,0.3998925983905792,0.512090802192688,-0.3641347885131836,0.9998239278793335,0.6663399338722229,0.8076761960983276,-0.2565808594226837,0.9816024303436279,0.3339056670665741,0.7903563976287842,-0.4385335147380829,0.9929141998291016,0.6175858974456787,1.0065499544143677,-0.4396117925643921,0.8588792681694031,0.4460073411464691,0.820012629032135,-0.7204093933105469,0.9248188138008118,0.6202560663223267,1.0976736545562744,-0.4952375292778015,0.7416602969169617,0.4860626459121704,0.8320358991622925,-0.7938994765281677,0.7933459877967834,0.6002547740936279,1.0763300657272339,-0.5392032265663147,0.7552444338798523,0.4916658401489258,0.7843513488769531,-0.7914174199104309,0.80743408203125,0.5964628458023071,1.0275927782058716,-0.4590698182582855,0.752852737903595,0.4810336232185364,0.7768648266792297,-0.7192319631576538,0.7891978025436401,0.5658807754516602,1.020905613899231,-0.024985942989587784,0.8364250659942627,0.43704506754875183,1.020045280456543,0.02565709501504898,0.8417797088623047,0.571590781211853,1.4332387447357178,0.12174075096845627,0.08246709406375885,0.43328624963760376,1.424607276916504,0.15790921449661255,0.06582951545715332,0.5699527263641357,1.766282558441162,0.5591177344322205,0.018534045666456223,0.43864962458610535,1.7653216123580933,0.504128634929657,0.024640830233693123,0.572413444519043,1.8111802339553833,0.5875872373580933,0.013148080557584763,0.43916013836860657,1.8145102262496948,0.5315648913383484,0.03596925735473633,0.5508765578269958,1.8944238424301147,0.3148905038833618,0.007270617410540581,0.45232754945755005,1.8864154815673828,0.23671740293502808,0.023347822949290276,0.0,0.0,0.0,0.0,0.0,0.0,0.0,0.0,0.0,0.0,0.0,0.0,0.0,0.0,0.0,0.0,0.0,0.0,0.0,0.0,0.0,0.0,0.0,0.0,0.0,0.0,0.0,0.0,0.0,0.0,0.0,0.0,0.0,0.0,0.0,0.0,0.0,0.0,0.0,0.0,0.0,0.0,0.0,0.0,0.0,0.0,0.0,0.0,0.0,0.0,0.0,0.0,0.0,0.0,0.0,0.0,0.0,0.0,0.0,0.0,0.0,0.0,0.0,0.4623085856437683,0.7909225225448608,-1.9227087477702298e-07,0.4771878719329834,0.7449216246604919,0.00026700517628341913,0.4950963258743286,0.715116560459137,-0.001324205775745213,0.509562075138092,0.6940911412239075,-0.0035985703580081463,0.51595538854599,0.6727222800254822,-0.005281102377921343,0.5265586376190186,0.7518410682678223,0.0013521623332053423,0.5368279218673706,0.7498864531517029,0.0015458900015801191,0.5290300846099854,0.7502226829528809,0.0008340711938217282,0.5202537178993225,0.750818133354187,5.560497083934024e-05,0.5289579033851624,0.7795918583869934,-0.0004187226004432887,0.5333501100540161,0.7779507040977478,0.002758356276899576,0.5248031616210938,0.775917649269104,0.0030029930640012026,0.5164532661437988,0.7761215567588806,0.0015580598264932632,0.5257851481437683,0.8064386248588562,-0.00199743895791471,0.5290112495422363,0.8007499575614929,0.0009998627938330173,0.5207807421684265,0.7984786033630371,0.002833706559613347,0.5122191309928894,0.7981684803962708,0.0023699598386883736,0.5201188325881958,0.8310452103614807,-0.0037653378676623106,0.5238702297210693,0.8244742155075073,-0.0007088144775480032,0.5167990922927856,0.8202208876609802,0.002986464649438858,0.5096992254257202,0.818950355052948,0.005192507524043322
0.5072468519210815,0.33617517352104187,-0.801767110824585,0.999792754650116,0.5193347930908203,0.2941882610321045,-0.7773113250732422,0.9996224641799927,0.5265112519264221,0.29338231682777405,-0.7774180769920349,0.9996230006217957,0.5325722098350525,0.2926521897315979,-0.7774883508682251,0.9995444416999817,0.4938724637031555,0.29574888944625854,-0.777660071849823,0.9996815323829651,0.4856681823730469,0.2953856587409973,-0.777715802192688,0.9997031688690186,0.4776562452316284,0.29604214429855347,-0.7779986262321472,0.9996897578239441,0.5425954461097717,0.3070503771305084,-0.5358196496963501,0.9996190071105957,0.4662047326564789,0.3123559057712555,-0.5343239307403564,0.9997697472572327,0.5222987532615662,0.3746948540210724,-0.7030335068702698,0.9999286532402039,0.4911116659641266,0.37642598152160645,-0.7020226716995239,0.9999545216560364,0.6129121780395508,0.521198570728302,-0.3334631323814392,0.9996591210365295,0.4002595543861389,0.5117049813270569,-0.3408397436141968,0.9998250007629395,0.6660802960395813,0.8074552416801453,-0.23543410003185272,0.9818671345710754,0.3340178430080414,0.7900354862213135,-0.41306978464126587,0.9928717613220215,0.6174250245094299,1.0027012825012207,-0.42183998227119446,0.8609281778335571,0.4465917646884918,0.8197671175003052,-0.6970503926277161,0.9254894852638245,0.6206558346748352,1.0935696363449097,-0.47788241505622864,0.7445597648620605,0.48653659224510193,0.8308508396148682,-0.7706926465034485,0.7952252626419067,0.6006075143814087,1.0698585510253906,-0.5209144353866577,0.7581453919410706,0.49184510111808777,0.7835959196090698,-0.7690292000770569,0.8092744946479797,0.5964287519454956,1.0227103233337402,-0.4410819411277771,0.75543212890625,0.4810153543949127,0.7765077948570251,-0.6962558031082153,0.7913011908531189,0.5656315088272095,1.0203731060028076,-0.02774629183113575,0.8354507684707642,0.436652272939682,1.0192090272903442,0.02847232297062874,0.8409001231193542,0.5696417689323425,1.4322041273117065,0.1093076542019844,0.08265727758407593,0.43329551815986633,1.424192190170288,0.14096496999263763,0.06628244370222092,0.5689618587493896,1.7664557695388794,0.538083016872406,0.01879691891372204,0.4387204349040985,1.7654532194137573,0.469606876373291,0.02507159858942032,0.5716745853424072,1.812116026878357,0.5654336810112,0.01317532081156969,0.43926990032196045,1.8147368431091309,0.4951542317867279,0.036340802907943726,0.5495085120201111,1.8944026231765747,0.2922176420688629,0.00734358187764883,0.45150381326675415,1.8867683410644531,0.19828619062900543,0.0236572977155447,0.0,0.0,0.0,0.0,0.0,0.0,0.0,0.0,0.0,0.0,0.0,0.0,0.0,0.0,0.0,0.0,0.0,0.0,0.0,0.0,0.0,0.0,0.0,0.0,0.0,0.0,0.0,0.0,0.0,0.0,0.0,0.0,0.0,0.0,0.0,0.0,0.0,0.0,0.0,0.0,0.0,0.0,0.0,0.0,0.0,0.0,0.0,0.0,0.0,0.0,0.0,0.0,0.0,0.0,0.0,0.0,0.0,0.0,0.0,0.0,0.0,0.0,0.0,0.46244364976882935,0.7902670502662659,-1.894000121183126e-07,0.47662854194641113,0.7439643144607544,4.2726664105430245e-05,0.4945722818374634,0.7140345573425293,-0.0012567928060889244,0.5094262361526489,0.6936800479888916,-0.003096730913966894,0.5164497494697571,0.6734486818313599,-0.0042798155918717384,0.526081383228302,0.7524607181549072,0.0012491113739088178,0.5374224781990051,0.747608482837677,0.0020288426894694567,0.5295370221138,0.7464510798454285,0.0019062614301219583,0.5207458138465881,0.747404158115387,0.0014723811764270067,0.5283769965171814,0.7803285717964172,-8.337082545040175e-05,0.5340492725372314,0.7752313613891602,0.003568143816664815,0.5257437229156494,0.7722868323326111,0.004369261208921671,0.5174528360366821,0.7733697891235352,0.0032457720953971148,0.525280237197876,0.806763231754303,-0.001229119603522122,0.529637336730957,0.7984256744384766,0.001998128602281213,0.5217171311378479,0.7952426671981812,0.003978014457970858,0.5131058096885681,0.7955269813537598,0.003587330924347043,0.5196559429168701,0.8308695554733276,-0.0025390307419002056,0.5243740677833557,0.8223200440406799,0.0005829070578329265,0.5177788734436035,0.8171758651733398,0.004211071413010359,0.5106995105743408,0.8161377906799316,0.0063350689597427845
0.5072122812271118,0.33612361550331116,-0.7855271697044373,0.9997937679290771,0.5191887617111206,0.2941736876964569,-0.7595230937004089,0.9996252059936523,0.5264275670051575,0.29327526688575745,-0.7596744298934937,0.9996259808540344,0.5324584245681763,0.2924829125404358,-0.7597411274909973,0.9995487928390503,0.4938856065273285,0.29584404826164246,-0.7590363025665283,0.9996820092201233,0.4857948124408722,0.29553911089897156,-0.7590721845626831,0.9997021555900574,0.4778223931789398,0.29631373286247253,-0.7593528032302856,0.9996871948242188,0.5423668026924133,0.306747168302536,-0.5174505710601807,0.9996228218078613,0.4663679897785187,0.3126021921634674,-0.5155045986175537,0.9997679591178894,0.5223299264907837,0.3746112585067749,-0.6858697533607483,0.9999293684959412,0.49134981632232666,0.3763006925582886,-0.6839624643325806,0.9999544024467468,0.6131063103675842,0.5209228992462158,-0.3224901854991913,0.9996702075004578,0.40070411562919617,0.5116973519325256,-0.3268851637840271,0.9998268485069275,0.6657306551933289,0.8085842132568359,-0.22843490540981293,0.9823314547538757,0.3341008126735687,0.78985995054245,-0.4037746489048004,0.9928413033485413,0.6175951361656189,1.0018670558929443,-0.41381269693374634,0.863466203212738,0.44699010252952576,0.8194562196731567,-0.6912438869476318,0.9271626472473145,0.6195269227027893,1.0905638933181763,-0.4696089029312134,0.7476139664649963,0.48666298389434814,0.8309948444366455,-0.7645228505134583,0.7986286282539368,0.600854218006134,1.0662035942077637,-0.5119843482971191,0.7610523104667664,0.4920582175254822,0.783075213432312,-0.7625008225440979,0.8123645186424255,0.5969504714012146,1.0199604034423828,-0.4326736032962799,0.7583024501800537,0.4812929034233093,0.7758607268333435,-0.6902655959129333,0.7949361801147461,0.5657434463500977,1.0209020376205444,-0.02809896320104599,0.8392996191978455,0.4366193115711212,1.019392967224121,0.028835998848080635,0.8449761271476746,0.5719871520996094,1.4325803518295288,0.09664735198020935,0.08263393491506577,0.43437305092811584,1.4245421886444092,0.13338537514209747,0.06662287563085556,0.5709651708602905,1.767134428024292,0.5315647125244141,0.018885981291532516,0.43984851241111755,1.766687035560608,0.4639017879962921,0.025346295908093452,0.5736663937568665,1.812945008277893,0.5591727495193481,0.013147721067070961,0.44034746289253235,1.8165088891983032,0.48945966362953186,0.03662635758519173,0.5517120957374573,1.8962942361831665,0.2857111096382141,0.0073483907617628574,0.45320117473602295,1.8888368606567383,0.19145117700099945,0.02384093962609768,0.0,0.0,0.0,0.0,0.0,0.0,0.0,0.0,0.0,0.0,0.0,0.0,0.0,0.0,0.0,0.0,0.0,0.0,0.0,0.0,0.0,0.0,0.0,0.0,0.0,0.0,0.0,0.0,0.0,0.0,0.0,0.0,0.0,0.0,0.0,0.0,0.0,0.0,0.0,0.0,0.0,0.0,0.0,0.0,0.0,0.0,0.0,0.0,0.0,0.0,0.0,0.0,0.0,0.0,0.0,0.0,0.0,0.0,0.0,0.0,0.0,0.0,0.0,0.46202176809310913,0.7904924750328064,-1.9118424177122506e-07,0.47621363401412964,0.7442096471786499,0.00030637611052952707,0.49455294013023376,0.7138588428497314,-0.0007269305642694235,0.5094619393348694,0.693014919757843,-0.002327658236026764,0.5161833167076111,0.6724480986595154,-0.003282529069110751,0.5256845355033875,0.7523341178894043,0.0013509816490113735,0.5373070240020752,0.7472187876701355,0.002205719007179141,0.5293675065040588,0.7459302544593811,0.0022343064192682505,0.5203415155410767,0.7468287348747253,0.0019459627801552415,0.527953565120697,0.7801200747489929,-3.2567746529821306e-05,0.5339187979698181,0.7751682996749878,0.003705966053530574,0.5256265997886658,0.772283136844635,0.0046289279125630856,0.5173039436340332,0.7734678983688354,0.0036167625803500414,0.5248926281929016,0.8066034913063049,-0.0011965016601607203,0.5294404625892639,0.79853355884552,0.0021721813827753067,0.5215811133384705,0.7953266501426697,0.00421243766322732,0.5130049586296082,0.7955356240272522,0.00385463610291481,0.5192900896072388,0.8307545185089111,-0.0025007587391883135,0.5242843627929688,0.8225934505462646,0.0007362460601143539,0.5177487730979919,0.8173990249633789,0.004414415452629328,0.5106669664382935,0.8161849975585938,0.006565466057509184
0.5068758726119995,0.3361591696739197,-0.7836816310882568,0.9997983574867249,0.5189410448074341,0.2942412197589874,-0.7589253187179565,0.9996346831321716,0.5262734293937683,0.29330772161483765,-0.7590137124061584,0.9996352791786194,0.5322315692901611,0.2925521433353424,-0.7590728998184204,0.9995602369308472,0.49365442991256714,0.29604801535606384,-0.7594690918922424,0.9996888041496277,0.4855960011482239,0.29581916332244873,-0.7595703601837158,0.9997077584266663,0.4776502847671509,0.2967306673526764,-0.7598734498023987,0.9996923804283142,0.5420185923576355,0.306621789932251,-0.5198193192481995,0.9996330738067627,0.4663919508457184,0.31298553943634033,-0.518078088760376,0.9997723698616028,0.5222228765487671,0.37470149993896484,-0.6860255599021912,0.999931275844574,0.49125489592552185,0.3763166069984436,-0.6852355599403381,0.9999552369117737,0.6133576035499573,0.5208532214164734,-0.3221927285194397,0.9996834397315979,0.4006603956222534,0.5119597315788269,-0.3304979205131531,0.9998311400413513,0.6656675338745117,0.8098835349082947,-0.23426459729671478,0.9828001856803894,0.3343367874622345,0.7906586527824402,-0.40875881910324097,0.9929008483886719,0.6176802515983582,1.0024563074111938,-0.42034807801246643,0.8661679625511169,0.4469252824783325,0.8193893432617188,-0.7005085349082947,0.9287423491477966,0.6194478869438171,1.091944932937622,-0.4768102467060089,0.7508348822593689,0.4868142008781433,0.8309555649757385,-0.7746983766555786,0.8019903898239136,0.6011546850204468,1.0673097372055054,-0.5190426707267761,0.7641443610191345,0.49236002564430237,0.7834016680717468,-0.7731916904449463,0.815593421459198,0.5972224473953247,1.0204699039459229,-0.4392158091068268,0.7612431645393372,0.4816049039363861,0.7759102582931519,-0.6999114751815796,0.7984955906867981,0.5657042264938354,1.021628975868225,-0.028398782014846802,0.8431317210197449,0.4365142583847046,1.0197457075119019,0.02915286086499691,0.8487809896469116,0.5717829465866089,1.4333407878875732,0.09136347472667694,0.08296111971139908,0.43466702103614807,1.4250367879867554,0.13373182713985443,0.0669826939702034,0.5711100101470947,1.7681939601898193,0.5348867177963257,0.018866727128624916,0.440393328666687,1.767598271369934,0.470985472202301,0.025272516533732414,0.5739142298698425,1.8142054080963135,0.5631096959114075,0.013086841441690922,0.4409317374229431,1.8174889087677002,0.4971467852592468,0.03654336929321289,0.5517813563346863,1.8976627588272095,0.2869791090488434,0.00733266631141305,0.45381414890289307,1.890856146812439,0.19681110978126526,0.023871293291449547,0.0,0.0,0.0,0.0,0.0,0.0,0.0,0.0,0.0,0.0,0.0,0.0,0.0,0.0,0.0,0.0,0.0,0.0,0.0,0.0,0.0,0.0,0.0,0.0,0.0,0.0,0.0,0.0,0.0,0.0,0.0,0.0,0.0,0.0,0.0,0.0,0.0,0.0,0.0,0.0,0.0,0.0,0.0,0.0,0.0,0.0,0.0,0.0,0.0,0.0,0.0,0.0,0.0,0.0,0.0,0.0,0.0,0.0,0.0,0.0,0.0,0.0,0.0,0.4613122344017029,0.7902541756629944,-1.9322126831866626e-07,0.4759303331375122,0.7446659803390503,0.0006068199872970581,0.4943138360977173,0.7146646976470947,-0.0005340127390809357,0.5089921355247498,0.6937189102172852,-0.002369724912568927,0.5154526829719543,0.6729256510734558,-0.003594285575672984,0.5254700779914856,0.7518237829208374,0.0016582573298364878,0.5373275279998779,0.7470065355300903,0.0020796649623662233,0.5291292071342468,0.7467181086540222,0.0016402273904532194,0.5200139880180359,0.7481802701950073,0.0010676697129383683,0.5277358889579773,0.7794050574302673,-3.302882396383211e-05,0.5339381098747253,0.7746604084968567,0.0033597364090383053,0.5255087614059448,0.7723131775856018,0.003997947555035353,0.5170642137527466,0.7735996842384338,0.0028186130803078413,0.5247728228569031,0.8058685064315796,-0.0015251929871737957,0.5294662117958069,0.7977739572525024,0.0015617560129612684,0.5214291214942932,0.795190155506134,0.0035515902563929558,0.5127593278884888,0.7957242727279663,0.003208619775250554,0.5193939208984375,0.8301445245742798,-0.003139507258310914,0.5245223641395569,0.8216382265090942,-0.00012524051999207586,0.5177031755447388,0.817028284072876,0.0035711941309273243,0.5104684233665466,0.8163255453109741,0.005788298789411783
0.5063879489898682,0.3361932337284088,-0.7804496884346008,0.9998012781143188,0.5185806155204773,0.2942219376564026,-0.7556784749031067,0.9996398091316223,0.5260500311851501,0.29320472478866577,-0.7557972073554993,0.9996412992477417,0.5320418477058411,0.29243242740631104,-0.7558615207672119,0.9995678067207336,0.49328070878982544,0.296108603477478,-0.7549391984939575,0.9996926188468933,0.4851999878883362,0.29589664936065674,-0.7549295425415039,0.9997109174728394,0.4773409068584442,0.2968394160270691,-0.7551828026771545,0.9996949434280396,0.541795015335083,0.3064424395561218,-0.5167075395584106,0.9996392726898193,0.46633222699165344,0.3132021427154541,-0.5144142508506775,0.9997739791870117,0.5219112634658813,0.3747991621494293,-0.6820844411849976,0.9999322891235352,0.4908193051815033,0.3763408958911896,-0.6806129217147827,0.9999555945396423,0.6134971976280212,0.5208443999290466,-0.32266294956207275,0.9996903538703918,0.40062981843948364,0.5119423866271973,-0.32863062620162964,0.9998338222503662,0.6660131216049194,0.8102047443389893,-0.23546914756298065,0.9832432866096497,0.3334609866142273,0.7910080552101135,-0.4070490896701813,0.9929476380348206,0.6168990731239319,1.0032472610473633,-0.41915348172187805,0.8675930500030518,0.44659292697906494,0.8192176818847656,-0.6938844919204712,0.929864227771759,0.6175305843353271,1.0940861701965332,-0.4748436510562897,0.7523912191390991,0.48686322569847107,0.8306649923324585,-0.7671178579330444,0.8044406771659851,0.5991834402084351,1.0688891410827637,-0.5156442523002625,0.7656593918800354,0.49244171380996704,0.7825949192047119,-0.7641932368278503,0.8177728652954102,0.5960723757743835,1.0205789804458618,-0.43737179040908813,0.7629460692405701,0.48148074746131897,0.7750807404518127,-0.6926649808883667,0.8007736802101135,0.5657207369804382,1.0217140913009644,-0.026474006474018097,0.8407737016677856,0.4360189437866211,1.019695520401001,0.02723819576203823,0.847409188747406,0.5708585977554321,1.4332706928253174,0.09658809751272202,0.08125454187393188,0.43465280532836914,1.4248863458633423,0.13349483907222748,0.06550895422697067,0.5700963139533997,1.7687174081802368,0.5270153284072876,0.018573002889752388,0.4403880834579468,1.7680834531784058,0.4573405385017395,0.02475052699446678,0.5728300213813782,1.8146874904632568,0.5537685751914978,0.01294231228530407,0.4409250319004059,1.8180254697799683,0.48211485147476196,0.03593255952000618,0.5506711602210999,1.8979390859603882,0.2784043848514557,0.007225278299301863,0.4526447653770447,1.891013741493225,0.18335288763046265,0.02345087006688118,0.0,0.0,0.0,0.0,0.0,0.0,0.0,0.0,0.0,0.0,0.0,0.0,0.0,0.0,0.0,0.0,0.0,0.0,0.0,0.0,0.0,0.0,0.0,0.0,0.0,0.0,0.0,0.0,0.0,0.0,0.0,0.0,0.0,0.0,0.0,0.0,0.0,0.0,0.0,0.0,0.0,0.0,0.0,0.0,0.0,0.0,0.0,0.0,0.0,0.0,0.0,0.0,0.0,0.0,0.0,0.0,0.0,0.0,0.0,0.0,0.0,0.0,0.0,0.4616527855396271,0.7901764512062073,-1.9554228458673606e-07,0.4760463237762451,0.7444751858711243,-6.496074638562277e-05,0.4940687119960785,0.7144778370857239,-0.0016933683073148131,0.508608341217041,0.6930422186851501,-0.003913241438567638,0.5149798393249512,0.6717423796653748,-0.005526864435523748,0.5257900953292847,0.7508414387702942,0.0009887998457998037,0.5360621809959412,0.7478193640708923,0.0008191849337890744,0.5279088020324707,0.7481006383895874,-0.0002088970213662833,0.5190197229385376,0.7492712736129761,-0.001206763437949121,0.5282978415489197,0.7788817882537842,-0.0006498919683508575,0.53293377161026,0.7760418057441711,0.002172695240005851,0.5243407487869263,0.7741203308105469,0.002329500624909997,0.5159661769866943,0.7747253775596619,0.0008864618721418083,0.5253577828407288,0.8056665658950806,-0.002139213727787137,0.528479814529419,0.799348771572113,0.00041142196278087795,0.5202999711036682,0.7971704006195068,0.0022335576359182596,0.5117970705032349,0.7970263361930847,0.0018804774153977633,0.5199476480484009,0.8301631212234497,-0.003828675951808691,0.5235618948936462,0.8233636021614075,-0.0012172801652923226,0.5164244174957275,0.8193420767784119,0.002378718229010701,0.5093224048614502,0.8182060122489929,0.004613548517227173
0.5061430335044861,0.3364960551261902,-0.7708430886268616,0.9998021125793457,0.5183470845222473,0.2943902909755707,-0.7469756603240967,0.9996424913406372,0.5258985161781311,0.29331323504447937,-0.7470608353614807,0.9996438026428223,0.5319731831550598,0.29255256056785583,-0.7471174597740173,0.9995722770690918,0.4930873215198517,0.2961927354335785,-0.7476457357406616,0.9996949434280396,0.4849778413772583,0.29602116346359253,-0.747709333896637,0.9997122883796692,0.47717803716659546,0.29702094197273254,-0.7479962110519409,0.9996963739395142,0.54168701171875,0.3064177930355072,-0.510843813419342,0.9996424317359924,0.4662448465824127,0.3133564889431,-0.5004666447639465,0.9997754096984863,0.52180016040802,0.37522146105766296,-0.6754351258277893,0.9999327659606934,0.49061453342437744,0.3765754699707031,-0.6746654510498047,0.9999554753303528,0.6135100722312927,0.5209379196166992,-0.3143489956855774,0.999697208404541,0.40040895342826843,0.5119689106941223,-0.31640610098838806,0.999835729598999,0.6661293506622314,0.8096684217453003,-0.2284770905971527,0.9834666848182678,0.3333795368671417,0.7914390563964844,-0.39802786707878113,0.9929859042167664,0.6170541048049927,1.001022458076477,-0.41471222043037415,0.8695533275604248,0.4470032751560211,0.8194487690925598,-0.686566948890686,0.9305496215820312,0.6179139614105225,1.0932323932647705,-0.47130700945854187,0.7549725770950317,0.4871326684951782,0.8310468792915344,-0.760138213634491,0.806138277053833,0.5992785096168518,1.0690395832061768,-0.5127040147781372,0.7682174444198608,0.4926522672176361,0.7826761603355408,-0.7569089531898499,0.8193080425262451,0.5958154201507568,1.0196938514709473,-0.433331698179245,0.7657044529914856,0.4817052185535431,0.7751861810684204,-0.6854294538497925,0.8026357889175415,0.5657339692115784,1.0219002962112427,-0.026752037927508354,0.8383355736732483,0.4357016682624817,1.0197948217391968,0.02754754200577736,0.8454813957214355,0.5700928568840027,1.4324951171875,0.09238028526306152,0.07905539870262146,0.4346694052219391,1.4247592687606812,0.1286894828081131,0.06368040293455124,0.568878710269928,1.768965721130371,0.5072354674339294,0.017882073298096657,0.44037362933158875,1.7681562900543213,0.44673019647598267,0.023742856457829475,0.5716209411621094,1.815252423286438,0.5328482985496521,0.012565967626869678,0.4409075081348419,1.8181054592132568,0.47102275490760803,0.03479410707950592,0.54924076795578,1.8978924751281738,0.25809988379478455,0.006989072542637587,0.4516368508338928,1.8908435106277466,0.17338401079177856,0.022761374711990356,0.0,0.0,0.0,0.0,0.0,0.0,0.0,0.0,0.0,0.0,0.0,0.0,0.0,0.0,0.0,0.0,0.0,0.0,0.0,0.0,0.0,0.0,0.0,0.0,0.0,0.0,0.0,0.0,0.0,0.0,0.0,0.0,0.0,0.0,0.0,0.0,0.0,0.0,0.0,0.0,0.0,0.0,0.0,0.0,0.0,0.0,0.0,0.0,0.0,0.0,0.0,0.0,0.0,0.0,0.0,0.0,0.0,0.0,0.0,0.0,0.0,0.0,0.0,0.46118906140327454,0.7893832921981812,-1.9302554221667378e-07,0.47607743740081787,0.7437718510627747,0.0007004151120781898,0.4943954348564148,0.7137971520423889,-0.00040878605796024203,0.5089514255523682,0.6926352977752686,-0.0022057562600821257,0.5151699185371399,0.6716307401657104,-0.003390338970348239,0.5253879427909851,0.7509219646453857,0.001486213062889874,0.5369923710823059,0.7468897700309753,0.0021205535158514977,0.5293635129928589,0.7469514012336731,0.002051271265372634,0.520362913608551,0.7479933500289917,0.0017400626093149185,0.5276864171028137,0.778656542301178,-0.00021988671505823731,0.533586323261261,0.7755769491195679,0.0033414142671972513,0.5253119468688965,0.7732218503952026,0.004169692285358906,0.5168625116348267,0.7736476063728333,0.0030803573317825794,0.5246888995170593,0.8054302930831909,-0.0016792694805189967,0.5291129946708679,0.7989456057548523,0.001637820154428482,0.5211849212646484,0.796335756778717,0.0037285471335053444,0.5125812292098999,0.7961166501045227,0.0033549112267792225,0.5191671848297119,0.829805850982666,-0.003253774018958211,0.5239412188529968,0.8229390978813171,-2.564631540735718e-05,0.5172549486160278,0.8182138800621033,0.0037149102427065372,0.5101993083953857,0.8167918920516968,0.005885674152523279
0.5054301023483276,0.33700886368751526,-0.7642967104911804,0.9998020529747009,0.517949640750885,0.294540137052536,-0.7401927709579468,0.9996419548988342,0.5256243348121643,0.29333046078681946,-0.7402626276016235,0.9996429085731506,0.5317361354827881,0.292466938495636,-0.7403050661087036,0.9995706081390381,0.4926317632198334,0.2963847219944,-0.7418416142463684,0.99969482421875,0.48448702692985535,0.29611581563949585,-0.7419471740722656,0.9997118711471558,0.4767651855945587,0.29713428020477295,-0.7422650456428528,0.9996958374977112,0.5414491295814514,0.30601269006729126,-0.5053189396858215,0.9996404647827148,0.4661352038383484,0.3134302496910095,-0.4972807765007019,0.9997751116752625,0.52142733335495,0.37542030215263367,-0.6698597073554993,0.9999324083328247,0.4900994598865509,0.3769608736038208,-0.6700916886329651,0.9999548196792603,0.6135888695716858,0.5210555791854858,-0.30422067642211914,0.999698281288147,0.4004920721054077,0.5118773579597473,-0.3108505308628082,0.9998346567153931,0.6658645272254944,0.8103079795837402,-0.21603040397167206,0.9834299683570862,0.33312100172042847,0.791146993637085,-0.39677897095680237,0.992931067943573,0.6164259314537048,0.9989727139472961,-0.4047626554965973,0.8724409937858582,0.44752395153045654,0.819523274898529,-0.6913909316062927,0.9307368397712708,0.6167529225349426,1.092231035232544,-0.4615880250930786,0.7588843107223511,0.48749592900276184,0.8311522603034973,-0.7667611837387085,0.80722576379776,0.5983806252479553,1.066063642501831,-0.5029503703117371,0.772055447101593,0.492703914642334,0.7828980684280396,-0.763748049736023,0.8203068971633911,0.594832181930542,1.0175572633743286,-0.42347434163093567,0.7696382403373718,0.4818430542945862,0.7752385139465332,-0.6905936598777771,0.8041702508926392,0.5656068921089172,1.022352695465088,-0.026449458673596382,0.8333997130393982,0.43519994616508484,1.0200098752975464,0.02728368155658245,0.8411750197410583,0.5692876577377319,1.4324562549591064,0.10313760489225388,0.0760873332619667,0.4344438910484314,1.4246896505355835,0.13312800228595734,0.06079578772187233,0.5672471523284912,1.769504427909851,0.5265915393829346,0.0168436449021101,0.4394666850566864,1.76826012134552,0.45937272906303406,0.022273173555731773,0.5697737336158752,1.8159910440444946,0.5530887246131897,0.011934453621506691,0.4398614466190338,1.8183526992797852,0.4845205545425415,0.0331554040312767,0.5473066568374634,1.897919774055481,0.2758900821208954,0.0066322870552539825,0.4496375620365143,1.8907724618911743,0.1835298389196396,0.02175148017704487,0.0,0.0,0.0,0.0,0.0,0.0,0.0,0.0,0.0,0.0,0.0,0.0,0.0,0.0,0.0,0.0,0.0,0.0,0.0,0.0,0.0,0.0,0.0,0.0,0.0,0.0,0.0,0.0,0.0,0.0,0.0,0.0,0.0,0.0,0.0,0.0,0.0,0.0,0.0,0.0,0.0,0.0,0.0,0.0,0.0,0.0,0.0,0.0,0.0,0.0,0.0,0.0,0.0,0.0,0.0,0.0,0.0,0.0,0.0,0.0,0.0,0.0,0.0,0.46198582649230957,0.7896650433540344,-1.935115676587884e-07,0.47651049494743347,0.7438689470291138,0.0005907498998567462,0.4946218729019165,0.7136723399162292,-0.0005493746721185744,0.5089748501777649,0.6924248337745667,-0.002392577240243554,0.5151264667510986,0.6714528799057007,-0.0036681874189525843,0.5256954431533813,0.7510857582092285,0.0016230614855885506,0.5367763042449951,0.7468973398208618,0.002109687775373459,0.5289920568466187,0.747016191482544,0.0017339673358947039,0.519928514957428,0.7482318878173828,0.0012237603077664971,0.5280846953392029,0.7787430882453918,-6.485131598310545e-05,0.5334142446517944,0.7752611041069031,0.0034003276377916336,0.5250409245491028,0.773044764995575,0.003979051485657692,0.5166451930999756,0.7737704515457153,0.002756010740995407,0.5250557065010071,0.8054338097572327,-0.001533040776848793,0.5290387868881226,0.7982622981071472,0.001704452675767243,0.5210057497024536,0.7957754135131836,0.003636733628809452,0.5124903917312622,0.795804500579834,0.0032064265105873346,0.5194982290267944,0.8297621011734009,-0.0031357065308839083,0.5239880681037903,0.8222531080245972,4.106979395146482e-05,0.5172054767608643,0.8176476359367371,0.003742807311937213,0.5101591944694519,0.8164272308349609,0.005918192211538553
0.5050336122512817,0.3377792239189148,-0.7749694585800171,0.9998007416725159,0.5176688432693481,0.2948364317417145,-0.7504078149795532,0.9996402263641357,0.5253967046737671,0.293497771024704,-0.7505016326904297,0.9996405243873596,0.5314533710479736,0.29255637526512146,-0.7505515813827515,0.9995660185813904,0.49237436056137085,0.2968357503414154,-0.7508953213691711,0.999695360660553,0.48420193791389465,0.29639145731925964,-0.7509794235229492,0.999713659286499,0.47650936245918274,0.29730144143104553,-0.7512785196304321,0.9996983408927917,0.541093647480011,0.30584967136383057,-0.5111373066902161,0.9996368885040283,0.46601226925849915,0.3136245310306549,-0.5024377107620239,0.9997767210006714,0.5211274027824402,0.3757469058036804,-0.6787853837013245,0.9999310970306396,0.4897536635398865,0.37770524621009827,-0.6774085760116577,0.9999540448188782,0.6137081384658813,0.5211707949638367,-0.31249284744262695,0.9996938705444336,0.40018752217292786,0.5121229290962219,-0.3187046945095062,0.9998329877853394,0.6656485199928284,0.8105624914169312,-0.22130712866783142,0.9833347797393799,0.3338868319988251,0.7910793423652649,-0.4027552604675293,0.9928864240646362,0.6159454584121704,0.9982172250747681,-0.40536636114120483,0.8727230429649353,0.4479101896286011,0.820708155632019,-0.7001432180404663,0.9304927587509155,0.616451621055603,1.0917099714279175,-0.46085962653160095,0.7591304779052734,0.48795124888420105,0.8318709135055542,-0.7753538489341736,0.8071763515472412,0.5978807806968689,1.0656726360321045,-0.5023928284645081,0.7722190022468567,0.492942750453949,0.7836412191390991,-0.773257851600647,0.8202115893363953,0.5942952632904053,1.0160425901412964,-0.423942506313324,0.7697960138320923,0.48211368918418884,0.7763257026672363,-0.6997268795967102,0.8040923476219177,0.5655797123908997,1.0225850343704224,-0.026674658060073853,0.8324981927871704,0.4348771274089813,1.019974708557129,0.02746560052037239,0.8407791256904602,0.5693263411521912,1.4327282905578613,0.0961163267493248,0.07692213356494904,0.4345569610595703,1.4247090816497803,0.12593547999858856,0.061277832835912704,0.5675449967384338,1.7700036764144897,0.5182359218597412,0.01675548031926155,0.4396685063838959,1.768470287322998,0.44886481761932373,0.02218129113316536,0.5701577067375183,1.8164887428283691,0.5443757772445679,0.011932583525776863,0.4401915371417999,1.818552017211914,0.4735349118709564,0.033377695828676224,0.5479210615158081,1.8978970050811768,0.2671172022819519,0.006623557768762112,0.45047369599342346,1.8908451795578003,0.17346279323101044,0.02189912274479866,0.0,0.0,0.0,0.0,0.0,0.0,0.0,0.0,0.0,0.0,0.0,0.0,0.0,0.0,0.0,0.0,0.0,0.0,0.0,0.0,0.0,0.0,0.0,0.0,0.0,0.0,0.0,0.0,0.0,0.0,0.0,0.0,0.0,0.0,0.0,0.0,0.0,0.0,0.0,0.0,0.0,0.0,0.0,0.0,0.0,0.0,0.0,0.0,0.0,0.0,0.0,0.0,0.0,0.0,0.0,0.0,0.0,0.0,0.0,0.0,0.0,0.0,0.0,0.46178197860717773,0.7903157472610474,-1.9762239844567375e-07,0.47634628415107727,0.7441276907920837,0.0008217310532927513,0.4948209226131439,0.7137618064880371,-2.8508458854048513e-05,0.5092581510543823,0.6923297643661499,-0.0015785101568326354,0.5150097608566284,0.6710275411605835,-0.0025903598871082067,0.5253471732139587,0.7516524791717529,0.0018514356343075633,0.5363261699676514,0.7476062774658203,0.002381357131525874,0.5283409953117371,0.7465274333953857,0.0019433317938819528,0.5191324949264526,0.7473904490470886,0.0013339055003598332,0.5277470350265503,0.7791687250137329,0.00011929783067898825,0.5335599780082703,0.7752093076705933,0.0036498752888292074,0.5251824855804443,0.7727149128913879,0.004210137762129307,0.5168868899345398,0.7737401723861694,0.0029034563340246677,0.5247992277145386,0.8058158159255981,-0.00137148960493505,0.5293105244636536,0.7985714673995972,0.0018440133426338434,0.5212655663490295,0.7958883047103882,0.0038362410850822926,0.5127148032188416,0.7960166335105896,0.003419807879254222,0.5193560719490051,0.8302283883094788,-0.002955816686153412,0.5243461728096008,0.8227847814559937,0.00014022615505382419,0.517514705657959,0.818537712097168,0.003851175308227539,0.5103092789649963,0.8177114725112915,0.006009790115058422
0.5046785473823547,0.33790668845176697,-0.7760376334190369,0.9998018145561218,0.5174281001091003,0.2946845591068268,-0.7513227462768555,0.9996421337127686,0.5251967906951904,0.2932066023349762,-0.7514259815216064,0.9996422529220581,0.5312250256538391,0.2921511232852936,-0.7514796853065491,0.9995667934417725,0.49211937189102173,0.296978622674942,-0.7514231204986572,0.9996984004974365,0.4839351773262024,0.29647061228752136,-0.7514848709106445,0.9997174739837646,0.4762410521507263,0.2973462641239166,-0.7517673373222351,0.9997025728225708,0.5408915281295776,0.3054562211036682,-0.5119104385375977,0.9996375441551208,0.46586719155311584,0.313631534576416,-0.5080524682998657,0.9997807741165161,0.5209170579910278,0.3754209876060486,-0.6794012188911438,0.9999308586120605,0.4894767701625824,0.37784236669540405,-0.6777932047843933,0.9999539852142334,0.6135624051094055,0.5212981700897217,-0.3148573637008667,0.9996874332427979,0.3999827206134796,0.5123205184936523,-0.3236185908317566,0.9998328685760498,0.6654089093208313,0.8106143474578857,-0.22454708814620972,0.983266294002533,0.33394554257392883,0.7916423082351685,-0.4015694260597229,0.9928633570671082,0.6168493032455444,1.0008009672164917,-0.4091288149356842,0.8722527623176575,0.4476828873157501,0.8218106031417847,-0.6925550103187561,0.9306065440177917,0.616898775100708,1.0929614305496216,-0.4655555784702301,0.7582213282585144,0.4876173436641693,0.8330070376396179,-0.7673149704933167,0.8077990412712097,0.5986709594726562,1.0687681436538696,-0.5064556002616882,0.7712660431861877,0.49280503392219543,0.7846543192863464,-0.7665879726409912,0.8207621574401855,0.5954129099845886,1.0194989442825317,-0.42761194705963135,0.7688993811607361,0.4819035232067108,0.7772010564804077,-0.6925449967384338,0.8044067621231079,0.5652073621749878,1.0228854417800903,-0.02733698859810829,0.830974817276001,0.43466371297836304,1.0200468301773071,0.02811862900853157,0.8399381041526794,0.5681836605072021,1.4325824975967407,0.10520638525485992,0.07728413492441177,0.4343307912349701,1.4246978759765625,0.14373888075351715,0.06094157695770264,0.5669416785240173,1.7701445817947388,0.5253870487213135,0.016696788370609283,0.4394783079624176,1.7684096097946167,0.4748060405254364,0.02201676182448864,0.5695601105690002,1.8166215419769287,0.5514334440231323,0.011948760598897934,0.44016948342323303,1.818387508392334,0.5004597902297974,0.03348490223288536,0.547159731388092,1.8976519107818604,0.27357596158981323,0.006613421253859997,0.4491710066795349,1.8900349140167236,0.2019457221031189,0.021898886188864708,0.0,0.0,0.0,0.0,0.0,0.0,0.0,0.0,0.0,0.0,0.0,0.0,0.0,0.0,0.0,0.0,0.0,0.0,0.0,0.0,0.0,0.0,0.0,0.0,0.0,0.0,0.0,0.0,0.0,0.0,0.0,0.0,0.0,0.0,0.0,0.0,0.0,0.0,0.0,0.0,0.0,0.0,0.0,0.0,0.0,0.0,0.0,0.0,0.0,0.0,0.0,0.0,0.0,0.0,0.0,0.0,0.0,0.0,0.0,0.0,0.0,0.0,0.0,0.4620354175567627,0.7912952303886414,-1.9991507826944144e-07,0.47637689113616943,0.7454961538314819,0.0004505152755882591,0.49437472224235535,0.7146778106689453,-0.0013231552438810468,0.5088855028152466,0.6927592754364014,-0.0038721407763659954,0.5151264071464539,0.6710926294326782,-0.005918081849813461,0.5249532461166382,0.7511254549026489,0.0007669284241273999,0.5363749861717224,0.7482616305351257,-0.0001292985980398953,0.5274808406829834,0.7490085363388062,-0.0020097510423511267,0.5181438326835632,0.7507485151290894,-0.0035605905577540398,0.527430534362793,0.7788722515106201,-0.0012702904641628265,0.5338599681854248,0.7768372297286987,0.0012795277871191502,0.5248504877090454,0.7757388353347778,0.0012325707357376814,0.5163148045539856,0.7769531607627869,-0.00045073387445881963,0.524757444858551,0.8057207465171814,-0.0031376807019114494,0.5295842885971069,0.8006972074508667,-0.0006068020593374968,0.5213344097137451,0.7989287972450256,0.0014170162612572312,0.512604832649231,0.7991976737976074,0.0010914431186392903,0.5197648406028748,0.830447793006897,-0.005150378216058016,0.5247777700424194,0.8246015906333923,-0.00241867802105844,0.5175309181213379,0.8212984204292297,0.0014797782059758902,0.5100319385528564,0.8209397196769714,0.0038316152058541775
0.5039855241775513,0.33801814913749695,-0.7849252820014954,0.9998040199279785,0.5171113610267639,0.2948338985443115,-0.7602723836898804,0.9996479153633118,0.5249906182289124,0.293366938829422,-0.7603525519371033,0.9996480345726013,0.5309434533119202,0.29242467880249023,-0.760414183139801,0.9995742440223694,0.49169766902923584,0.29702192544937134,-0.7602390050888062,0.9997020363807678,0.4835115671157837,0.29655131697654724,-0.7603266835212708,0.9997207522392273,0.4757222831249237,0.29742711782455444,-0.7606189846992493,0.9997052550315857,0.5406109690666199,0.305792897939682,-0.5229963064193726,0.9996441602706909,0.4658108353614807,0.31359267234802246,-0.5185030102729797,0.9997819066047668,0.5202568769454956,0.37526530027389526,-0.6882287859916687,0.9999318718910217,0.48870930075645447,0.37785768508911133,-0.6865000128746033,0.9999542236328125,0.6135464310646057,0.5216167569160461,-0.33036720752716064,0.9996967315673828,0.3999868929386139,0.5125920176506042,-0.32878679037094116,0.9998341798782349,0.6652028560638428,0.811344563961029,-0.24949029088020325,0.9835531711578369,0.3340008854866028,0.7922959327697754,-0.41080722212791443,0.992738664150238,0.6171064376831055,1.0011663436889648,-0.4290173351764679,0.8719960451126099,0.44809192419052124,0.8223900198936462,-0.7089009881019592,0.9297892451286316,0.6173463463783264,1.09264075756073,-0.48616325855255127,0.7568807005882263,0.4879528880119324,0.8331413865089417,-0.7836512923240662,0.8057767152786255,0.5982856750488281,1.069273829460144,-0.5253635048866272,0.7700357437133789,0.49308422207832336,0.7849752306938171,-0.7824459075927734,0.8188823461532593,0.5950290560722351,1.020802617073059,-0.44662633538246155,0.7675596475601196,0.482349693775177,0.7780061960220337,-0.7087833881378174,0.8021607398986816,0.5652177929878235,1.023038387298584,-0.029471956193447113,0.8322648406028748,0.43487176299095154,1.0199769735336304,0.030257048085331917,0.8414319753646851,0.5694158673286438,1.432737946510315,0.10494078695774078,0.08030422031879425,0.43476566672325134,1.4246848821640015,0.15137824416160583,0.06211929768323898,0.5678481459617615,1.7701197862625122,0.5468587875366211,0.017227832227945328,0.439737468957901,1.7678101062774658,0.4948303997516632,0.022222109138965607,0.5703503489494324,1.8165241479873657,0.5749439001083374,0.012463848106563091,0.4404805600643158,1.8177375793457031,0.5217927694320679,0.03444803133606911,0.5487443208694458,1.897172451019287,0.2974936366081238,0.0067302267998456955,0.4501534402370453,1.8883072137832642,0.22402308881282806,0.022104235365986824,0.0,0.0,0.0,0.0,0.0,0.0,0.0,0.0,0.0,0.0,0.0,0.0,0.0,0.0,0.0,0.0,0.0,0.0,0.0,0.0,0.0,0.0,0.0,0.0,0.0,0.0,0.0,0.0,0.0,0.0,0.0,0.0,0.0,0.0,0.0,0.0,0.0,0.0,0.0,0.0,0.0,0.0,0.0,0.0,0.0,0.0,0.0,0.0,0.0,0.0,0.0,0.0,0.0,0.0,0.0,0.0,0.0,0.0,0.0,0.0,0.0,0.0,0.0,0.46213558316230774,0.7924973368644714,-2.0215446738802711e-07,0.4761366844177246,0.7460570335388184,0.000551466247998178,0.4944915771484375,0.7151983976364136,-0.0009303652914240956,0.5093500018119812,0.6933306455612183,-0.0032194433733820915,0.5153403282165527,0.6712962985038757,-0.0050430577248334885,0.5245803594589233,0.7524930238723755,0.0013792567187920213,0.5367398858070374,0.7474202513694763,0.00035200745332986116,0.5278498530387878,0.7471357583999634,-0.0017963942373171449,0.5184634327888489,0.7492853999137878,-0.0034877292346209288,0.5270752906799316,0.7799930572509766,-0.0005463171401061118,0.5343842506408691,0.774910569190979,0.0018946623895317316,0.5254615545272827,0.7734217643737793,0.001810982939787209,0.5169842839241028,0.7757472395896912,0.00017008587019518018,0.5245673656463623,0.8065223693847656,-0.002357813995331526,0.5300110578536987,0.7985482215881348,2.6510087991482578e-05,0.5217350721359253,0.7963876724243164,0.0019998527131974697,0.5130346417427063,0.7975665330886841,0.0017287734663113952,0.5198765397071838,0.8308913111686707,-0.0042937397956848145,0.5253212451934814,0.8225785493850708,-0.0016371826641261578,0.518060028553009,0.8187798261642456,0.0021865651942789555,0.5105484127998352,0.8191134333610535,0.004509648773819208
0.5039528012275696,0.3383249044418335,-0.7880833148956299,0.9998065233230591,0.51710045337677,0.295253723859787,-0.763990044593811,0.9996544718742371,0.5249743461608887,0.2938832938671112,-0.7640508413314819,0.999653697013855,0.5308635234832764,0.2931046187877655,-0.764118492603302,0.999581515789032,0.49170953035354614,0.29715287685394287,-0.7642964720726013,0.999708354473114,0.48355939984321594,0.2966762185096741,-0.7643925547599792,0.9997268915176392,0.47577330470085144,0.2975705564022064,-0.7646924257278442,0.9997127652168274,0.5406612157821655,0.30650725960731506,-0.5279262065887451,0.9996498823165894,0.4659009277820587,0.3135695457458496,-0.5230636596679688,0.9997876882553101,0.5201553702354431,0.3756508231163025,-0.6917099356651306,0.9999328255653381,0.4885391592979431,0.37807968258857727,-0.6904610395431519,0.9999549984931946,0.6132981181144714,0.5216188430786133,-0.33409222960472107,0.999701738357544,0.39975160360336304,0.5128737092018127,-0.33108022809028625,0.9998379945755005,0.6653292179107666,0.8111752271652222,-0.24865411221981049,0.9839122295379639,0.33411744236946106,0.7932354807853699,-0.413299024105072,0.992912769317627,0.6168399453163147,1.001909613609314,-0.42862704396247864,0.8712782263755798,0.44847676157951355,0.8234228491783142,-0.7105278372764587,0.930392861366272,0.6161822080612183,1.0935732126235962,-0.48545852303504944,0.7547430396080017,0.48822128772735596,0.8335224390029907,-0.785201370716095,0.8062677383422852,0.5976521372795105,1.069931149482727,-0.5254232883453369,0.7677770853042603,0.4930223226547241,0.7854114770889282,-0.78365159034729,0.8193186521530151,0.5922499299049377,1.0322469472885132,-0.44647416472435,0.7652707695960999,0.48231586813926697,0.7786502838134766,-0.7101913094520569,0.8022273778915405,0.5651795864105225,1.0236448049545288,-0.030645420774817467,0.8359960913658142,0.435086190700531,1.0203263759613037,0.031445663422346115,0.8448835611343384,0.5688472986221313,1.433401346206665,0.10255329310894012,0.08073577284812927,0.434692919254303,1.425511121749878,0.1552211344242096,0.06273574382066727,0.5677059888839722,1.7709994316101074,0.5360454320907593,0.017609229311347008,0.4397807717323303,1.7685797214508057,0.4971853196620941,0.02255805768072605,0.5705556869506836,1.8175188302993774,0.5630225539207458,0.012610569596290588,0.44047433137893677,1.8182101249694824,0.5238560438156128,0.034883517771959305,0.5479333996772766,1.8983819484710693,0.2838808000087738,0.006835384760051966,0.44939106702804565,1.8900913000106812,0.22442097961902618,0.022314269095659256,0.0,0.0,0.0,0.0,0.0,0.0,0.0,0.0,0.0,0.0,0.0,0.0,0.0,0.0,0.0,0.0,0.0,0.0,0.0,0.0,0.0,0.0,0.0,0.0,0.0,0.0,0.0,0.0,0.0,0.0,0.0,0.0,0.0,0.0,0.0,0.0,0.0,0.0,0.0,0.0,0.0,0.0,0.0,0.0,0.0,0.0,0.0,0.0,0.0,0.0,0.0,0.0,0.0,0.0,0.0,0.0,0.0,0.0,0.0,0.0,0.0,0.0,0.0,0.46216773986816406,0.792869508266449,-2.0196986838527664e-07,0.47603994607925415,0.7469585537910461,0.00028374657267704606,0.49439680576324463,0.7159227728843689,-0.001319235423579812,0.5091568231582642,0.6935324668884277,-0.0035864440724253654,0.5154373645782471,0.6717031002044678,-0.005326980259269476,0.5253040194511414,0.7530576586723328,0.0008804099052213132,0.5362973213195801,0.7472212910652161,0.00046952636330388486,0.5273465514183044,0.7463382482528687,-0.0010843814816325903,0.5180153250694275,0.7487529516220093,-0.0025034782011061907,0.5276839733123779,0.7807043790817261,-0.0008931807824410498,0.5336425304412842,0.7757687568664551,0.0018769829766824841,0.5247094035148621,0.7741650938987732,0.0019525660900399089,0.5163533091545105,0.776698648929596,0.00031670639873482287,0.5247750878334045,0.8073844313621521,-0.0024650446139276028,0.5295082926750183,0.799988329410553,0.00013359394506551325,0.5212610960006714,0.7975900173187256,0.0021538822911679745,0.5125301480293274,0.7985137701034546,0.001821003621444106,0.5196158289909363,0.8321813344955444,-0.004157776478677988,0.5247822999954224,0.8243860006332397,-0.0015526176430284977,0.5176842212677002,0.8203300833702087,0.002213140483945608,0.5103179812431335,0.8201885223388672,0.004483738914132118
0.5041442513465881,0.338454931974411,-0.7892120480537415,0.9998111724853516,0.517184317111969,0.2954801023006439,-0.7656657695770264,0.9996634125709534,0.5250142812728882,0.2941211462020874,-0.7657177448272705,0.9996621608734131,0.5308645963668823,0.2933598458766937,-0.7657921314239502,0.9995912313461304,0.4918554425239563,0.29728782176971436,-0.7661488652229309,0.9997170567512512,0.48371344804763794,0.29689887166023254,-0.7662791609764099,0.9997357130050659,0.475918173789978,0.2978253662586212,-0.7666012048721313,0.9997228384017944,0.540762722492218,0.3067619800567627,-0.5296190977096558,0.9996582269668579,0.4658477008342743,0.3136936128139496,-0.5239085555076599,0.9997949600219727,0.520344614982605,0.375932902097702,-0.6939690709114075,0.9999337792396545,0.4886803925037384,0.37826982140541077,-0.6928015947341919,0.9999558925628662,0.6132152676582336,0.5217439532279968,-0.33862999081611633,0.9996991157531738,0.39984408020973206,0.5130141377449036,-0.32981640100479126,0.9998388290405273,0.6655962467193604,0.8121163845062256,-0.2555992901325226,0.9841164350509644,0.33426207304000854,0.7934159636497498,-0.4062454104423523,0.9930169582366943,0.6159940361976624,1.0063594579696655,-0.4366622865200043,0.8705374598503113,0.4487358331680298,0.8232567310333252,-0.697335958480835,0.9306891560554504,0.6157286167144775,1.1033052206039429,-0.49474912881851196,0.7530558109283447,0.4886784553527832,0.8340796232223511,-0.7711274027824402,0.8065611720085144,0.5959183573722839,1.0775383710861206,-0.5354880094528198,0.766071617603302,0.49335989356040955,0.7853924036026001,-0.770771324634552,0.8195622563362122,0.5914263129234314,1.0404757261276245,-0.45486876368522644,0.7635859847068787,0.4825003743171692,0.7781643867492676,-0.6973329186439514,0.8019735813140869,0.5649295449256897,1.0244041681289673,-0.033621273934841156,0.8376343250274658,0.4351974129676819,1.020825743675232,0.03444614261388779,0.8462858200073242,0.5676692128181458,1.4345121383666992,0.09605012834072113,0.08285017311573029,0.43468141555786133,1.4259530305862427,0.16196435689926147,0.06426842510700226,0.5667344331741333,1.7720742225646973,0.517029345035553,0.018174229189753532,0.43949395418167114,1.7689579725265503,0.4994167685508728,0.02322274073958397,0.5699394941329956,1.818989872932434,0.5425863862037659,0.01288165058940649,0.440296471118927,1.8184565305709839,0.5255647897720337,0.03586734086275101,0.5461263656616211,1.8984054327011108,0.26314908266067505,0.0070227161049842834,0.44712087512016296,1.8906224966049194,0.22829744219779968,0.022921143099665642,0.0,0.0,0.0,0.0,0.0,0.0,0.0,0.0,0.0,0.0,0.0,0.0,0.0,0.0,0.0,0.0,0.0,0.0,0.0,0.0,0.0,0.0,0.0,0.0,0.0,0.0,0.0,0.0,0.0,0.0,0.0,0.0,0.0,0.0,0.0,0.0,0.0,0.0,0.0,0.0,0.0,0.0,0.0,0.0,0.0,0.0,0.0,0.0,0.0,0.0,0.0,0.0,0.0,0.0,0.0,0.0,0.0,0.0,0.0,0.0,0.0,0.0,0.0,0.46244189143180847,0.7916240096092224,-2.0284174695461843e-07,0.4766000211238861,0.7464743256568909,0.00043260326492600143,0.49446743726730347,0.716150164604187,-0.0013453139690682292,0.5090916156768799,0.6935691237449646,-0.003762085922062397,0.5153903961181641,0.671744704246521,-0.005634248722344637,0.5251514911651611,0.7520416378974915,-4.333296601544134e-06,0.5363158583641052,0.7485278248786926,-0.000245653121965006,0.52742600440979,0.7484835982322693,-0.0013440399197861552,0.5183613896369934,0.7502639889717102,-0.0024676918983459473,0.5275852680206299,0.7800582647323608,-0.0018699525389820337,0.534136176109314,0.7774196863174438,0.0010551023297011852,0.5252583622932434,0.7758991718292236,0.0014246334321796894,0.5168652534484863,0.7772215604782104,-8.061681728577241e-05,0.5247346758842468,0.8071773052215576,-0.003408447839319706,0.5300884246826172,0.8017419576644897,-0.0006504862103611231,0.5220410227775574,0.7997204661369324,0.001647680881433189,0.5133344531059265,0.8000321984291077,0.001415940118022263,0.5194443464279175,0.8321120738983154,-0.0050171976909041405,0.5251318216323853,0.826645016670227,-0.0023641595616936684,0.5183213353157043,0.8231714367866516,0.001594655099324882,0.511047899723053,0.8227425217628479,0.003975634928792715
0.5043684244155884,0.33856114745140076,-0.7764004468917847,0.9998099207878113,0.5172821283340454,0.2954927682876587,-0.7525396943092346,0.9996618032455444,0.5250545740127563,0.2940947711467743,-0.7526194453239441,0.9996601939201355,0.5308870077133179,0.2932766377925873,-0.7527074813842773,0.9995885491371155,0.4919978678226471,0.2973635494709015,-0.7532632350921631,0.9997159838676453,0.48387813568115234,0.2969566285610199,-0.7533713579177856,0.9997350573539734,0.4761120080947876,0.2979203164577484,-0.7537002563476562,0.9997230768203735,0.5408020615577698,0.306709349155426,-0.5197150707244873,0.9996563196182251,0.4658808410167694,0.3137810528278351,-0.5137298107147217,0.9997955560684204,0.5205700397491455,0.37587493658065796,-0.6819170117378235,0.9999331831932068,0.4889867603778839,0.3783567547798157,-0.6812011003494263,0.9999555945396423,0.6128264665603638,0.5217592716217041,-0.3200474679470062,0.9996898770332336,0.3998825252056122,0.5130519866943359,-0.3106166124343872,0.9998341798782349,0.6651178598403931,0.8124771118164062,-0.2326214760541916,0.9840957522392273,0.33428850769996643,0.7933059930801392,-0.39056143164634705,0.9930235743522644,0.6145409941673279,1.007960557937622,-0.4117714762687683,0.8702369928359985,0.4482256770133972,0.8238222599029541,-0.682689368724823,0.9304215908050537,0.6143410801887512,1.1037007570266724,-0.4689220190048218,0.7523562908172607,0.48825082182884216,0.8336436152458191,-0.7564700245857239,0.8052253723144531,0.5946453213691711,1.0790469646453857,-0.5087241530418396,0.7651661038398743,0.4927517771720886,0.7852417230606079,-0.7554248571395874,0.8181975483894348,0.5898669958114624,1.041640281677246,-0.4296371340751648,0.7630720734596252,0.48186492919921875,0.7784716486930847,-0.6825432181358337,0.8004788756370544,0.5640640258789062,1.0248743295669556,-0.03332249075174332,0.8374019861221313,0.4349786937236786,1.0212244987487793,0.03413578122854233,0.8449110388755798,0.5644327402114868,1.435084581375122,0.0933903381228447,0.0821441188454628,0.43226638436317444,1.4260249137878418,0.1552882045507431,0.06443318724632263,0.5623902082443237,1.7728750705718994,0.5090051293373108,0.018116604536771774,0.436471164226532,1.7692487239837646,0.4873611629009247,0.02327566407620907,0.5653250813484192,1.8199071884155273,0.5340101718902588,0.012781896628439426,0.4371742606163025,1.8187090158462524,0.5132227540016174,0.03598980978131294,0.5414155125617981,1.8987406492233276,0.25495490431785583,0.006956229917705059,0.44334307312965393,1.8910558223724365,0.2158609926700592,0.022990934550762177,0.0,0.0,0.0,0.0,0.0,0.0,0.0,0.0,0.0,0.0,0.0,0.0,0.0,0.0,0.0,0.0,0.0,0.0,0.0,0.0,0.0,0.0,0.0,0.0,0.0,0.0,0.0,0.0,0.0,0.0,0.0,0.0,0.0,0.0,0.0,0.0,0.0,0.0,0.0,0.0,0.0,0.0,0.0,0.0,0.0,0.0,0.0,0.0,0.0,0.0,0.0,0.0,0.0,0.0,0.0,0.0,0.0,0.0,0.0,0.0,0.0,0.0,0.0,0.46222493052482605,0.7925535440444946,-2.0484081630911533e-07,0.4762956500053406,0.7458324432373047,0.0010323539609089494,0.4951496422290802,0.7151628136634827,0.00026893557514995337,0.5098682641983032,0.6930056214332581,-0.0011471393518149853,0.5161319971084595,0.6715076565742493,-0.0020523432176560163,0.5262547731399536,0.7517529726028442,0.0017219114815816283,0.5362808108329773,0.7481516003608704,0.0026541021652519703,0.5278471112251282,0.7479705214500427,0.002376577351242304,0.5187488198280334,0.7495663166046143,0.0017546485178172588,0.5289258360862732,0.7796265482902527,6.272718019317836e-05,0.532958984375,0.7763892412185669,0.0041601709090173244,0.5240966081619263,0.7747017741203308,0.004837724380195141,0.516040027141571,0.7762802243232727,0.00343418400734663,0.5259354710578918,0.8066732287406921,-0.0012391051277518272,0.5288193821907043,0.7999921441078186,0.0024697536136955023,0.5205215811729431,0.797856867313385,0.004536543041467667,0.5120616555213928,0.7981466054916382,0.003996070008724928,0.5205845236778259,0.8313069939613342,-0.002600455190986395,0.5242847204208374,0.8241788744926453,0.0008813705644570291,0.5171121954917908,0.8203226327896118,0.004714191425591707,0.5099695324897766,0.819465160369873,0.006881851237267256
0.5045183300971985,0.33850717544555664,-0.7832359671592712,0.9998095035552979,0.5173771977424622,0.29527726769447327,-0.7583311200141907,0.999661386013031,0.525102972984314,0.29379791021347046,-0.7584189772605896,0.9996592998504639,0.5309186577796936,0.29286617040634155,-0.7584978342056274,0.9995870590209961,0.49212944507598877,0.29738396406173706,-0.7591771483421326,0.9997166395187378,0.4839923679828644,0.2969866096973419,-0.7592743635177612,0.9997360110282898,0.4762047529220581,0.29792943596839905,-0.7595817446708679,0.9997245073318481,0.5408092141151428,0.30638644099235535,-0.5193014740943909,0.9996546506881714,0.4657936096191406,0.3136982321739197,-0.5140188336372375,0.9997953772544861,0.5206790566444397,0.3756084442138672,-0.6867660284042358,0.999932587146759,0.4891180694103241,0.37825602293014526,-0.6861598491668701,0.9999552965164185,0.6125887632369995,0.5218480825424194,-0.32199063897132874,0.9996894001960754,0.39964139461517334,0.5131350159645081,-0.3156864047050476,0.9998313188552856,0.6657501459121704,0.8122127652168274,-0.2348603755235672,0.9841521978378296,0.33432185649871826,0.7930116057395935,-0.3976212739944458,0.9928785562515259,0.6140632033348083,1.0044180154800415,-0.4136962592601776,0.8684178590774536,0.44797179102897644,0.8242304921150208,-0.6927589774131775,0.9294788837432861,0.6125864386558533,1.0982710123062134,-0.4701838195323944,0.7492641806602478,0.4875929653644562,0.8341345191001892,-0.7670913338661194,0.8023610711097717,0.5930324196815491,1.0718343257904053,-0.5107337236404419,0.7619091868400574,0.491936594247818,0.7863091230392456,-0.7657986283302307,0.815274178981781,0.5905587077140808,1.0222244262695312,-0.4317731559276581,0.7603023052215576,0.48113101720809937,0.7796236276626587,-0.6925842761993408,0.7971383929252625,0.5644715428352356,1.0261720418930054,-0.03152807056903839,0.8410250544548035,0.4351118505001068,1.0224887132644653,0.03230854496359825,0.8481786847114563,0.5672520399093628,1.436202049255371,0.09716401994228363,0.08533841371536255,0.4339718222618103,1.4267358779907227,0.15328358113765717,0.06610921770334244,0.5653097033500671,1.7737672328948975,0.5255724787712097,0.01854659430682659,0.43841278553009033,1.769931674003601,0.49413779377937317,0.02365107648074627,0.5681151747703552,1.8206208944320679,0.5518181920051575,0.013331389985978603,0.4391745924949646,1.8195446729660034,0.520675003528595,0.03714917227625847,0.5452031493186951,1.899201512336731,0.2716992497444153,0.0070750899612903595,0.447088360786438,1.8922557830810547,0.221254363656044,0.023469459265470505,0.0,0.0,0.0,0.0,0.0,0.0,0.0,0.0,0.0,0.0,0.0,0.0,0.0,0.0,0.0,0.0,0.0,0.0,0.0,0.0,0.0,0.0,0.0,0.0,0.0,0.0,0.0,0.0,0.0,0.0,0.0,0.0,0.0,0.0,0.0,0.0,0.0,0.0,0.0,0.0,0.0,0.0,0.0,0.0,0.0,0.0,0.0,0.0,0.0,0.0,0.0,0.0,0.0,0.0,0.0,0.0,0.0,0.0,0.0,0.0,0.0,0.0,0.0,0.46290701627731323,0.7925077676773071,-2.0585183335697366e-07,0.4769369661808014,0.7461891174316406,0.0005939203547313809,0.4952442944049835,0.7158777713775635,-0.000958286807872355,0.5098860263824463,0.6938936710357666,-0.0031928771641105413,0.5157766342163086,0.6718199849128723,-0.0049714199267327785,0.5261264443397522,0.7522048950195312,0.0004287844349164516,0.5367507338523865,0.7488486170768738,0.00011027555592590943,0.5280930399894714,0.749093770980835,-0.0011721921619027853,0.519001841545105,0.7508492469787598,-0.002423468278720975,0.5286352038383484,0.7799999713897705,-0.0015199956251308322,0.5335359573364258,0.777575671672821,0.0015168008394539356,0.5244731307029724,0.776267945766449,0.001778345089405775,0.5162953734397888,0.777703583240509,0.0001692445803200826,0.5256604552268982,0.8069698214530945,-0.0031808551866561174,0.5292914509773254,0.8013724684715271,-0.00043570384150370955,0.5209469795227051,0.799245297908783,0.0015847746981307864,0.5124570727348328,0.7994093894958496,0.0011578614357858896,0.520362913608551,0.8317034840583801,-0.004937137942761183,0.5244643092155457,0.8255963921546936,-0.002190068829804659,0.5171712040901184,0.8217650055885315,0.0016118950443342328,0.5098857879638672,0.8210225105285645,0.0038551241159439087
0.5050882697105408,0.33841150999069214,-0.7711822390556335,0.9998103976249695,0.5176160931587219,0.295144259929657,-0.7465692162513733,0.999664843082428,0.5252177119255066,0.29364442825317383,-0.7466413378715515,0.9996618628501892,0.5310476422309875,0.2926623523235321,-0.7467085123062134,0.9995914101600647,0.4924715459346771,0.2974033057689667,-0.7479014992713928,0.9997192025184631,0.48432615399360657,0.2970164120197296,-0.7479993104934692,0.9997377395629883,0.47657477855682373,0.29794788360595703,-0.7483097910881042,0.9997267723083496,0.5409166812896729,0.30617251992225647,-0.5105007290840149,0.9996580481529236,0.4658364951610565,0.31370002031326294,-0.5078253746032715,0.99979567527771,0.5211707949638367,0.37535518407821655,-0.6760384440422058,0.9999333620071411,0.4896637797355652,0.3781244158744812,-0.6761927008628845,0.9999554753303528,0.6124791502952576,0.5219599008560181,-0.3119748532772064,0.9996986985206604,0.39932236075401306,0.513282835483551,-0.3092990517616272,0.9998308420181274,0.6659252643585205,0.8122755289077759,-0.22990038990974426,0.9843787550926208,0.33445021510124207,0.7931839823722839,-0.3944648206233978,0.9927887320518494,0.6140989065170288,1.0051226615905762,-0.4154309034347534,0.8697003722190857,0.44619020819664,0.8223434686660767,-0.6919820308685303,0.9293627738952637,0.6117766499519348,1.0985925197601318,-0.47272348403930664,0.7506869435310364,0.486421138048172,0.833572506904602,-0.7669289112091064,0.8021153211593628,0.5927252173423767,1.0722782611846924,-0.5140185952186584,0.763247549533844,0.49106934666633606,0.7860749363899231,-0.7650620341300964,0.8151571750640869,0.5902785658836365,1.0235135555267334,-0.43396052718162537,0.7618501782417297,0.48018544912338257,0.7786340117454529,-0.6917254328727722,0.7969176769256592,0.56500244140625,1.0278100967407227,-0.027372529730200768,0.8452971577644348,0.4352512061595917,1.023807168006897,0.028146211057901382,0.8520903587341309,0.56832355260849,1.4374897480010986,0.08702065050601959,0.08873434364795685,0.43449243903160095,1.4280381202697754,0.12745846807956696,0.06797440350055695,0.5660412311553955,1.7751251459121704,0.5125914812088013,0.018622105941176414,0.4389026463031769,1.7714412212371826,0.4548892378807068,0.0234813429415226,0.5685388445854187,1.8217332363128662,0.538533627986908,0.013635801151394844,0.43956321477890015,1.8209803104400635,0.47986891865730286,0.03713530674576759,0.546625554561615,1.900636076927185,0.25929272174835205,0.007094736211001873,0.44877558946609497,1.8944703340530396,0.17899270355701447,0.02341681532561779,0.0,0.0,0.0,0.0,0.0,0.0,0.0,0.0,0.0,0.0,0.0,0.0,0.0,0.0,0.0,0.0,0.0,0.0,0.0,0.0,0.0,0.0,0.0,0.0,0.0,0.0,0.0,0.0,0.0,0.0,0.0,0.0,0.0,0.0,0.0,0.0,0.0,0.0,0.0,0.0,0.0,0.0,0.0,0.0,0.0,0.0,0.0,0.0,0.0,0.0,0.0,0.0,0.0,0.0,0.0,0.0,0.0,0.0,0.0,0.0,0.0,0.0,0.0,0.46172598004341125,0.7910609841346741,-2.0073211715043726e-07,0.4768286645412445,0.7450888752937317,0.00019674755458254367,0.4951532781124115,0.715180516242981,-0.001328687067143619,0.5098970532417297,0.6943954229354858,-0.0035017679911106825,0.5166983604431152,0.6732708215713501,-0.005068821366876364,0.5267585515975952,0.7522634267807007,0.000917755882255733,0.5376409888267517,0.7485813498497009,0.0008593928068876266,0.5291591882705688,0.7483525276184082,-1.594230161572341e-05,0.5199887156486511,0.7492116689682007,-0.0008964044391177595,0.5292873382568359,0.7802539467811584,-0.0008115388918668032,0.5338051319122314,0.7769453525543213,0.0022735821548849344,0.524972677230835,0.774828314781189,0.002582140965387225,0.5164927244186401,0.7753761410713196,0.001140102045610547,0.526282787322998,0.8071537017822266,-0.0023571299389004707,0.529064416885376,0.8007228374481201,0.00042905707960017025,0.5208893418312073,0.7981756329536438,0.0022586637642234564,0.5122020244598389,0.7980140447616577,0.0018214891897514462,0.5207715034484863,0.8315763473510742,-0.004093392286449671,0.5241810083389282,0.824771523475647,-0.0011582138249650598,0.517073392868042,0.8201939463615417,0.0025328591000288725,0.5097294449806213,0.8188936114311218,0.004765719641000032
0.5054581165313721,0.3384445011615753,-0.7568117380142212,0.9998070597648621,0.5177932977676392,0.29537534713745117,-0.7323071956634521,0.9996609687805176,0.5253098607063293,0.2940390706062317,-0.7323852181434631,0.9996574521064758,0.5311582088470459,0.2932843863964081,-0.7324538826942444,0.9995884299278259,0.49269232153892517,0.2975351810455322,-0.7333407998085022,0.999714732170105,0.48454219102859497,0.2972165644168854,-0.733404815196991,0.9997326135635376,0.47679826617240906,0.2981454133987427,-0.7337116003036499,0.9997219443321228,0.5410066246986389,0.30694398283958435,-0.49954113364219666,0.9996554255485535,0.4657811224460602,0.31393149495124817,-0.4965260922908783,0.9997913241386414,0.5213710069656372,0.3757230043411255,-0.6624354720115662,0.9999331831932068,0.4898400604724884,0.37817248702049255,-0.6622641086578369,0.9999547600746155,0.6124036312103271,0.522205650806427,-0.30392947793006897,0.9997025728225708,0.3988473117351532,0.5135536193847656,-0.2963514029979706,0.9998260736465454,0.66576087474823,0.8105869889259338,-0.22046901285648346,0.9844271540641785,0.3344585597515106,0.7945298552513123,-0.38710883259773254,0.9927765727043152,0.6132656335830688,1.0049210786819458,-0.397500216960907,0.871941328048706,0.4463256895542145,0.8216732740402222,-0.691737711429596,0.9284152388572693,0.612705409526825,1.1037935018539429,-0.4541197717189789,0.7538594603538513,0.48622411489486694,0.8318561911582947,-0.7675547003746033,0.8002555966377258,0.5924355387687683,1.0779093503952026,-0.49462106823921204,0.7663692235946655,0.4910648465156555,0.7845889329910278,-0.7664724588394165,0.8136067986488342,0.5886157155036926,1.041000485420227,-0.41564497351646423,0.7650756239891052,0.48009827733039856,0.777676522731781,-0.6922184228897095,0.795768141746521,0.5654171109199524,1.0287996530532837,-0.028308136388659477,0.845309317111969,0.43552258610725403,1.0243918895721436,0.029140165075659752,0.8504509329795837,0.5666395425796509,1.4385086297988892,0.07907918095588684,0.0869096890091896,0.4323224425315857,1.4304640293121338,0.12189628183841705,0.06742502748966217,0.5636163353919983,1.7774149179458618,0.499561607837677,0.017793845385313034,0.4369330108165741,1.7748332023620605,0.4410077631473541,0.02252582274377346,0.5663089156150818,1.824127435684204,0.5248813033103943,0.013046608306467533,0.4374504089355469,1.8244173526763916,0.4654412567615509,0.03574173152446747,0.5435197353363037,1.9046515226364136,0.246225506067276,0.006773752626031637,0.4472675025463104,1.898987054824829,0.1653856337070465,0.022572185844182968,0.0,0.0,0.0,0.0,0.0,0.0,0.0,0.0,0.0,0.0,0.0,0.0,0.0,0.0,0.0,0.0,0.0,0.0,0.0,0.0,0.0,0.0,0.0,0.0,0.0,0.0,0.0,0.0,0.0,0.0,0.0,0.0,0.0,0.0,0.0,0.0,0.0,0.0,0.0,0.0,0.0,0.0,0.0,0.0,0.0,0.0,0.0,0.0,0.0,0.0,0.0,0.0,0.0,0.0,0.0,0.0,0.0,0.0,0.0,0.0,0.0,0.0,0.0,0.4615935683250427,0.7917364835739136,-2.02447225206015e-07,0.4770033359527588,0.7456451654434204,0.00037318948307074606,0.4953933656215668,0.7154396772384644,-0.0010895952582359314,0.5101485848426819,0.6943113207817078,-0.0032182703725993633,0.5171632170677185,0.6733213067054749,-0.004736981354653835,0.5268685817718506,0.7525008916854858,0.0010589978192001581,0.537700355052948,0.7490445971488953,0.0012332545593380928,0.5290820598602295,0.7489548325538635,0.0005629591178148985,0.5197846293449402,0.7497833371162415,-0.00016919556946959347,0.5295170545578003,0.7808863520622253,-0.0006191557040438056,0.5332358479499817,0.7775627970695496,0.0027615444269031286,0.5242718458175659,0.7756410241127014,0.0031460777390748262,0.5158961415290833,0.7764899134635925,0.001699055195786059,0.5264614820480347,0.8079663515090942,-0.002063487656414509,0.5286287069320679,0.8012337684631348,0.0010223007993772626,0.5204097032546997,0.7988400459289551,0.002851088298484683,0.5117383003234863,0.7988277077674866,0.002344295149669051,0.5209710597991943,0.8324223160743713,-0.0036801996175199747,0.5240529775619507,0.8253834843635559,-0.0005397509085014462,0.5169587731361389,0.8208984732627869,0.00318652531132102,0.5097333788871765,0.8196555376052856,0.005425712559372187
0.5054614543914795,0.338144987821579,-0.7618933320045471,0.9997991323471069,0.5179212689399719,0.295345276594162,-0.7348620891571045,0.9996483325958252,0.5253642201423645,0.2939985394477844,-0.7350103259086609,0.9996458292007446,0.5312538743019104,0.29330745339393616,-0.7350638508796692,0.9995774626731873,0.49280598759651184,0.2972535192966461,-0.7360341548919678,0.9997010231018066,0.4846477806568146,0.2967566251754761,-0.7360512614250183,0.9997193217277527,0.47693300247192383,0.2973213791847229,-0.7363311648368835,0.9997081160545349,0.5412992238998413,0.30736345052719116,-0.4959712624549866,0.9996469020843506,0.46598300337791443,0.31327393651008606,-0.4894145429134369,0.9997813105583191,0.5211272835731506,0.3755631148815155,-0.6630178689956665,0.9999322295188904,0.4895694851875305,0.37768110632896423,-0.6630262136459351,0.9999535083770752,0.6126658320426941,0.522567868232727,-0.30887189507484436,0.999708890914917,0.3992560803890228,0.5139525532722473,-0.30590370297431946,0.9998220205307007,0.6651673913002014,0.8117011785507202,-0.2510301470756531,0.9847461581230164,0.3352566957473755,0.7964468002319336,-0.3992586135864258,0.992845892906189,0.6118312478065491,1.009415864944458,-0.4325093626976013,0.8732624053955078,0.4473819136619568,0.8234714865684509,-0.7074060440063477,0.9275413751602173,0.6107584834098816,1.109004020690918,-0.49176084995269775,0.7546740770339966,0.48684170842170715,0.8332327008247375,-0.783754289150238,0.7976611852645874,0.5901840925216675,1.085020661354065,-0.5317149758338928,0.7671906352043152,0.4917638897895813,0.7857343554496765,-0.7818682193756104,0.8110843300819397,0.5877155661582947,1.049460530281067,-0.450454443693161,0.7661930322647095,0.4806972146034241,0.7792879343032837,-0.7075805068016052,0.7936786413192749,0.5654543042182922,1.0302263498306274,-0.02889179438352585,0.8469168543815613,0.4359818994998932,1.025118350982666,0.029757196083664894,0.8505297303199768,0.5677915811538696,1.4414565563201904,0.09227742999792099,0.08287719637155533,0.43142175674438477,1.4335721731185913,0.1450124830007553,0.06525576859712601,0.5633919835090637,1.7800501585006714,0.5369582772254944,0.016772843897342682,0.43533387780189514,1.7786543369293213,0.4990484118461609,0.021279091015458107,0.5659913420677185,1.826404333114624,0.5645010471343994,0.012333143502473831,0.4357322156429291,1.8281160593032837,0.5266290903091431,0.03398098424077034,0.542573094367981,1.9109700918197632,0.2832293212413788,0.006386276334524155,0.4451577365398407,1.9044991731643677,0.22406482696533203,0.021363859996199608,0.0,0.0,0.0,0.0,0.0,0.0,0.0,0.0,0.0,0.0,0.0,0.0,0.0,0.0,0.0,0.0,0.0,0.0,0.0,0.0,0.0,0.0,0.0,0.0,0.0,0.0,0.0,0.0,0.0,0.0,0.0,0.0,0.0,0.0,0.0,0.0,0.0,0.0,0.0,0.0,0.0,0.0,0.0,0.0,0.0,0.0,0.0,0.0,0.0,0.0,0.0,0.0,0.0,0.0,0.0,0.0,0.0,0.0,0.0,0.0,0.0,0.0,0.0,0.4621877670288086,0.7919936776161194,-1.984177799840836e-07,0.4773401916027069,0.746645450592041,0.0008020111708901823,0.49588513374328613,0.7165275812149048,-0.0003606783284340054,0.5104020833969116,0.6947735548019409,-0.0022972829174250364,0.5167292356491089,0.6731947660446167,-0.0036733488086611032,0.5268457531929016,0.7527498602867126,0.0018927891505882144,0.5378420948982239,0.7490023374557495,0.00225741951726377,0.5297691822052002,0.7490501999855042,0.0017083673737943172,0.5208007097244263,0.7500377893447876,0.0010571787133812904,0.5292437672615051,0.7804414629936218,4.505488686845638e-05,0.534160315990448,0.7771852016448975,0.0034634016919881105,0.5254462957382202,0.7751488089561462,0.0038984878920018673,0.5171502828598022,0.7758477926254272,0.002528582001104951,0.5261836647987366,0.8073778748512268,-0.001580169191583991,0.5297614336013794,0.8006499409675598,0.0015389054315164685,0.5215592980384827,0.798229992389679,0.0033894742373377085,0.5129841566085815,0.798226535320282,0.00292425649240613,0.5206783413887024,0.8319994211196899,-0.003319774754345417,0.5250407457351685,0.8247096538543701,-0.00013721827417612076,0.5181676745414734,0.8202985525131226,0.0035855169408023357,0.511092483997345,0.8192389011383057,0.00578156067058444
0.5054988265037537,0.33752089738845825,-0.7430869340896606,0.9997918605804443,0.5180503726005554,0.29519426822662354,-0.7185015082359314,0.9996358156204224,0.5254126191139221,0.29386764764785767,-0.7185919880867004,0.9996334910392761,0.5313038229942322,0.29309529066085815,-0.7186605334281921,0.9995654225349426,0.49294862151145935,0.2967180013656616,-0.719386875629425,0.999687910079956,0.4848131239414215,0.29611942172050476,-0.7194311022758484,0.9997068047523499,0.47711849212646484,0.2965075969696045,-0.7197319865226746,0.9996956586837769,0.541425347328186,0.30752867460250854,-0.4837351143360138,0.9996371865272522,0.466081827878952,0.31271007657051086,-0.4783269166946411,0.9997714757919312,0.5209554433822632,0.37535470724105835,-0.6493103504180908,0.9999311566352844,0.48932743072509766,0.3768461048603058,-0.6487683057785034,0.9999522566795349,0.6123573184013367,0.5225082039833069,-0.29936397075653076,0.9997152090072632,0.39967939257621765,0.5142024755477905,-0.2875511944293976,0.9998164772987366,0.6651046276092529,0.8103693127632141,-0.22512885928153992,0.9849883913993835,0.3357997536659241,0.7968486547470093,-0.38238611817359924,0.9928009510040283,0.6119585633277893,1.0097895860671997,-0.40628498792648315,0.8765270709991455,0.4479781687259674,0.8244075775146484,-0.6839202046394348,0.9272915720939636,0.6130096316337585,1.111028790473938,-0.4642269015312195,0.7592127919197083,0.4874432384967804,0.8339943289756775,-0.7595602869987488,0.7969808578491211,0.5913611054420471,1.0875211954116821,-0.5057685375213623,0.7718167901039124,0.4919210970401764,0.7865940928459167,-0.7573559284210205,0.8105736374855042,0.5879504084587097,1.0494438409805298,-0.42487606406211853,0.7710154056549072,0.48083364963531494,0.78030925989151,-0.6839797496795654,0.7938113808631897,0.56559157371521,1.0310702323913574,-0.027549726888537407,0.8469241857528687,0.43608495593070984,1.0257123708724976,0.02841859497129917,0.848690927028656,0.5687340497970581,1.4429391622543335,0.08106134086847305,0.07954197376966476,0.4313732087612152,1.4345779418945312,0.12160098552703857,0.06364720314741135,0.5649462342262268,1.782081961631775,0.5062063336372375,0.015829093754291534,0.43599116802215576,1.7795872688293457,0.44183793663978577,0.020147759467363358,0.5675359964370728,1.8284014463424683,0.531865119934082,0.01164971198886633,0.4363068640232086,1.8292661905288696,0.4661111831665039,0.03213629126548767,0.5447868704795837,1.9122995138168335,0.25407928228378296,0.006036350037902594,0.447579950094223,1.9063884019851685,0.16640132665634155,0.020316610112786293,0.0,0.0,0.0,0.0,0.0,0.0,0.0,0.0,0.0,0.0,0.0,0.0,0.0,0.0,0.0,0.0,0.0,0.0,0.0,0.0,0.0,0.0,0.0,0.0,0.0,0.0,0.0,0.0,0.0,0.0,0.0,0.0,0.0,0.0,0.0,0.0,0.0,0.0,0.0,0.0,0.0,0.0,0.0,0.0,0.0,0.0,0.0,0.0,0.0,0.0,0.0,0.0,0.0,0.0,0.0,0.0,0.0,0.0,0.0,0.0,0.0,0.0,0.0,0.4631163775920868,0.7925569415092468,-2.0353265028916212e-07,0.4777134656906128,0.7471925020217896,0.0007928269915282726,0.49590378999710083,0.7173046469688416,-0.0006003059097565711,0.5103863477706909,0.6950320601463318,-0.0026784278452396393,0.5164604783058167,0.6728131771087646,-0.004232438746839762,0.5275286436080933,0.7516442537307739,0.0008922074339352548,0.5367461442947388,0.7511540055274963,0.0015461023431271315,0.5284897685050964,0.7526200413703918,0.0012579034082591534,0.5198329091072083,0.7534140348434448,0.0006090014358051121,0.530282735824585,0.7794684767723083,-0.0010198211530223489,0.5326290726661682,0.779987633228302,0.002816692227497697,0.5235399603843689,0.7787542343139648,0.0032961154356598854,0.5154901146888733,0.7787123322486877,0.0017362273065373302,0.5271388292312622,0.8068748116493225,-0.0025512126740068197,0.5281900763511658,0.8035352230072021,0.0009674925822764635,0.5196796655654907,0.8017686009407043,0.0029079890809953213,0.5113644003868103,0.8009878993034363,0.0022528900299221277,0.5215059518814087,0.8318967819213867,-0.004209870006889105,0.5234836339950562,0.8278850317001343,-0.0008171680965460837,0.5160234570503235,0.8241779804229736,0.0029636253602802753,0.5089438557624817,0.8224257826805115,0.005098392255604267
0.505699872970581,0.33727264404296875,-0.742470383644104,0.9997827410697937,0.5181928277015686,0.29513850808143616,-0.7188012003898621,0.9996170401573181,0.5254823565483093,0.2938379645347595,-0.718878448009491,0.9996153116226196,0.53140789270401,0.29314014315605164,-0.7189592123031616,0.9995439648628235,0.493193656206131,0.2965629994869232,-0.7199445962905884,0.9996728301048279,0.4850868880748749,0.2959120273590088,-0.7200076580047607,0.9996947646141052,0.4774186313152313,0.2961800694465637,-0.7203204035758972,0.9996849894523621,0.5416489839553833,0.3078440725803375,-0.4820210337638855,0.9996181130409241,0.4662708044052124,0.31242653727531433,-0.4786979854106903,0.9997625946998596,0.5210091471672058,0.3752908408641815,-0.6495513916015625,0.9999279975891113,0.48959964513778687,0.37640517950057983,-0.6493760943412781,0.9999504089355469,0.6124737858772278,0.5224939584732056,-0.2976802587509155,0.9997100234031677,0.39986875653266907,0.5143818855285645,-0.2962858974933624,0.9998081922531128,0.6652409434318542,0.8110793232917786,-0.2258090227842331,0.9849634170532227,0.33660855889320374,0.7970550060272217,-0.38809746503829956,0.9928367733955383,0.6121405363082886,1.0116913318634033,-0.4049975275993347,0.8783592581748962,0.44942954182624817,0.8235063552856445,-0.6870378851890564,0.9262984395027161,0.6128875017166138,1.1117385625839233,-0.4617210030555725,0.7617605328559875,0.48853638768196106,0.8331493735313416,-0.7620553970336914,0.7947492003440857,0.5912290215492249,1.0898363590240479,-0.5029405951499939,0.7744615077972412,0.49310302734375,0.7858911752700806,-0.7590402960777283,0.8085107207298279,0.5885032415390015,1.0495623350143433,-0.4233432114124298,0.7738889455795288,0.4822291135787964,0.7793355584144592,-0.6866220831871033,0.792109489440918,0.565636932849884,1.0308516025543213,-0.025306405499577522,0.8431524038314819,0.4362335801124573,1.025943636894226,0.026145469397306442,0.843575119972229,0.567379891872406,1.4435045719146729,0.08740726113319397,0.07554083317518234,0.4292750060558319,1.4348915815353394,0.11773714423179626,0.06147615611553192,0.562814474105835,1.7830348014831543,0.5018049478530884,0.014838670380413532,0.4334736764431,1.7802433967590332,0.4327237010002136,0.01906942017376423,0.5650994777679443,1.8292162418365479,0.5267502665519714,0.01091707032173872,0.43370306491851807,1.829749345779419,0.4564230740070343,0.03014545887708664,0.5424633622169495,1.91334068775177,0.2494536191225052,0.0056769829243421555,0.44540631771087646,1.9070079326629639,0.15698376297950745,0.019199451431632042,0.0,0.0,0.0,0.0,0.0,0.0,0.0,0.0,0.0,0.0,0.0,0.0,0.0,0.0,0.0,0.0,0.0,0.0,0.0,0.0,0.0,0.0,0.0,0.0,0.0,0.0,0.0,0.0,0.0,0.0,0.0,0.0,0.0,0.0,0.0,0.0,0.0,0.0,0.0,0.0,0.0,0.0,0.0,0.0,0.0,0.0,0.0,0.0,0.0,0.0,0.0,0.0,0.0,0.0,0.0,0.0,0.0,0.0,0.0,0.0,0.0,0.0,0.0,0.4645214378833771,0.7917215824127197,-2.0327222216565133e-07,0.4785950779914856,0.7460619807243347,0.0006303683039732277,0.496431440114975,0.7163233757019043,-0.0009104030905291438,0.5105656981468201,0.6941578984260559,-0.003139413194730878,0.5167492628097534,0.6720628142356873,-0.0048914444632828236,0.5289161801338196,0.7532618045806885,0.0010560259688645601,0.5363956093788147,0.752370297908783,0.0018000486306846142,0.5281107425689697,0.7539520859718323,0.0011328707914799452,0.5195026397705078,0.7549368143081665,0.00013283408770803362,0.5316604375839233,0.7808536291122437,-0.000798600900452584,0.5313823819160461,0.782224714756012,0.0033552548848092556,0.5223192572593689,0.7808183431625366,0.0036362214013934135,0.5146348476409912,0.7803769111633301,0.0017640701262280345,0.5280343890190125,0.8079783320426941,-0.002275930717587471,0.527044415473938,0.805030345916748,0.0016924061346799135,0.5186473727226257,0.803024172782898,0.0036649119574576616,0.5107285380363464,0.8016561269760132,0.002835925668478012,0.5218600630760193,0.8326048254966736,-0.003960762172937393,0.5223620533943176,0.8289788365364075,-0.00026419831556268036,0.5150567293167114,0.8250666856765747,0.0036329361610114574,0.5083569884300232,0.8227277398109436,0.005753153469413519
0.5058371424674988,0.3369501531124115,-0.7434701919555664,0.9997794032096863,0.5183390378952026,0.29503336548805237,-0.7185570001602173,0.9996089339256287,0.5255571603775024,0.2937774062156677,-0.7186514735221863,0.9996084570884705,0.5315160155296326,0.293075829744339,-0.7187187075614929,0.9995366930961609,0.49338260293006897,0.29641324281692505,-0.7200186848640442,0.9996653199195862,0.48528987169265747,0.29577308893203735,-0.7200546264648438,0.9996882677078247,0.4776098430156708,0.2960207164287567,-0.7203623652458191,0.9996783137321472,0.5418069362640381,0.3079511225223541,-0.4841323792934418,0.999610960483551,0.46630939841270447,0.3123471438884735,-0.47875720262527466,0.999756932258606,0.5211102366447449,0.3751573860645294,-0.64959317445755,0.9999270439147949,0.48974254727363586,0.3758407235145569,-0.6498270630836487,0.9999496340751648,0.6125470995903015,0.5224562287330627,-0.30079126358032227,0.9997093081474304,0.4000309705734253,0.5145294070243835,-0.3004792630672455,0.9998036623001099,0.665004312992096,0.8123900294303894,-0.22697009146213531,0.9849297404289246,0.3374389111995697,0.7968363165855408,-0.39059606194496155,0.9928140044212341,0.6117028594017029,1.0108487606048584,-0.4083004295825958,0.8802837133407593,0.44887208938598633,0.822191059589386,-0.6868200898170471,0.9255893230438232,0.6129528880119324,1.1127864122390747,-0.4653909504413605,0.7651486396789551,0.4879753291606903,0.8326353430747986,-0.762068510055542,0.7933222651481628,0.5913307666778564,1.0906513929367065,-0.5077123641967773,0.7779581546783447,0.4923402965068817,0.78523188829422,-0.7593413591384888,0.807198166847229,0.5881935358047485,1.0492979288101196,-0.4272146224975586,0.7774659395217896,0.48140186071395874,0.7785158157348633,-0.6865400671958923,0.791252076625824,0.5657042860984802,1.0303897857666016,-0.02331213280558586,0.8393029570579529,0.4362427294254303,1.0259108543395996,0.024165544658899307,0.8388280868530273,0.567055881023407,1.4435940980911255,0.09194912761449814,0.07230383157730103,0.42844846844673157,1.434893250465393,0.11560434848070145,0.059755291789770126,0.563052237033844,1.7835400104522705,0.4984007775783539,0.014163386076688766,0.4330488443374634,1.781160593032837,0.42377278208732605,0.018296143040060997,0.5651875138282776,1.8298275470733643,0.5226108431816101,0.0103702861815691,0.4332309663295746,1.8307113647460938,0.446664035320282,0.028519662097096443,0.5433973073959351,1.9145152568817139,0.24526715278625488,0.0054451595060527325,0.4460504949092865,1.9072407484054565,0.14756368100643158,0.0183902308344841,0.0,0.0,0.0,0.0,0.0,0.0,0.0,0.0,0.0,0.0,0.0,0.0,0.0,0.0,0.0,0.0,0.0,0.0,0.0,0.0,0.0,0.0,0.0,0.0,0.0,0.0,0.0,0.0,0.0,0.0,0.0,0.0,0.0,0.0,0.0,0.0,0.0,0.0,0.0,0.0,0.0,0.0,0.0,0.0,0.0,0.0,0.0,0.0,0.0,0.0,0.0,0.0,0.0,0.0,0.0,0.0,0.0,0.0,0.0,0.0,0.0,0.0,0.0,0.4631073772907257,0.7925201654434204,-1.8965947390370275e-07,0.4780650734901428,0.7460259199142456,0.0008390891598537564,0.4959883391857147,0.7163890600204468,-0.00032230623764917254,0.5104720592498779,0.6949580311775208,-0.00219567958265543,0.5172560214996338,0.6737915277481079,-0.003484961111098528,0.5276153087615967,0.7534001469612122,0.0021665706299245358,0.5377823114395142,0.7500260472297668,0.0034949094988405704,0.5304898023605347,0.7505226731300354,0.003581003751605749,0.5219687223434448,0.7513522505760193,0.0032260094303637743,0.5305379033088684,0.7813447713851929,0.0004853305290453136,0.5331206321716309,0.7788329720497131,0.004907826893031597,0.5247970819473267,0.7768556475639343,0.0054793632589280605,0.516853928565979,0.7770726680755615,0.003998902626335621,0.5274220108985901,0.8081862330436707,-0.0008958692196756601,0.5289601683616638,0.8023947477340698,0.0031834403052926064,0.5210326313972473,0.7998625040054321,0.00493207573890686,0.512656033039093,0.799180269241333,0.0041145384311676025,0.521757960319519,0.8324418067932129,-0.0024448649492114782,0.523852527141571,0.826524555683136,0.0013491562567651272,0.5171561241149902,0.8223849534988403,0.0049345544539391994,0.5103600025177002,0.8207876086235046,0.006907090079039335
0.5064120888710022,0.33680254220962524,-0.7472966313362122,0.9997732639312744,0.5185664892196655,0.2949613928794861,-0.7221887111663818,0.9995959401130676,0.525680661201477,0.2937666177749634,-0.7222893834114075,0.9995967149734497,0.5316910147666931,0.2931210994720459,-0.7223539352416992,0.9995230436325073,0.49367791414260864,0.2964620292186737,-0.7240408062934875,0.9996539950370789,0.48557552695274353,0.2958785593509674,-0.7240792512893677,0.9996786117553711,0.4778752624988556,0.2961668372154236,-0.7243836522102356,0.999668300151825,0.5419365763664246,0.30798617005348206,-0.48498785495758057,0.9995986819267273,0.4662432074546814,0.3123703598976135,-0.4826216995716095,0.9997494220733643,0.5216044783592224,0.37500640749931335,-0.6531673073768616,0.9999251365661621,0.49034082889556885,0.3756164014339447,-0.6538389325141907,0.9999484419822693,0.6124188899993896,0.5223938822746277,-0.3061094880104065,0.9997133612632751,0.39987674355506897,0.5146914720535278,-0.30438631772994995,0.9998020529747009,0.6648289561271667,0.8120002746582031,-0.23679566383361816,0.9849122762680054,0.33797314763069153,0.7978262305259705,-0.3924155831336975,0.9927330613136292,0.6112452745437622,1.0079882144927979,-0.4253060221672058,0.8809460401535034,0.4484957456588745,0.8217974901199341,-0.6877737641334534,0.924074113368988,0.6113599538803101,1.1092197895050049,-0.48459815979003906,0.7664410471916199,0.48751309514045715,0.832159161567688,-0.7628047466278076,0.7902831435203552,0.5896051526069641,1.086442232131958,-0.5275564193725586,0.7793431878089905,0.49177488684654236,0.7846870422363281,-0.7609867453575134,0.8043342232704163,0.5882588028907776,1.0472888946533203,-0.4448417127132416,0.779424786567688,0.48100095987319946,0.7780171036720276,-0.6877384781837463,0.7892370820045471,0.5657411813735962,1.0296741724014282,-0.022434081882238388,0.8378294110298157,0.4363151788711548,1.0259902477264404,0.02330157905817032,0.8369036316871643,0.5690731406211853,1.4434813261032104,0.09622346609830856,0.06796308606863022,0.42940863966941833,1.4344302415847778,0.12213633954524994,0.05674886703491211,0.5649797320365906,1.7837409973144531,0.5097569227218628,0.013186633586883545,0.43405893445014954,1.7806835174560547,0.4367268681526184,0.017068710178136826,0.5671018958091736,1.8300106525421143,0.534862220287323,0.009770896285772324,0.4339590072631836,1.8302035331726074,0.46042993664741516,0.026623351499438286,0.5455211997032166,1.914137363433838,0.25940802693367004,0.005083062686026096,0.4476293921470642,1.9053173065185547,0.1620328426361084,0.01719249226152897,0.0,0.0,0.0,0.0,0.0,0.0,0.0,0.0,0.0,0.0,0.0,0.0,0.0,0.0,0.0,0.0,0.0,0.0,0.0,0.0,0.0,0.0,0.0,0.0,0.0,0.0,0.0,0.0,0.0,0.0,0.0,0.0,0.0,0.0,0.0,0.0,0.0,0.0,0.0,0.0,0.0,0.0,0.0,0.0,0.0,0.0,0.0,0.0,0.0,0.0,0.0,0.0,0.0,0.0,0.0,0.0,0.0,0.0,0.0,0.0,0.0,0.0,0.0,0.4635879099369049,0.7922434210777283,-1.923663432989997e-07,0.4784689247608185,0.746161162853241,0.0010639403481036425,0.4964592754840851,0.7164505124092102,4.970009103999473e-05,0.5106892585754395,0.6948274374008179,-0.001697356696240604,0.5171717405319214,0.6736137270927429,-0.0029013268649578094,0.5281374454498291,0.753135085105896,0.00206567975692451,0.5376293659210205,0.7506057620048523,0.0035057314671576023,0.5300484895706177,0.7515532970428467,0.0036787809804081917,0.5214845538139343,0.7522478103637695,0.003354734741151333,0.5309860110282898,0.7809738516807556,0.00033821925171650946,0.5330356359481812,0.7796581983566284,0.004922740161418915,0.5245162844657898,0.7779763340950012,0.005596649833023548,0.5165738463401794,0.7779372930526733,0.004129151813685894,0.5277528166770935,0.8079130053520203,-0.0010251487838104367,0.5287200212478638,0.8031943440437317,0.0032909626606851816,0.5206403732299805,0.8009052872657776,0.005147488322108984,0.5123515129089355,0.7999942302703857,0.004306498449295759,0.5219258069992065,0.8322250247001648,-0.0025412982795387506,0.5234810709953308,0.8272901773452759,0.0014574927045032382,0.5165556073188782,0.8231454491615295,0.005137292202562094,0.509749174118042,0.8212601542472839,0.0071057542227208614
0.5061785578727722,0.33686015009880066,-0.7556859850883484,0.9997715353965759,0.5185778737068176,0.2949577867984772,-0.7310202121734619,0.9995914697647095,0.5256820917129517,0.29377058148384094,-0.7311181426048279,0.9995934963226318,0.5316401124000549,0.29321569204330444,-0.7311795949935913,0.9995191693305969,0.49359461665153503,0.2967606484889984,-0.732507050037384,0.999649703502655,0.48544999957084656,0.29624634981155396,-0.7325523495674133,0.9996747970581055,0.4777154326438904,0.2966483533382416,-0.7328578233718872,0.9996631741523743,0.541844367980957,0.30811065435409546,-0.48923614621162415,0.9995952844619751,0.46614453196525574,0.3127690851688385,-0.4877666234970093,0.9997463822364807,0.5214630961418152,0.37486499547958374,-0.6613798141479492,0.99992436170578,0.49004411697387695,0.37566545605659485,-0.6616436839103699,0.9999478459358215,0.6123711466789246,0.5223249793052673,-0.3121923804283142,0.9997161030769348,0.3999832570552826,0.5148035287857056,-0.3055906593799591,0.9998012185096741,0.6647428870201111,0.8104777336120605,-0.23135343194007874,0.9849030375480652,0.33765047788619995,0.7975175976753235,-0.3892539441585541,0.9925837516784668,0.6121715307235718,1.0070570707321167,-0.4152418375015259,0.8820987939834595,0.44780653715133667,0.8220236897468567,-0.6850359439849854,0.922372579574585,0.6128025650978088,1.1071274280548096,-0.47327056527137756,0.7684148550033569,0.4871580898761749,0.8326458930969238,-0.7596669793128967,0.7870311737060547,0.5911904573440552,1.0846619606018066,-0.5163368582725525,0.7813872694969177,0.49130773544311523,0.7854140996932983,-0.7585251927375793,0.8012461066246033,0.5893605947494507,1.043381690979004,-0.43463030457496643,0.7816252708435059,0.48048755526542664,0.7786334156990051,-0.6851648092269897,0.7869563698768616,0.5661618113517761,1.029456615447998,-0.02426753379404545,0.8345117568969727,0.43649494647979736,1.0260334014892578,0.025164194405078888,0.8335394859313965,0.5701904296875,1.4436177015304565,0.09143306314945221,0.06468389928340912,0.43067845702171326,1.4347419738769531,0.1243588998913765,0.05442875251173973,0.5666389465332031,1.7848920822143555,0.49461618065834045,0.01248044241219759,0.43524500727653503,1.7825846672058105,0.4327366054058075,0.01619909331202507,0.5689326524734497,1.8316385746002197,0.5184345841407776,0.00931695755571127,0.43513476848602295,1.832739233970642,0.45578935742378235,0.025296526029706,0.5470590591430664,1.9150933027267456,0.24169403314590454,0.004825223237276077,0.44844791293144226,1.9063352346420288,0.15724259614944458,0.016387732699513435,0.0,0.0,0.0,0.0,0.0,0.0,0.0,0.0,0.0,0.0,0.0,0.0,0.0,0.0,0.0,0.0,0.0,0.0,0.0,0.0,0.0,0.0,0.0,0.0,0.0,0.0,0.0,0.0,0.0,0.0,0.0,0.0,0.0,0.0,0.0,0.0,0.0,0.0,0.0,0.0,0.0,0.0,0.0,0.0,0.0,0.0,0.0,0.0,0.0,0.0,0.0,0.0,0.0,0.0,0.0,0.0,0.0,0.0,0.0,0.0,0.0,0.0,0.0,0.4626743197441101,0.7922119498252869,-1.904333544189285e-07,0.47819602489471436,0.7463110685348511,0.0006544640054926276,0.49630704522132874,0.7165881991386414,-0.0006194370798766613,0.510786771774292,0.6951555609703064,-0.002573378151282668,0.5175356864929199,0.6739121079444885,-0.003897515358403325,0.5271495580673218,0.7535342574119568,0.0015478481072932482,0.538065493106842,0.7506262063980103,0.002575549529865384,0.530491292476654,0.7507522106170654,0.002710831817239523,0.5216906070709229,0.7510550022125244,0.0024770500604063272,0.5297491550445557,0.7813628315925598,-5.867879735887982e-05,0.5336129665374756,0.7792789340019226,0.003945620264858007,0.5250740051269531,0.7771622538566589,0.004632864147424698,0.5169191360473633,0.7770531177520752,0.003315146779641509,0.5266507267951965,0.8081288933753967,-0.0013694771332666278,0.5291734933853149,0.8028842210769653,0.00232686591334641,0.521073579788208,0.8004145622253418,0.004238640423864126,0.5125046968460083,0.799646258354187,0.0036335745826363564,0.5210598111152649,0.8323610424995422,-0.002828636672347784,0.5242972373962402,0.827079176902771,0.000744291057344526,0.5174221992492676,0.8228867053985596,0.004470583982765675,0.5104238986968994,0.8212465047836304,0.006586664821952581
0.5068603754043579,0.33688968420028687,-0.7478761076927185,0.999771237373352,0.5187706351280212,0.29495543241500854,-0.7236027121543884,0.999591052532196,0.5257909893989563,0.293772429227829,-0.7236765027046204,0.9995938539505005,0.5317761301994324,0.29326796531677246,-0.7237350344657898,0.9995211362838745,0.4938966631889343,0.29709845781326294,-0.7263968586921692,0.9996481537818909,0.48579296469688416,0.2967022657394409,-0.7264419794082642,0.9996721148490906,0.47805914282798767,0.29719018936157227,-0.7267439961433411,0.9996590614318848,0.5418412089347839,0.3080163300037384,-0.48716306686401367,0.9995964765548706,0.46613678336143494,0.31305620074272156,-0.4885806441307068,0.9997437000274658,0.5219628810882568,0.3747144043445587,-0.6537888050079346,0.9999247193336487,0.49092552065849304,0.3756302297115326,-0.6557225584983826,0.9999476075172424,0.6119450330734253,0.5221704244613647,-0.3014976680278778,0.9997302293777466,0.3998073935508728,0.5148772597312927,-0.30352598428726196,0.9998023509979248,0.6654902100563049,0.8066509366035461,-0.21928876638412476,0.985142707824707,0.33741098642349243,0.7977759838104248,-0.39252224564552307,0.9924628138542175,0.6140730381011963,0.9935138821601868,-0.4094897210597992,0.8855443000793457,0.44800442457199097,0.8233582377433777,-0.6914688348770142,0.920746922492981,0.6127921342849731,1.0886939764022827,-0.46829119324684143,0.7735666036605835,0.48739728331565857,0.8343871831893921,-0.7674588561058044,0.7845944166183472,0.59278804063797,1.0641436576843262,-0.5124345421791077,0.7865772843360901,0.4913763403892517,0.7862288355827332,-0.7661749720573425,0.7991123199462891,0.5906531810760498,1.0143399238586426,-0.4295213520526886,0.7869235873222351,0.4807218611240387,0.7795506715774536,-0.6916664242744446,0.7857356667518616,0.5663073062896729,1.0297226905822754,-0.022371726110577583,0.8311464786529541,0.43658292293548584,1.0263569355010986,0.02330198511481285,0.8302091956138611,0.5703690052032471,1.4435045719146729,0.10826162248849869,0.06122249364852905,0.4311787486076355,1.4350301027297974,0.12482627481222153,0.05147474259138107,0.5662539601325989,1.7853357791900635,0.506205677986145,0.011602934449911118,0.43528425693511963,1.7825806140899658,0.42870184779167175,0.014911727048456669,0.5683485269546509,1.8322770595550537,0.5295678973197937,0.00885595753788948,0.4350292384624481,1.8325731754302979,0.45132148265838623,0.02364053577184677,0.5470445156097412,1.9140279293060303,0.25264739990234375,0.004499664064496756,0.44832733273506165,1.9058293104171753,0.15181319415569305,0.015264744870364666,0.0,0.0,0.0,0.0,0.0,0.0,0.0,0.0,0.0,0.0,0.0,0.0,0.0,0.0,0.0,0.0,0.0,0.0,0.0,0.0,0.0,0.0,0.0,0.0,0.0,0.0,0.0,0.0,0.0,0.0,0.0,0.0,0.0,0.0,0.0,0.0,0.0,0.0,0.0,0.0,0.0,0.0,0.0,0.0,0.0,0.0,0.0,0.0,0.0,0.0,0.0,0.0,0.0,0.0,0.0,0.0,0.0,0.0,0.0,0.0,0.0,0.0,0.0,0.4632521867752075,0.7932321429252625,-2.007049602070765e-07,0.47860828042030334,0.7477889060974121,0.001219650381244719,0.49659547209739685,0.7183483839035034,-0.00011066442675655708,0.5108591318130493,0.6959879398345947,-0.0021835521329194307,0.5166927576065063,0.6733214259147644,-0.0037614507600665092,0.5277870893478394,0.7535927295684814,0.0010741312289610505,0.5369783043861389,0.753725528717041,0.0022569468710571527,0.5287143588066101,0.7551383972167969,0.0024323107209056616,0.5199251770973206,0.7554664015769958,0.002041176427155733,0.5304707884788513,0.7812239527702332,-0.000919095182325691,0.5327413082122803,0.782505214214325,0.0034266579896211624,0.5236595869064331,0.781158983707428,0.004116400144994259,0.5155637860298157,0.7806254625320435,0.0025771749205887318,0.5271449685096741,0.8083146810531616,-0.0024339461233466864,0.5283654928207397,0.8057581782341003,0.0016095071332529187,0.519869327545166,0.8036485314369202,0.0036369001027196646,0.5114650726318359,0.8022058010101318,0.0028793327510356903,0.5213602185249329,0.8329363465309143,-0.004037568811327219,0.5235559940338135,0.8296495676040649,-0.00032300385646522045,0.5162269473075867,0.8260803818702698,0.003525662934407592,0.5091476440429688,0.8240645527839661,0.005624623503535986
0.507282555103302,0.33678677678108215,-0.747085690498352,0.9997698664665222,0.5189244747161865,0.29490581154823303,-0.7229558229446411,0.999589741230011,0.5258785486221313,0.2937699854373932,-0.7230339646339417,0.9995926022529602,0.5318669676780701,0.2932756543159485,-0.7231130599975586,0.9995197057723999,0.4940590262413025,0.29714322090148926,-0.7256575226783752,0.9996472597122192,0.4859136939048767,0.29681140184402466,-0.7256974577903748,0.999671220779419,0.4781092703342438,0.29737067222595215,-0.7259959578514099,0.9996585845947266,0.5418025851249695,0.30796346068382263,-0.48711004853248596,0.9995966553688049,0.4658910632133484,0.313214510679245,-0.4887554347515106,0.9997435808181763,0.5222429633140564,0.3745419979095459,-0.6528538465499878,0.9999244809150696,0.49128469824790955,0.37560173869132996,-0.6546305418014526,0.9999475479125977,0.6117717623710632,0.5219445824623108,-0.3030463755130768,0.9997377991676331,0.3993264138698578,0.5149343013763428,-0.3007050156593323,0.9998013973236084,0.6652424335479736,0.8065791726112366,-0.2222246676683426,0.9852880239486694,0.33648115396499634,0.7968922853469849,-0.38741448521614075,0.9924288392066956,0.6126581430435181,0.9993472695350647,-0.41090336441993713,0.885987401008606,0.4476703703403473,0.8245667815208435,-0.6824358105659485,0.9190648198127747,0.6116418838500977,1.0978432893753052,-0.46939775347709656,0.774353563785553,0.4875718951225281,0.8334429860115051,-0.7572028636932373,0.7817915081977844,0.590021014213562,1.0757036209106445,-0.5134369134902954,0.7874221205711365,0.49135249853134155,0.7862970232963562,-0.7556429505348206,0.7964519262313843,0.5886223912239075,1.0241117477416992,-0.4308094382286072,0.7880894541740417,0.48054224252700806,0.7802494764328003,-0.6823669672012329,0.7833507061004639,0.5658408403396606,1.0299943685531616,-0.023141516372561455,0.8304446339607239,0.4364875853061676,1.0270856618881226,0.024060850962996483,0.8280307650566101,0.5678989887237549,1.4445220232009888,0.09615132212638855,0.05975876748561859,0.43018198013305664,1.435394525527954,0.12051799148321152,0.05055119842290878,0.5635907053947449,1.7861342430114746,0.5038006901741028,0.011259390041232109,0.43398258090019226,1.7823419570922852,0.42876091599464417,0.014418401755392551,0.5658167004585266,1.8329190015792847,0.5283156633377075,0.008679660968482494,0.4337003529071808,1.8317815065383911,0.4517830014228821,0.023057010024785995,0.5439572930335999,1.9148362874984741,0.2525182068347931,0.004355545621365309,0.4459681212902069,1.9064139127731323,0.15302476286888123,0.014737139455974102,0.0,0.0,0.0,0.0,0.0,0.0,0.0,0.0,0.0,0.0,0.0,0.0,0.0,0.0,0.0,0.0,0.0,0.0,0.0,0.0,0.0,0.0,0.0,0.0,0.0,0.0,0.0,0.0,0.0,0.0,0.0,0.0,0.0,0.0,0.0,0.0,0.0,0.0,0.0,0.0,0.0,0.0,0.0,0.0,0.0,0.0,0.0,0.0,0.0,0.0,0.0,0.0,0.0,0.0,0.0,0.0,0.0,0.0,0.0,0.0,0.0,0.0,0.0,0.46482327580451965,0.7930788993835449,-2.0316765869665687e-07,0.479267418384552,0.7473127841949463,0.0006784645956940949,0.4968278706073761,0.7175328731536865,-0.0009600137127563357,0.5108973383903503,0.6951228380203247,-0.003303076373413205,0.5172476768493652,0.6727113127708435,-0.005172424949705601,0.5283927321434021,0.7554810047149658,0.0007954878965392709,0.536887526512146,0.7531530261039734,0.0016951385186985135,0.5287351012229919,0.7533790469169617,0.0014480274403467774,0.5198603272438049,0.7540929913520813,0.0007841517799533904,0.5310481190681458,0.7830258011817932,-0.0009049171349033713,0.5320031046867371,0.7818971872329712,0.0032008730340749025,0.5230470299720764,0.7797957062721252,0.003705096896737814,0.515191912651062,0.7799217104911804,0.0019986762199550867,0.5274471044540405,0.8097985982894897,-0.002177611691877246,0.5276884436607361,0.8047119379043579,0.001784539083018899,0.5192078948020935,0.8022965788841248,0.003918641246855259,0.5110644698143005,0.8014762997627258,0.003195340046659112,0.5214301347732544,0.8340775966644287,-0.0036026013549417257,0.5229748487472534,0.828863799571991,0.00017015445337165147,0.5157104134559631,0.8246378898620605,0.004142667166888714,0.508954644203186,0.8227857351303101,0.006277434527873993
0.5079165101051331,0.3366718888282776,-0.7535808086395264,0.9997677206993103,0.5191606283187866,0.2948371469974518,-0.7284829616546631,0.9995855689048767,0.5260152220726013,0.29373425245285034,-0.7285727858543396,0.9995891451835632,0.5320472121238708,0.29319772124290466,-0.7286468148231506,0.9995149374008179,0.4943394660949707,0.29694655537605286,-0.7321369051933289,0.9996444582939148,0.48619985580444336,0.2966141402721405,-0.7321874499320984,0.9996693730354309,0.4782998263835907,0.29714125394821167,-0.7324907183647156,0.9996561408042908,0.5418330430984497,0.307868093252182,-0.4880850911140442,0.9995928406715393,0.46577098965644836,0.31319427490234375,-0.4912097156047821,0.999743640422821,0.5226805210113525,0.3744809627532959,-0.6575271487236023,0.9999236464500427,0.4920225441455841,0.37553104758262634,-0.6605455279350281,0.999947190284729,0.6115425229072571,0.5215665102005005,-0.2984641492366791,0.9997423887252808,0.39890536665916443,0.5151349306106567,-0.3083466589450836,0.9998000860214233,0.6653013229370117,0.8059349060058594,-0.21016748249530792,0.985299825668335,0.3368845582008362,0.7976787686347961,-0.3904218077659607,0.9923456311225891,0.6144846677780151,0.9932729005813599,-0.39993396401405334,0.8870376944541931,0.44917574524879456,0.8271973133087158,-0.6819102168083191,0.9163448214530945,0.6143873929977417,1.0901747941970825,-0.45790594816207886,0.7760131359100342,0.4888814687728882,0.836035430431366,-0.7568442225456238,0.7776976227760315,0.5938917398452759,1.064750075340271,-0.5031336545944214,0.789100170135498,0.4925456941127777,0.7888298630714417,-0.756834864616394,0.792641282081604,0.5915835499763489,1.0145536661148071,-0.4204053580760956,0.7897458672523499,0.48199447989463806,0.782715916633606,-0.6822550296783447,0.7797175049781799,0.5659555196762085,1.0294352769851685,-0.02161877416074276,0.8269537687301636,0.4364570081233978,1.027077078819275,0.022521724924445152,0.8237392902374268,0.5682283639907837,1.4447097778320312,0.10026924312114716,0.05861677974462509,0.4300398528575897,1.4355841875076294,0.1194097027182579,0.04952016472816467,0.5637018084526062,1.7867035865783691,0.5047500729560852,0.011010886169970036,0.4338611364364624,1.782631516456604,0.42732176184654236,0.014014926739037037,0.5657936930656433,1.8334187269210815,0.528627872467041,0.008571540005505085,0.4336007535457611,1.8318325281143188,0.45019295811653137,0.022590432316064835,0.5444819331169128,1.9147417545318604,0.2511124908924103,0.004248811863362789,0.44688260555267334,1.9071158170700073,0.14902105927467346,0.014333081431686878,0.0,0.0,0.0,0.0,0.0,0.0,0.0,0.0,0.0,0.0,0.0,0.0,0.0,0.0,0.0,0.0,0.0,0.0,0.0,0.0,0.0,0.0,0.0,0.0,0.0,0.0,0.0,0.0,0.0,0.0,0.0,0.0,0.0,0.0,0.0,0.0,0.0,0.0,0.0,0.0,0.0,0.0,0.0,0.0,0.0,0.0,0.0,0.0,0.0,0.0,0.0,0.0,0.0,0.0,0.0,0.0,0.0,0.0,0.0,0.0,0.0,0.0,0.0,0.4630964696407318,0.7947045564651489,-2.107968839482055e-07,0.4778481125831604,0.7489937543869019,0.0005568957421928644,0.4963757395744324,0.7189640402793884,-0.0011600916041061282,0.5109990239143372,0.6969813108444214,-0.003567599458619952,0.5169543623924255,0.6745084524154663,-0.005501446779817343,0.5270695090293884,0.7551847100257874,0.00015149518731050193,0.5372310876846313,0.7533762454986572,-0.00020664019393734634,0.5279489755630493,0.7540959119796753,-0.0014591517392545938,0.5183963775634766,0.75543612241745,-0.0026888137217611074,0.529451310634613,0.7833809852600098,-0.0019082012586295605,0.5334386229515076,0.7824082970619202,0.001091767568141222,0.5241144299507141,0.7811556458473206,0.0012565291253849864,0.515650749206543,0.7817570567131042,-0.0004226903838571161,0.5262879133224487,0.8104234933853149,-0.0036530913785099983,0.5291635990142822,0.8062900304794312,-0.0009216264588758349,0.5207554697990417,0.8041883707046509,0.0010743605671450496,0.5121214985847473,0.8036198616027832,0.0006126310909166932,0.5208224654197693,0.8349849581718445,-0.005510888062417507,0.5242877006530762,0.8301059603691101,-0.0028004595078527927,0.5168852806091309,0.8264763951301575,0.0010292771039530635,0.5095365047454834,0.8253014087677002,0.0033155588898807764
0.5083169341087341,0.3366304039955139,-0.7688619494438171,0.999764084815979,0.5193350911140442,0.29478925466537476,-0.7428374886512756,0.9995791912078857,0.5261194705963135,0.29372572898864746,-0.7429341077804565,0.9995834827423096,0.5322222113609314,0.29320067167282104,-0.7430055737495422,0.9995071887969971,0.4946556091308594,0.296902596950531,-0.7465119957923889,0.9996394515037537,0.48656561970710754,0.296663761138916,-0.7465790510177612,0.9996654987335205,0.47872522473335266,0.2972133755683899,-0.746891975402832,0.9996515512466431,0.541878342628479,0.30791065096855164,-0.492715060710907,0.9995880126953125,0.4659997820854187,0.3133307993412018,-0.4993211627006531,0.9997413158416748,0.5228989720344543,0.37445691227912903,-0.6708993315696716,0.9999221563339233,0.4926258325576782,0.37557223439216614,-0.6739338040351868,0.9999464154243469,0.6114959120750427,0.5213159918785095,-0.3070736229419708,0.9997425675392151,0.39909282326698303,0.5153232216835022,-0.31606367230415344,0.9997970461845398,0.6652879118919373,0.8064428567886353,-0.22047343850135803,0.9850953817367554,0.33694013953208923,0.7978947758674622,-0.4019760489463806,0.9922014474868774,0.6149804592132568,0.9938784837722778,-0.41040050983428955,0.8861503005027771,0.449139267206192,0.8275893926620483,-0.6977078318595886,0.9127070903778076,0.6146539449691772,1.090746283531189,-0.4682295620441437,0.7748253345489502,0.4885917007923126,0.8364201784133911,-0.7736289501190186,0.771550714969635,0.5942642688751221,1.0658965110778809,-0.5136684775352478,0.7879517078399658,0.4922756850719452,0.7902397513389587,-0.7731456756591797,0.7867760062217712,0.5923448204994202,1.0154458284378052,-0.4309357702732086,0.7885380387306213,0.48180443048477173,0.7845187187194824,-0.6981127262115479,0.7738209366798401,0.5657623410224915,1.0294361114501953,-0.021494654938578606,0.8262744545936584,0.4365918040275574,1.0271483659744263,0.02240189164876938,0.8223689794540405,0.5687852501869202,1.4460481405258179,0.09823437035083771,0.05875317007303238,0.4300225079059601,1.4373904466629028,0.12092924118041992,0.04953709617257118,0.5649158358573914,1.7875407934188843,0.5173640251159668,0.011045709252357483,0.4342285692691803,1.7846019268035889,0.4413394033908844,0.01406165026128292,0.5669581294059753,1.8340398073196411,0.5428193807601929,0.008643064647912979,0.43404996395111084,1.833808183670044,0.4652266502380371,0.02265316992998123,0.5462292432785034,1.9157626628875732,0.2644144892692566,0.004269867204129696,0.4477423429489136,1.9094210863113403,0.16280946135520935,0.014363761991262436,0.0,0.0,0.0,0.0,0.0,0.0,0.0,0.0,0.0,0.0,0.0,0.0,0.0,0.0,0.0,0.0,0.0,0.0,0.0,0.0,0.0,0.0,0.0,0.0,0.0,0.0,0.0,0.0,0.0,0.0,0.0,0.0,0.0,0.0,0.0,0.0,0.0,0.0,0.0,0.0,0.0,0.0,0.0,0.0,0.0,0.0,0.0,0.0,0.0,0.0,0.0,0.0,0.0,0.0,0.0,0.0,0.0,0.0,0.0,0.0,0.0,0.0,0.0,0.46386387944221497,0.7937493920326233,-2.051663869906406e-07,0.47905030846595764,0.7476171851158142,0.00011650526721496135,0.49688994884490967,0.7179093956947327,-0.0018452786607667804,0.5112361311912537,0.696372389793396,-0.00448562391102314,0.5176566243171692,0.6746445298194885,-0.006633137818425894,0.5273461937904358,0.7559940218925476,0.0003953402629122138,0.5368843674659729,0.75411456823349,-0.00015913926472421736,0.5277494192123413,0.7546939253807068,-0.0018276760820299387,0.5186941623687744,0.7559210062026978,-0.0033641071058809757,0.5294820070266724,0.7841156721115112,-0.0016236156225204468,0.5336058735847473,0.783073902130127,0.0010808929800987244,0.5246021747589111,0.7814244031906128,0.000835438200738281,0.5163398385047913,0.7818307876586914,-0.0010396206052973866,0.5259996652603149,0.810876727104187,-0.0034106981474906206,0.5295764803886414,0.8071582317352295,-0.0011828179704025388,0.5214425921440125,0.8046743869781494,0.0005838546785525978,0.5129889249801636,0.8040701746940613,0.0001864406222011894,0.5201255083084106,0.8353049755096436,-0.005332726985216141,0.5248803496360779,0.8311429023742676,-0.0030789885204285383,0.5180339813232422,0.8273001909255981,0.000732727290596813,0.5108835101127625,0.8261325359344482,0.0031596601475030184
0.5080010890960693,0.3367849290370941,-0.760284960269928,0.9997679591178894,0.5193573832511902,0.29478609561920166,-0.7355961203575134,0.9995867609977722,0.5261396765708923,0.29373669624328613,-0.735672652721405,0.9995912909507751,0.5322291254997253,0.29320618510246277,-0.7357502579689026,0.9995162487030029,0.49449422955513,0.29698994755744934,-0.7393816113471985,0.9996457695960999,0.4863482117652893,0.29681864380836487,-0.7394545674324036,0.9996710419654846,0.4784673750400543,0.2974797487258911,-0.7397633194923401,0.9996567964553833,0.5418108105659485,0.3078368306159973,-0.49255019426345825,0.9995973706245422,0.4658120572566986,0.3135296404361725,-0.49779409170150757,0.9997465014457703,0.5225869417190552,0.3744790256023407,-0.6638964414596558,0.9999235272407532,0.4922696053981781,0.37592607736587524,-0.6670653820037842,0.9999473690986633,0.6116532683372498,0.5209885239601135,-0.30155807733535767,0.9997495412826538,0.3991810381412506,0.5154628753662109,-0.31083762645721436,0.9997991919517517,0.6659096479415894,0.8059784173965454,-0.21262551844120026,0.9851431846618652,0.3364230990409851,0.7978089451789856,-0.38951584696769714,0.9922555088996887,0.6153448820114136,0.9927054047584534,-0.4065847098827362,0.8869373798370361,0.4490828812122345,0.8260105848312378,-0.6770471930503845,0.9116079211235046,0.6137840151786804,1.0878320932388306,-0.4651377499103546,0.7765564918518066,0.48867690563201904,0.8353956341743469,-0.7517979741096497,0.7704117298126221,0.5942859649658203,1.061012625694275,-0.5112064480781555,0.7897852659225464,0.4923427999019623,0.7891453504562378,-0.7517696619033813,0.7857809662818909,0.592983603477478,1.0111949443817139,-0.4274665117263794,0.7901099324226379,0.48177605867385864,0.7827056050300598,-0.6772714257240295,0.7728356122970581,0.5661674737930298,1.0290669202804565,-0.021859634667634964,0.8257073163986206,0.4369245767593384,1.0271754264831543,0.022770609706640244,0.8216068744659424,0.5697667002677917,1.4459725618362427,0.09486664831638336,0.05926056206226349,0.43015167117118835,1.437441349029541,0.11597326397895813,0.04997695982456207,0.5661047101020813,1.7879348993301392,0.5036091208457947,0.011218125931918621,0.4344879388809204,1.7854493856430054,0.4226154685020447,0.014264894649386406,0.5681442022323608,1.834384799003601,0.5280410051345825,0.008778099901974201,0.43434810638427734,1.834649682044983,0.44517046213150024,0.022902078926563263,0.5477338433265686,1.9155853986740112,0.2513578534126282,0.004321962594985962,0.44928178191185,1.9100362062454224,0.14496111869812012,0.014386160299181938,0.0,0.0,0.0,0.0,0.0,0.0,0.0,0.0,0.0,0.0,0.0,0.0,0.0,0.0,0.0,0.0,0.0,0.0,0.0,0.0,0.0,0.0,0.0,0.0,0.0,0.0,0.0,0.0,0.0,0.0,0.0,0.0,0.0,0.0,0.0,0.0,0.0,0.0,0.0,0.0,0.0,0.0,0.0,0.0,0.0,0.0,0.0,0.0,0.0,0.0,0.0,0.0,0.0,0.0,0.0,0.0,0.0,0.0,0.0,0.0,0.0,0.0,0.0,0.4636707901954651,0.794795036315918,-2.0530656286155136e-07,0.4790373742580414,0.7485593557357788,0.0008052207995206118,0.4971486032009125,0.7192524075508118,-0.0005840831436216831,0.5113081336021423,0.6974366903305054,-0.00269822939299047,0.5173237919807434,0.6753265857696533,-0.004352560732513666,0.5279372334480286,0.757511556148529,0.001221004407852888,0.5372224450111389,0.7541670799255371,0.0018535590497776866,0.5288070440292358,0.7541138529777527,0.001389118260703981,0.5196950435638428,0.7552017569541931,0.0006382833234965801,0.5303411483764648,0.7853952646255493,-0.0006823654402978718,0.533074676990509,0.7823414206504822,0.0029040256049484015,0.5241750478744507,0.7803354263305664,0.003133820602670312,0.5160497426986694,0.7811431288719177,0.001472399802878499,0.5268295407295227,0.8120258450508118,-0.002220687223598361,0.5287409424781799,0.805550217628479,0.0009558311430737376,0.5203320980072021,0.8029242157936096,0.002747848629951477,0.5119524002075195,0.8026261329650879,0.002128865569829941,0.5209757089614868,0.8361340761184692,-0.00385204516351223,0.5240679979324341,0.8294083476066589,-0.000828678603284061,0.5169182419776917,0.8254030346870422,0.002873537363484502,0.5098058581352234,0.82436603307724,0.005043000914156437
0.507590651512146,0.3366852104663849,-0.7539545297622681,0.9997705221176147,0.5193124413490295,0.2947753965854645,-0.729510486125946,0.9995937347412109,0.5261117219924927,0.29371562600135803,-0.7295803427696228,0.9995982050895691,0.532163679599762,0.29317939281463623,-0.7296574711799622,0.9995247721672058,0.4943113625049591,0.29687070846557617,-0.7330218553543091,0.9996524453163147,0.4861338436603546,0.2966754734516144,-0.7330877780914307,0.9996772408485413,0.47828054428100586,0.2973071038722992,-0.733389675617218,0.9996638894081116,0.541732907295227,0.3077735900878906,-0.49112847447395325,0.9996057152748108,0.4657292664051056,0.3134441673755646,-0.49751371145248413,0.9997525215148926,0.5223453640937805,0.3744748830795288,-0.6585904955863953,0.9999246597290039,0.49185019731521606,0.37582239508628845,-0.6613740921020508,0.9999482035636902,0.6115527749061584,0.5207369327545166,-0.29935237765312195,0.9997568726539612,0.39926350116729736,0.515667736530304,-0.30831634998321533,0.9998023509979248,0.6660942435264587,0.8053387403488159,-0.21075572073459625,0.9852461218833923,0.3364366888999939,0.79867023229599,-0.38786330819129944,0.9923563599586487,0.6156198978424072,0.9875715374946594,-0.404731422662735,0.8877631425857544,0.44750434160232544,0.8263830542564392,-0.6788513660430908,0.9104210734367371,0.6139003038406372,1.0823125839233398,-0.46357402205467224,0.777861475944519,0.4875885546207428,0.8377216458320618,-0.7541430592536926,0.7692065834999084,0.5949487090110779,1.0529837608337402,-0.5096729397773743,0.7911348342895508,0.4916588068008423,0.7919793725013733,-0.7542856931686401,0.7846997380256653,0.5933897495269775,1.0033667087554932,-0.4256580173969269,0.7914152145385742,0.4809075593948364,0.7852903604507446,-0.6793407201766968,0.7717205286026001,0.5660186409950256,1.0284136533737183,-0.020760925486683846,0.8270490169525146,0.43691644072532654,1.0266709327697754,0.02166701667010784,0.8229535818099976,0.5688404440879822,1.4452850818634033,0.09793119132518768,0.0593796968460083,0.4300500452518463,1.4363936185836792,0.11755017191171646,0.050004590302705765,0.5653115510940552,1.7874925136566162,0.5047640800476074,0.011103790253400803,0.4344596564769745,1.7841914892196655,0.42592668533325195,0.014021266251802444,0.5674743056297302,1.8338406085968018,0.5293607115745544,0.00880045909434557,0.4343571364879608,1.8331305980682373,0.44872716069221497,0.02266884781420231,0.5465163588523865,1.9141812324523926,0.2527815103530884,0.004275522194802761,0.4480971097946167,1.9082006216049194,0.148357555270195,0.014058011583983898,0.0,0.0,0.0,0.0,0.0,0.0,0.0,0.0,0.0,0.0,0.0,0.0,0.0,0.0,0.0,0.0,0.0,0.0,0.0,0.0,0.0,0.0,0.0,0.0,0.0,0.0,0.0,0.0,0.0,0.0,0.0,0.0,0.0,0.0,0.0,0.0,0.0,0.0,0.0,0.0,0.0,0.0,0.0,0.0,0.0,0.0,0.0,0.0,0.0,0.0,0.0,0.0,0.0,0.0,0.0,0.0,0.0,0.0,0.0,0.0,0.0,0.0,0.0,0.4644116759300232,0.794438898563385,-2.0943829781572276e-07,0.4793470501899719,0.7489946484565735,2.3370483177131973e-05,0.497191458940506,0.71958988904953,-0.0019414954585954547,0.5112552642822266,0.6977614164352417,-0.004568198695778847,0.5174562335014343,0.6761074066162109,-0.006715236231684685,0.5274767875671387,0.7581140995025635,0.00012975155550520867,0.5373132824897766,0.7548752427101135,-0.0005371555453166366,0.5281155109405518,0.753933310508728,-0.002271482953801751,0.5188455581665039,0.7552473545074463,-0.0038444558158516884,0.5293036699295044,0.7864876389503479,-0.0017704227939248085,0.5338925123214722,0.7830455899238586,0.0007057171314954758,0.5250336527824402,0.7807343006134033,0.0004615203069988638,0.5168249011039734,0.7816817164421082,-0.0014187151100486517,0.5257275104522705,0.8132699728012085,-0.003432775381952524,0.5296100378036499,0.8070257306098938,-0.0013571478193625808,0.5214065909385681,0.8043020367622375,0.0005316734313964844,0.5129804611206055,0.8043345212936401,0.00020148471230641007,0.5198112726211548,0.8376541137695312,-0.005208960268646479,0.5243836641311646,0.8317230343818665,-0.003123409114778042,0.517520546913147,0.8276433944702148,0.0006507657235488296,0.5105109810829163,0.8269656896591187,0.0030168562661856413
0.5074216723442078,0.3364599049091339,-0.7697818279266357,0.9997668266296387,0.5193347334861755,0.29471445083618164,-0.744551956653595,0.9995885491371155,0.5261210203170776,0.2935550808906555,-0.7446373105049133,0.9995927810668945,0.5321624875068665,0.29289862513542175,-0.7447097301483154,0.999518632888794,0.49430128931999207,0.2965781092643738,-0.7475261092185974,0.9996483325958252,0.4860605299472809,0.2962825298309326,-0.7475814819335938,0.9996733069419861,0.47821828722953796,0.2967745065689087,-0.7478841543197632,0.9996602535247803,0.5417597889900208,0.30733880400657654,-0.4977578818798065,0.999600887298584,0.46563342213630676,0.3130001723766327,-0.5033791661262512,0.9997501969337463,0.5223218202590942,0.3744196891784668,-0.673018217086792,0.999923825263977,0.4917093813419342,0.3754243850708008,-0.6750423908233643,0.9999477863311768,0.6114447116851807,0.5205236673355103,-0.3105340003967285,0.9997591376304626,0.3989642560482025,0.5157150030136108,-0.3196399509906769,0.9998027086257935,0.6661108136177063,0.8066940903663635,-0.2202277034521103,0.9851876497268677,0.33572712540626526,0.798325777053833,-0.3978324234485626,0.99238520860672,0.6148920059204102,0.9890632033348083,-0.41527703404426575,0.8872402310371399,0.4479610025882721,0.827894389629364,-0.687372088432312,0.910426139831543,0.6128137707710266,1.0851316452026367,-0.47387024760246277,0.7767374515533447,0.48766013979911804,0.8385443687438965,-0.7625170350074768,0.7689281702041626,0.5942783355712891,1.0555782318115234,-0.519824206829071,0.7899869680404663,0.49159684777259827,0.7935000658035278,-0.7626575827598572,0.7843762040138245,0.5927068591117859,1.004533052444458,-0.43615320324897766,0.7905072569847107,0.4810299873352051,0.7871556878089905,-0.6877201795578003,0.7711765170097351,0.5661494135856628,1.0288316011428833,-0.020631544291973114,0.8290708661079407,0.4369284510612488,1.0269328355789185,0.0215300265699625,0.8250802159309387,0.5705916881561279,1.4452059268951416,0.09768377989530563,0.059256117790937424,0.4304884970188141,1.436464548110962,0.12100328505039215,0.049984268844127655,0.5674344301223755,1.7866255044937134,0.5179387331008911,0.010962697677314281,0.4352804720401764,1.7836887836456299,0.44166916608810425,0.013874415308237076,0.569443941116333,1.832560658454895,0.5434486269950867,0.008808188140392303,0.43517252802848816,1.8326141834259033,0.4656611979007721,0.02256239950656891,0.5493291020393372,1.9143025875091553,0.2645844519138336,0.004233903717249632,0.45051810145378113,1.9079153537750244,0.16325442492961884,0.013932298868894577,0.0,0.0,0.0,0.0,0.0,0.0,0.0,0.0,0.0,0.0,0.0,0.0,0.0,0.0,0.0,0.0,0.0,0.0,0.0,0.0,0.0,0.0,0.0,0.0,0.0,0.0,0.0,0.0,0.0,0.0,0.0,0.0,0.0,0.0,0.0,0.0,0.0,0.0,0.0,0.0,0.0,0.0,0.0,0.0,0.0,0.0,0.0,0.0,0.0,0.0,0.0,0.0,0.0,0.0,0.0,0.0,0.0,0.0,0.0,0.0,0.0,0.0,0.0,0.4642915427684784,0.7943982481956482,-2.0393407851315715e-07,0.4792362153530121,0.7490061521530151,4.3254480260657147e-05,0.49713921546936035,0.7195500731468201,-0.001731426571495831,0.5113589763641357,0.6980909705162048,-0.004183462355285883,0.5175540447235107,0.67674720287323,-0.006130371242761612,0.5272535085678101,0.7583663463592529,0.0005722182104364038,0.5373438000679016,0.7558978796005249,6.88302461639978e-05,0.5287401676177979,0.7548898458480835,-0.0013880138285458088,0.519742488861084,0.7556896209716797,-0.0027282903902232647,0.5289714932441711,0.7864964008331299,-0.0013644101563841105,0.534619152545929,0.784178614616394,0.0010987826390191913,0.5259928107261658,0.7817815542221069,0.0009498565341345966,0.5177175998687744,0.7823402285575867,-0.0007443393114954233,0.525425136089325,0.8131446838378906,-0.0031074697617441416,0.5305311679840088,0.8081653714179993,-0.0011726487427949905,0.5225656032562256,0.8053803443908691,0.0006732461624778807,0.5140833854675293,0.8051666021347046,0.0004547421995084733,0.5194286108016968,0.8375722169876099,-0.004952147137373686,0.525373637676239,0.8327838182449341,-0.002993527799844742,0.5189825892448425,0.82868492603302,0.0007423092029057443,0.5120026469230652,0.8277486562728882,0.003152618883177638
0.5074030160903931,0.336134135723114,-0.7726809978485107,0.9997661113739014,0.5193561315536499,0.29453256726264954,-0.7472710013389587,0.999587893486023,0.5261332392692566,0.29321324825286865,-0.7474127411842346,0.999592661857605,0.5321923494338989,0.29237931966781616,-0.7474659085273743,0.9995172619819641,0.4943084418773651,0.2960955500602722,-0.7487218976020813,0.9996489882469177,0.485976904630661,0.2957034409046173,-0.7487154006958008,0.9996748566627502,0.47813841700553894,0.2960488796234131,-0.7489846348762512,0.9996627569198608,0.5418546199798584,0.3067273199558258,-0.5017958283424377,0.9996007680892944,0.4654741883277893,0.31249991059303284,-0.5090775489807129,0.9997522234916687,0.5223960876464844,0.37428316473960876,-0.6754521131515503,0.999923050403595,0.491581529378891,0.37496498227119446,-0.6758165955543518,0.9999480247497559,0.611539900302887,0.5202429294586182,-0.31952446699142456,0.9997551441192627,0.3986853063106537,0.5158154368400574,-0.32477283477783203,0.9998029470443726,0.6655520796775818,0.8092496991157532,-0.23437757790088654,0.98478764295578,0.33540743589401245,0.7983881831169128,-0.40260568261146545,0.9924468398094177,0.6147401928901672,0.9909524321556091,-0.42685413360595703,0.8823907971382141,0.44828474521636963,0.8280934691429138,-0.6904999017715454,0.9093868136405945,0.6122837662696838,1.0878829956054688,-0.48536980152130127,0.7705568671226501,0.48792633414268494,0.8383452892303467,-0.7649214267730713,0.7665452361106873,0.5937663912773132,1.0578340291976929,-0.5303279161453247,0.7839916348457336,0.4917815625667572,0.7934507727622986,-0.7650278210639954,0.7819538116455078,0.5923725962638855,1.0058081150054932,-0.44739866256713867,0.7850099802017212,0.4810098707675934,0.7874257564544678,-0.6908464431762695,0.7685701251029968,0.5662153363227844,1.0285247564315796,-0.02216552011668682,0.8270590305328369,0.4369610548019409,1.0269078016281128,0.023079995065927505,0.8232297301292419,0.5709715485572815,1.444651484489441,0.10198517888784409,0.05862434208393097,0.43054792284965515,1.4361140727996826,0.13183201849460602,0.049729831516742706,0.5684311985969543,1.7861741781234741,0.5199030041694641,0.010959633626043797,0.43539726734161377,1.7831288576126099,0.4520125389099121,0.013904483988881111,0.5707000494003296,1.832127332687378,0.5449705123901367,0.008830963633954525,0.43528610467910767,1.8321137428283691,0.4760550856590271,0.022717269137501717,0.5498451590538025,1.9141777753829956,0.2660332918167114,0.00421731686219573,0.4508827328681946,1.907179355621338,0.17502233386039734,0.013848434202373028,0.0,0.0,0.0,0.0,0.0,0.0,0.0,0.0,0.0,0.0,0.0,0.0,0.0,0.0,0.0,0.0,0.0,0.0,0.0,0.0,0.0,0.0,0.0,0.0,0.0,0.0,0.0,0.0,0.0,0.0,0.0,0.0,0.0,0.0,0.0,0.0,0.0,0.0,0.0,0.0,0.0,0.0,0.0,0.0,0.0,0.0,0.0,0.0,0.0,0.0,0.0,0.0,0.0,0.0,0.0,0.0,0.0,0.0,0.0,0.0,0.0,0.0,0.0,0.4635733962059021,0.7951059937477112,-2.0604900896614708e-07,0.47884899377822876,0.749603807926178,0.00022211481700651348,0.4971259832382202,0.7200025916099548,-0.0014280203031376004,0.5115764141082764,0.6985359787940979,-0.0038268989883363247,0.5179450511932373,0.6772457957267761,-0.005723019130527973,0.5271098017692566,0.7586684823036194,0.0010454736184328794,0.537507176399231,0.7557583451271057,0.00044593497295863926,0.5286358594894409,0.7549751996994019,-0.0011805942049250007,0.5194452404975891,0.756105899810791,-0.0026130760088562965,0.5288652181625366,0.7867826223373413,-0.0009474619291722775,0.5348057746887207,0.7841492891311646,0.001534115755930543,0.5260851979255676,0.781812846660614,0.0013578287325799465,0.5176470279693604,0.782470166683197,-0.00035157709498889744,0.5254256725311279,0.8134713768959045,-0.0027780095115303993,0.5307965874671936,0.8081877827644348,-0.0007952311425469816,0.5227444171905518,0.8054016828536987,0.001069059013389051,0.5140663981437683,0.8052403330802917,0.0008599748252891004,0.5195533633232117,0.8379810452461243,-0.004710571840405464,0.5256185531616211,0.8327233195304871,-0.002640717662870884,0.5191453695297241,0.8286136984825134,0.0011524900328367949,0.5120231509208679,0.8278599977493286,0.0035961614921689034
0.5074427723884583,0.33604711294174194,-0.77336186170578,0.999769926071167,0.5194034576416016,0.2944351136684418,-0.7482050657272339,0.9995946288108826,0.5261653065681458,0.2931111752986908,-0.7483001351356506,0.9995993971824646,0.5322679877281189,0.29228392243385315,-0.7483450770378113,0.9995244145393372,0.4943627119064331,0.29585421085357666,-0.7510845065116882,0.9996550679206848,0.48596814274787903,0.29538628458976746,-0.7511093020439148,0.9996812343597412,0.4781380295753479,0.2956071197986603,-0.7513982653617859,0.9996697902679443,0.5419453978538513,0.3065212666988373,-0.5021127462387085,0.999607503414154,0.4654071629047394,0.3120223879814148,-0.5093216300010681,0.9997576475143433,0.5224237442016602,0.3742337226867676,-0.6764881014823914,0.9999244213104248,0.49140962958335876,0.3747805953025818,-0.6784718632698059,0.9999491572380066,0.6113712787628174,0.5200169682502747,-0.31256601214408875,0.9997625946998596,0.3983338177204132,0.5158584117889404,-0.32418185472488403,0.9998056888580322,0.666009247303009,0.8072908520698547,-0.22570833563804626,0.9848311543464661,0.33628612756729126,0.7978830337524414,-0.41137123107910156,0.9925733208656311,0.6155157685279846,0.9892204999923706,-0.42321455478668213,0.8845837712287903,0.45031481981277466,0.8262127041816711,-0.7053357362747192,0.9093198776245117,0.6136058568954468,1.086486577987671,-0.4821966886520386,0.7733965516090393,0.4895295798778534,0.8367448449134827,-0.7815316319465637,0.7672817707061768,0.5947849750518799,1.0560436248779297,-0.5278395414352417,0.786803126335144,0.493037611246109,0.7917132377624512,-0.7813127636909485,0.7827149629592896,0.5924539566040039,1.006372094154358,-0.44407427310943604,0.7879038453102112,0.4824281632900238,0.7854993343353271,-0.7058253884315491,0.7693203091621399,0.5667847990989685,1.0281298160552979,-0.01945647969841957,0.8258629441261292,0.43695786595344543,1.0268293619155884,0.020387355238199234,0.8217778205871582,0.5720746517181396,1.4437921047210693,0.09460247308015823,0.0574292354285717,0.4308083951473236,1.4355204105377197,0.10976619273424149,0.048777755349874496,0.5688941478729248,1.7854180335998535,0.5154252052307129,0.010563543066382408,0.4362172484397888,1.7837245464324951,0.4265253245830536,0.013469117693603039,0.5710388422012329,1.8305025100708008,0.5410765409469604,0.008636181242763996,0.4360060393810272,1.8324633836746216,0.45008668303489685,0.022104386240243912,0.5507227182388306,1.914987325668335,0.2574330270290375,0.004111114889383316,0.45189186930656433,1.9089082479476929,0.14276793599128723,0.01355413906276226,0.0,0.0,0.0,0.0,0.0,0.0,0.0,0.0,0.0,0.0,0.0,0.0,0.0,0.0,0.0,0.0,0.0,0.0,0.0,0.0,0.0,0.0,0.0,0.0,0.0,0.0,0.0,0.0,0.0,0.0,0.0,0.0,0.0,0.0,0.0,0.0,0.0,0.0,0.0,0.0,0.0,0.0,0.0,0.0,0.0,0.0,0.0,0.0,0.0,0.0,0.0,0.0,0.0,0.0,0.0,0.0,0.0,0.0,0.0,0.0,0.0,0.0,0.0,0.4625703990459442,0.7966969609260559,-2.045196936251159e-07,0.4784701466560364,0.7505043148994446,0.00021287017443682998,0.49701327085494995,0.7203147411346436,-0.001628256868571043,0.5114332437515259,0.6990429759025574,-0.004266915377229452,0.517785370349884,0.6772912740707397,-0.006459511816501617,0.5261718034744263,0.7595997452735901,0.0009147797827608883,0.5375359058380127,0.754100501537323,-0.0003856731636915356,0.5281267762184143,0.7536033391952515,-0.0028045473154634237,0.5185447335243225,0.7557996511459351,-0.004685059655457735,0.5282851457595825,0.7879377007484436,-0.0011029475135728717,0.5344640612602234,0.7812459468841553,0.0008309566765092313,0.5253472328186035,0.7791673541069031,0.00022339621500577778,0.5167822241783142,0.7814784049987793,-0.001679294859059155,0.5251752734184265,0.8144965171813965,-0.0029926756396889687,0.5298672318458557,0.8054168820381165,-0.00120814167894423,0.5215268731117249,0.8025569319725037,0.00045823882101103663,0.5128197073936462,0.8036580681800842,0.0001800684112822637,0.5198920369148254,0.8385199904441833,-0.005033716559410095,0.525274932384491,0.8297524452209473,-0.0028935219161212444,0.5182238817214966,0.8255047798156738,0.0008427419816143811,0.5108343958854675,0.8257855176925659,0.003269989974796772
0.5073021650314331,0.3359456956386566,-0.7723904848098755,0.9997708797454834,0.5194408893585205,0.2943841218948364,-0.7469079494476318,0.9995979070663452,0.5261927247047424,0.29301199316978455,-0.7469924092292786,0.9996019005775452,0.5323356986045837,0.2921738028526306,-0.7470382452011108,0.999527096748352,0.4943218529224396,0.29567426443099976,-0.7501965165138245,0.9996583461761475,0.48588892817497253,0.29518646001815796,-0.7502456903457642,0.9996848106384277,0.4780384600162506,0.29538682103157043,-0.7505463361740112,0.9996740818023682,0.5420325398445129,0.3064214885234833,-0.5018232464790344,0.999610185623169,0.46533507108688354,0.3117532432079315,-0.5069802403450012,0.999761164188385,0.5223327279090881,0.37421920895576477,-0.6747663021087646,0.9999250173568726,0.491091251373291,0.3747105002403259,-0.6774174571037292,0.9999496340751648,0.6115871071815491,0.5199373960494995,-0.30396392941474915,0.999768853187561,0.3979869782924652,0.5158965587615967,-0.3191159963607788,0.999807596206665,0.6662969589233398,0.8063788414001465,-0.2135157287120819,0.9849309325218201,0.33555343747138977,0.7969720363616943,-0.40711280703544617,0.9925984144210815,0.6142953634262085,0.982879638671875,-0.4091729521751404,0.8869098424911499,0.4476921260356903,0.8240309953689575,-0.7045978307723999,0.9087605476379395,0.6118841171264648,1.076772928237915,-0.46671733260154724,0.7760376930236816,0.4874187707901001,0.8359564542770386,-0.7813159823417664,0.7666454315185547,0.5941450595855713,1.0396902561187744,-0.5118470191955566,0.7892629504203796,0.4911077916622162,0.7896429896354675,-0.7802273631095886,0.7821139097213745,0.5922766327857971,0.9957869052886963,-0.42952263355255127,0.7899664640426636,0.48034653067588806,0.7831049561500549,-0.7048541307449341,0.7686706781387329,0.5672081112861633,1.028130292892456,-0.018353601917624474,0.830021321773529,0.43695589900016785,1.0269440412521362,0.01925004832446575,0.8251332640647888,0.5734786987304688,1.4441250562667847,0.09055972099304199,0.057983722537755966,0.43154141306877136,1.436071515083313,0.10398329794406891,0.049501750618219376,0.5700122714042664,1.7847881317138672,0.524439811706543,0.01046357024461031,0.43732544779777527,1.7842450141906738,0.429503858089447,0.013533202931284904,0.5720357894897461,1.8293564319610596,0.5513940453529358,0.008607995696365833,0.437158465385437,1.8329927921295166,0.4538824260234833,0.022108376026153564,0.5521888136863708,1.9155470132827759,0.2687430679798126,0.004133515525609255,0.4535690248012543,1.910085916519165,0.14588168263435364,0.013751093298196793,0.0,0.0,0.0,0.0,0.0,0.0,0.0,0.0,0.0,0.0,0.0,0.0,0.0,0.0,0.0,0.0,0.0,0.0,0.0,0.0,0.0,0.0,0.0,0.0,0.0,0.0,0.0,0.0,0.0,0.0,0.0,0.0,0.0,0.0,0.0,0.0,0.0,0.0,0.0,0.0,0.0,0.0,0.0,0.0,0.0,0.0,0.0,0.0,0.0,0.0,0.0,0.0,0.0,0.0,0.0,0.0,0.0,0.0,0.0,0.0,0.0,0.0,0.0,0.46402478218078613,0.7952948808670044,-1.9768455672419805e-07,0.4787021577358246,0.7494691014289856,0.00048152595991268754,0.4971240162849426,0.720061182975769,-0.0008608735515736043,0.5114368796348572,0.6988524794578552,-0.002884643618017435,0.5177172422409058,0.677416980266571,-0.004429720342159271,0.5284543633460999,0.7578306198120117,0.0013444748474285007,0.5376192331314087,0.7533729076385498,0.0019425188656896353,0.5295372605323792,0.75370854139328,0.0012666144175454974,0.520915687084198,0.7551842927932739,0.00039027593447826803,0.5306068062782288,0.7854100465774536,-0.0003573107242118567,0.533361554145813,0.7815903425216675,0.0032423099037259817,0.5246490240097046,0.7795582413673401,0.0034386967308819294,0.5167478322982788,0.7805153131484985,0.0017922117840498686,0.5267977118492126,0.8119593262672424,-0.0017547248862683773,0.528989315032959,0.8049034476280212,0.0013874309370294213,0.5207539200782776,0.8024302124977112,0.003124598879367113,0.5124608278274536,0.8024570345878601,0.0025384072214365005,0.5206332206726074,0.8360549211502075,-0.0032876774203032255,0.5242042541503906,0.8291017413139343,-0.00018661112699192017,0.5172977447509766,0.8247556686401367,0.0035704593174159527,0.5103661417961121,0.8236861228942871,0.005782171618193388
0.5077440738677979,0.3360286056995392,-0.762962281703949,0.9997661113739014,0.519496500492096,0.2943932116031647,-0.7378774881362915,0.9995899796485901,0.5262258052825928,0.2930964529514313,-0.7379550933837891,0.9995924234390259,0.532423734664917,0.2924342155456543,-0.7379978895187378,0.9995149374008179,0.4944602847099304,0.29591771960258484,-0.74187171459198,0.9996544122695923,0.48607176542282104,0.2955170273780823,-0.7419435381889343,0.9996820092201233,0.4782363474369049,0.2957753539085388,-0.7422618269920349,0.9996727705001831,0.5421028137207031,0.3067486584186554,-0.4965507388114929,0.9995986223220825,0.465424507856369,0.31200215220451355,-0.501850962638855,0.9997604489326477,0.5226231813430786,0.3742176592350006,-0.6654127836227417,0.9999232888221741,0.49170833826065063,0.375005841255188,-0.6692050099372864,0.9999491572380066,0.6117380857467651,0.5197018980979919,-0.29166266322135925,0.9997721910476685,0.39828410744667053,0.5159676671028137,-0.314297080039978,0.999808669090271,0.6664438247680664,0.8041858077049255,-0.19730043411254883,0.9849513173103333,0.33503779768943787,0.7953864932060242,-0.4034690856933594,0.9925121665000916,0.6124677062034607,0.9723143577575684,-0.3904324471950531,0.8903267979621887,0.44809961318969727,0.8230230212211609,-0.6982318162918091,0.9081418514251709,0.6102553009986877,1.0665947198867798,-0.4464252293109894,0.7802330851554871,0.48805728554725647,0.8368288278579712,-0.7746396660804749,0.7665366530418396,0.5916346311569214,1.0261178016662598,-0.4915447235107422,0.7930322885513306,0.49166038632392883,0.7896556258201599,-0.7725933790206909,0.7819315195083618,0.589828372001648,0.9807201027870178,-0.4105757474899292,0.7933425903320312,0.48101943731307983,0.7822163105010986,-0.6979738473892212,0.7685014009475708,0.5671254992485046,1.0281689167022705,-0.014982848428189754,0.8346989750862122,0.43701353669166565,1.0270684957504272,0.015883443877100945,0.8299803137779236,0.5746773481369019,1.4439328908920288,0.08938846737146378,0.05858096107840538,0.4320354163646698,1.4357649087905884,0.09403488785028458,0.049723703414201736,0.5711228251457214,1.783860445022583,0.5165356993675232,0.010157774202525616,0.4377595782279968,1.7842735052108765,0.41418954730033875,0.013302404433488846,0.5727652311325073,1.8280894756317139,0.5428048968315125,0.008567486889660358,0.437531441450119,1.8333015441894531,0.43797722458839417,0.02186756022274494,0.5541355609893799,1.915411353111267,0.2619694471359253,0.004103644751012325,0.4552069306373596,1.9095567464828491,0.13066202402114868,0.013832272961735725,0.0,0.0,0.0,0.0,0.0,0.0,0.0,0.0,0.0,0.0,0.0,0.0,0.0,0.0,0.0,0.0,0.0,0.0,0.0,0.0,0.0,0.0,0.0,0.0,0.0,0.0,0.0,0.0,0.0,0.0,0.0,0.0,0.0,0.0,0.0,0.0,0.0,0.0,0.0,0.0,0.0,0.0,0.0,0.0,0.0,0.0,0.0,0.0,0.0,0.0,0.0,0.0,0.0,0.0,0.0,0.0,0.0,0.0,0.0,0.0,0.0,0.0,0.0,0.46309584379196167,0.7951402068138123,-1.998710246198243e-07,0.4784546494483948,0.7482348680496216,-0.0002899307000916451,0.4970211088657379,0.7176613211631775,-0.002190713072195649,0.5116186141967773,0.6969837546348572,-0.0047446652315557,0.5184077620506287,0.6764756441116333,-0.006806886289268732,0.5265750288963318,0.758892834186554,0.0006348246824927628,0.5373893976211548,0.7495091557502747,-0.00042075919918715954,0.5279868841171265,0.7483289241790771,-0.0028352495282888412,0.5188367962837219,0.7515695691108704,-0.004788569640368223,0.5284823775291443,0.7869795560836792,-0.0011078633833676577,0.5346544981002808,0.7771854400634766,0.0009068254148587584,0.5258997082710266,0.7746310234069824,0.00028278326499275863,0.5175400376319885,0.7780179381370544,-0.0015943202888593078,0.5249433517456055,0.8126949071884155,-0.002750200917944312,0.5302372574806213,0.8016781806945801,-0.0010590782621875405,0.522278368473053,0.7981131672859192,0.00042899209074676037,0.5136931538581848,0.79986572265625,0.00012098484876332805,0.5191493034362793,0.8358403444290161,-0.004574069753289223,0.5253229141235352,0.8266173601150513,-0.0026541550178080797,0.518875002861023,0.8217853307723999,0.0008860835223458707,0.5115821957588196,0.8220521211624146,0.003234623232856393
0.5080472826957703,0.335803359746933,-0.7485096454620361,0.9997598528862,0.5195441842079163,0.2943219244480133,-0.7231355905532837,0.9995809197425842,0.5262513756752014,0.2931012511253357,-0.7232266664505005,0.9995825886726379,0.5324779748916626,0.2925168573856354,-0.7232699990272522,0.9995012283325195,0.4945486783981323,0.29586371779441833,-0.7269529700279236,0.9996480941772461,0.48620760440826416,0.29552528262138367,-0.7270432114601135,0.9996773600578308,0.478322833776474,0.29580533504486084,-0.7273768782615662,0.9996681809425354,0.5421168804168701,0.30703407526016235,-0.4833354949951172,0.9995877742767334,0.4654172956943512,0.3120502829551697,-0.4940658509731293,0.9997576475143433,0.5228426456451416,0.3740718960762024,-0.6519395709037781,0.9999219179153442,0.4920630156993866,0.37485837936401367,-0.6555618643760681,0.9999486207962036,0.6119060516357422,0.5195430517196655,-0.2830358147621155,0.9997749924659729,0.3989155888557434,0.515997052192688,-0.30175313353538513,0.9998064041137695,0.6668404936790466,0.8011706471443176,-0.1947925090789795,0.9850606322288513,0.3341624438762665,0.7925384044647217,-0.4045124053955078,0.9922733306884766,0.609923779964447,0.9636296033859253,-0.389284610748291,0.8947505354881287,0.4470440745353699,0.816537082195282,-0.7113239765167236,0.9089111089706421,0.6077228784561157,1.0520082712173462,-0.44514361023902893,0.7864084243774414,0.48523834347724915,0.8340685367584229,-0.7887954115867615,0.7689404487609863,0.5879468321800232,1.0101630687713623,-0.4887261688709259,0.7986140847206116,0.49035218358039856,0.7872053980827332,-0.7855806350708008,0.7841251492500305,0.5865527391433716,0.9704502820968628,-0.4086862802505493,0.7984523773193359,0.4799306094646454,0.7788705229759216,-0.71095871925354,0.7705056071281433,0.5666561722755432,1.028373122215271,-0.016298288479447365,0.841094434261322,0.4372330904006958,1.0271379947662354,0.01715806871652603,0.8359717130661011,0.5748330354690552,1.4436235427856445,0.08779480308294296,0.06245369091629982,0.4327012002468109,1.4353182315826416,0.09806998074054718,0.05159017816185951,0.5716146230697632,1.782593011856079,0.5206091403961182,0.010387049056589603,0.4388236999511719,1.7821961641311646,0.4203743040561676,0.013607070781290531,0.5730990767478943,1.8269128799438477,0.5472287535667419,0.009039701893925667,0.4388294517993927,1.8311280012130737,0.4445212781429291,0.022927653044462204,0.5551610589027405,1.9136619567871094,0.2692130208015442,0.004249433986842632,0.45616671442985535,1.9066636562347412,0.1400330811738968,0.014645006507635117,0.0,0.0,0.0,0.0,0.0,0.0,0.0,0.0,0.0,0.0,0.0,0.0,0.0,0.0,0.0,0.0,0.0,0.0,0.0,0.0,0.0,0.0,0.0,0.0,0.0,0.0,0.0,0.0,0.0,0.0,0.0,0.0,0.0,0.0,0.0,0.0,0.0,0.0,0.0,0.0,0.0,0.0,0.0,0.0,0.0,0.0,0.0,0.0,0.0,0.0,0.0,0.0,0.0,0.0,0.0,0.0,0.0,0.0,0.0,0.0,0.0,0.0,0.0,0.4646448791027069,0.7893667221069336,-1.8476002594525198e-07,0.4785400629043579,0.7437583208084106,-0.000703832134604454,0.49679887294769287,0.7136867642402649,-0.0024596068542450666,0.5114573240280151,0.6932469010353088,-0.0046573905274271965,0.5180867910385132,0.6727600693702698,-0.006251422688364983,0.5274034142494202,0.752979576587677,0.00012645973765756935,0.5388355851173401,0.7463446259498596,-0.00024577000294812024,0.5303845405578613,0.7444236278533936,-0.0015198440523818135,0.5211061239242554,0.7459133863449097,-0.002624538028612733,0.5294338464736938,0.780981183052063,-0.001000318443402648,0.5354017615318298,0.7737326622009277,0.0016358306165784597,0.5270529985427856,0.770779550075531,0.0018506922060623765,0.5188243389129639,0.7727912664413452,0.0004886930692009628,0.5262190699577332,0.8069268465042114,-0.0020289216190576553,0.5310158729553223,0.7971680164337158,0.0003763510030694306,0.5233377814292908,0.7937853932380676,0.002057023346424103,0.5147604942321777,0.7945150136947632,0.001693563419394195,0.5206709504127502,0.8304526209831238,-0.0032879768405109644,0.5258124470710754,0.8211494088172913,-0.0008441664394922554,0.5192707777023315,0.8160415887832642,0.0025791910011321306,0.512074887752533,0.8152564764022827,0.004715666640549898
0.507932722568512,0.33546504378318787,-0.7466346621513367,0.9997678995132446,0.5195583701133728,0.29415157437324524,-0.7206260561943054,0.9995958209037781,0.5262563228607178,0.2929816246032715,-0.7207138538360596,0.9995977878570557,0.5324766635894775,0.29222217202186584,-0.7207568287849426,0.9995189905166626,0.49447113275527954,0.2956874370574951,-0.7235324382781982,0.999660074710846,0.4860689043998718,0.29547372460365295,-0.7235898375511169,0.9996882677078247,0.47814905643463135,0.2959567904472351,-0.7238969802856445,0.9996786713600159,0.54215407371521,0.30663299560546875,-0.4799274504184723,0.9996030330657959,0.46523913741111755,0.31237009167671204,-0.4884412884712219,0.9997658133506775,0.5229249000549316,0.37384456396102905,-0.6500728726387024,0.999924898147583,0.491916298866272,0.3746308386325836,-0.6524114012718201,0.9999503493309021,0.6125040054321289,0.519320547580719,-0.2861689329147339,0.999784529209137,0.3991967439651489,0.515970766544342,-0.29887768626213074,0.9998093247413635,0.6680192947387695,0.8016430139541626,-0.19925713539123535,0.9853612184524536,0.33455631136894226,0.7907816767692566,-0.4029577672481537,0.9921355247497559,0.6092135906219482,0.9743438959121704,-0.39095011353492737,0.8982208967208862,0.44537463784217834,0.8118520379066467,-0.7148818373680115,0.9096746444702148,0.6080675721168518,1.0737797021865845,-0.44725438952445984,0.7908706068992615,0.48506733775138855,0.8273038268089294,-0.7934705018997192,0.7709323167800903,0.5876284241676331,1.0317142009735107,-0.49107280373573303,0.8029263615608215,0.49141114950180054,0.7796609997749329,-0.7893111705780029,0.7859038710594177,0.5858439207077026,0.9853036403656006,-0.4104902148246765,0.80267333984375,0.48094213008880615,0.7710347771644592,-0.7142917513847351,0.7722565531730652,0.5675541758537292,1.0284115076065063,-0.01875929906964302,0.8433974385261536,0.4376806914806366,1.0273271799087524,0.019673295319080353,0.8385103344917297,0.5759568810462952,1.4430325031280518,0.09204895049333572,0.064395010471344,0.43304353952407837,1.434428334236145,0.10632110387086868,0.05247912183403969,0.5732631683349609,1.7825257778167725,0.5176621079444885,0.010390590876340866,0.4394841492176056,1.7819464206695557,0.42184871435165405,0.013648418709635735,0.575150728225708,1.827475666999817,0.5430575013160706,0.009343171492218971,0.43975257873535156,1.8311212062835693,0.44523733854293823,0.02371007762849331,0.5568163990974426,1.9127036333084106,0.2615514397621155,0.00430474104359746,0.45749184489250183,1.9061007499694824,0.13900350034236908,0.015141880139708519,0.0,0.0,0.0,0.0,0.0,0.0,0.0,0.0,0.0,0.0,0.0,0.0,0.0,0.0,0.0,0.0,0.0,0.0,0.0,0.0,0.0,0.0,0.0,0.0,0.0,0.0,0.0,0.0,0.0,0.0,0.0,0.0,0.0,0.0,0.0,0.0,0.0,0.0,0.0,0.0,0.0,0.0,0.0,0.0,0.0,0.0,0.0,0.0,0.0,0.0,0.0,0.0,0.0,0.0,0.0,0.0,0.0,0.0,0.0,0.0,0.0,0.0,0.0,0.4628862738609314,0.7843837738037109,-1.951289618773444e-07,0.47834527492523193,0.7372601628303528,0.00042146517080254853,0.49687838554382324,0.7075307369232178,-0.000942446815315634,0.511742889881134,0.6867712736129761,-0.002982131438329816,0.5182273983955383,0.6651434302330017,-0.004481819458305836,0.5267982482910156,0.7451092004776001,0.001624434720724821,0.538555920124054,0.7403225302696228,0.0015114924171939492,0.5305972099304199,0.7397942543029785,0.0003773922799155116,0.5216246843338013,0.7408732175827026,-0.0006054920377209783,0.5294994711875916,0.7731919288635254,-4.595804421114735e-05,0.5359283685684204,0.7665454149246216,0.0029720915481448174,0.5278395414352417,0.7639195919036865,0.0029777984600514174,0.5194677710533142,0.7652027606964111,0.001444522407837212,0.526715874671936,0.7993984818458557,-0.0015559621388092637,0.5319634079933167,0.789381742477417,0.0011726028751581907,0.5244492888450623,0.7861554026603699,0.0026287962682545185,0.5158357620239258,0.7865028381347656,0.0020541814155876637,0.5215814709663391,0.8227958679199219,-0.0031940266489982605,0.5268335938453674,0.8124557733535767,-0.0003833849623333663,0.5205820798873901,0.8077766299247742,0.0030659420881420374,0.5133616924285889,0.8071504831314087,0.005169862415641546
0.5075233578681946,0.3347676694393158,-0.7587394118309021,0.9997771382331848,0.5195513963699341,0.29382261633872986,-0.7326026558876038,0.9996130466461182,0.5262502431869507,0.2925946116447449,-0.732667088508606,0.9996163249015808,0.5324572920799255,0.291559100151062,-0.732688307762146,0.9995412826538086,0.49424949288368225,0.2947388291358948,-0.7358553409576416,0.9996736645698547,0.4857596755027771,0.2943405210971832,-0.7359086871147156,0.9997008442878723,0.47783327102661133,0.29457083344459534,-0.7362154126167297,0.999690055847168,0.5421718955039978,0.3059961199760437,-0.49109941720962524,0.9996204972267151,0.4651026725769043,0.3113487958908081,-0.4964275360107422,0.9997740387916565,0.5227829813957214,0.3735637664794922,-0.6627903580665588,0.9999278783798218,0.4914792478084564,0.3737959563732147,-0.6656329035758972,0.9999517202377319,0.6125892400741577,0.5192712545394897,-0.29477211833000183,0.999792754650116,0.400047242641449,0.5159206390380859,-0.31440436840057373,0.9998111724853516,0.6682335138320923,0.8017531633377075,-0.20574508607387543,0.9858765602111816,0.3342694044113159,0.7898239493370056,-0.418053537607193,0.9919501543045044,0.6108558177947998,0.9730461835861206,-0.39644649624824524,0.9034413695335388,0.4462239444255829,0.8041767477989197,-0.7257844805717468,0.9104936718940735,0.6104927062988281,1.0741102695465088,-0.451887309551239,0.798337459564209,0.48516732454299927,0.8204145431518555,-0.8031960129737854,0.7735920548439026,0.5906771421432495,1.033381700515747,-0.49558866024017334,0.8101201057434082,0.4922694265842438,0.7728142142295837,-0.7996405363082886,0.7883668541908264,0.5883000493049622,0.9855508208274841,-0.41590026021003723,0.8097567558288574,0.4810841679573059,0.7645929455757141,-0.7253091335296631,0.774702250957489,0.5676912665367126,1.0280859470367432,-0.016823286190629005,0.8428791761398315,0.4376181662082672,1.0273725986480713,0.01774478517472744,0.8382858037948608,0.5736879110336304,1.4391604661941528,0.09672074764966965,0.06527142971754074,0.4327682852745056,1.4289618730545044,0.10540696978569031,0.05229401960968971,0.5705857872962952,1.780676007270813,0.49989110231399536,0.010321851819753647,0.43900004029273987,1.7778403759002686,0.41229358315467834,0.013340183533728123,0.5723914504051208,1.8261020183563232,0.5231384634971619,0.00953340157866478,0.43894490599632263,1.8268895149230957,0.43469253182411194,0.023656893521547318,0.5535258650779724,1.9084628820419312,0.23944339156150818,0.00431512575596571,0.4557029604911804,1.9004884958267212,0.12664148211479187,0.0152056235820055,0.0,0.0,0.0,0.0,0.0,0.0,0.0,0.0,0.0,0.0,0.0,0.0,0.0,0.0,0.0,0.0,0.0,0.0,0.0,0.0,0.0,0.0,0.0,0.0,0.0,0.0,0.0,0.0,0.0,0.0,0.0,0.0,0.0,0.0,0.0,0.0,0.0,0.0,0.0,0.0,0.0,0.0,0.0,0.0,0.0,0.0,0.0,0.0,0.0,0.0,0.0,0.0,0.0,0.0,0.0,0.0,0.0,0.0,0.0,0.0,0.0,0.0,0.0,0.46466463804244995,0.7745983004570007,-1.9120351169021887e-07,0.47781050205230713,0.7276599407196045,-0.0003970179823227227,0.49585434794425964,0.697388231754303,-0.002045295899733901,0.5104076862335205,0.6764349341392517,-0.004382074810564518,0.5169280767440796,0.6551451683044434,-0.006188599392771721,0.527143657207489,0.7352656722068787,0.002006873954087496,0.5387424826622009,0.7266502976417542,0.0008930214680731297,0.5298753976821899,0.7258540391921997,-0.001704249531030655,0.5206693410873413,0.7291409373283386,-0.0036560005974024534,0.5295827984809875,0.762488603591919,0.0005226248176768422,0.5371256470680237,0.7530134320259094,0.0026725493371486664,0.5285553336143494,0.7506660223007202,0.002088885521516204,0.5199536681175232,0.7540389895439148,0.00030472612706944346,0.5268839597702026,0.7881836891174316,-0.0010466465028002858,0.5334432721138,0.7763907313346863,0.0010130852460861206,0.5255650877952576,0.7731716632843018,0.002408400410786271,0.516951322555542,0.7751390337944031,0.0019707721658051014,0.521895170211792,0.8117409944534302,-0.0028435266576707363,0.5280707478523254,0.7996324300765991,-0.0004361854516901076,0.5214229822158813,0.7944934964179993,0.0029705206397920847,0.5140227675437927,0.7949573993682861,0.005108555778861046
0.5073897242546082,0.3343344032764435,-0.7788485884666443,0.9997918009757996,0.5195223689079285,0.2936148941516876,-0.75113445520401,0.9996380805969238,0.5262305736541748,0.2923628091812134,-0.751214861869812,0.9996429681777954,0.5324116945266724,0.29131782054901123,-0.751255214214325,0.999572217464447,0.49416229128837585,0.29407766461372375,-0.7540829181671143,0.9996939897537231,0.4856134057044983,0.2935852110385895,-0.7541378140449524,0.9997197389602661,0.4776272773742676,0.29375049471855164,-0.7544262409210205,0.9997069835662842,0.5421567559242249,0.30610281229019165,-0.5027194619178772,0.9996452331542969,0.4648903012275696,0.31059497594833374,-0.5144320130348206,0.9997864961624146,0.5226842761039734,0.3734169900417328,-0.6790465116500854,0.9999318718910217,0.4912014901638031,0.37334027886390686,-0.6816455721855164,0.9999537467956543,0.611962080001831,0.5192210674285889,-0.3097556531429291,0.9998006820678711,0.3992212116718292,0.5159156918525696,-0.33737486600875854,0.9998133182525635,0.6683818101882935,0.7970600128173828,-0.21520473062992096,0.9864969253540039,0.334029883146286,0.7887970805168152,-0.4581755995750427,0.9917581081390381,0.6125375032424927,0.9711050391197205,-0.3981761336326599,0.9080165028572083,0.44220036268234253,0.7911008596420288,-0.7856305241584778,0.9117572903633118,0.6117845773696899,1.0662484169006348,-0.44974347949028015,0.8044032454490662,0.482787162065506,0.8037800192832947,-0.8650658130645752,0.7767468094825745,0.5926393866539001,1.0302129983901978,-0.49281415343284607,0.8159781098365784,0.48982152342796326,0.7518213987350464,-0.8596615195274353,0.7912179231643677,0.5899660587310791,0.9862832427024841,-0.41682472825050354,0.8150094151496887,0.4787181317806244,0.7446381449699402,-0.78485506772995,0.7773741483688354,0.5676855444908142,1.0269593000411987,-0.01810339279472828,0.8367644548416138,0.4372628629207611,1.0270020961761475,0.01899123564362526,0.8329375982284546,0.572036862373352,1.4368361234664917,0.10057654976844788,0.06628219038248062,0.43246108293533325,1.4260541200637817,0.1260962337255478,0.05225728824734688,0.5690789818763733,1.7795295715332031,0.49830082058906555,0.010451764799654484,0.4389192759990692,1.7765768766403198,0.4466220736503601,0.013236022554337978,0.5706899762153625,1.8256783485412598,0.5200678706169128,0.00989103689789772,0.43876928091049194,1.8258014917373657,0.4699934422969818,0.02401709370315075,0.5523922443389893,1.9057090282440186,0.22913102805614471,0.00440578768029809,0.45523011684417725,1.8986307382583618,0.15647029876708984,0.015547106973826885,0.0,0.0,0.0,0.0,0.0,0.0,0.0,0.0,0.0,0.0,0.0,0.0,0.0,0.0,0.0,0.0,0.0,0.0,0.0,0.0,0.0,0.0,0.0,0.0,0.0,0.0,0.0,0.0,0.0,0.0,0.0,0.0,0.0,0.0,0.0,0.0,0.0,0.0,0.0,0.0,0.0,0.0,0.0,0.0,0.0,0.0,0.0,0.0,0.0,0.0,0.0,0.0,0.0,0.0,0.0,0.0,0.0,0.0,0.0,0.0,0.0,0.0,0.0,0.46321672201156616,0.7598901987075806,-1.9445351995273086e-07,0.47744128108024597,0.7123546004295349,-0.00040622788947075605,0.495073527097702,0.6817857027053833,-0.0024899898562580347,0.5095198154449463,0.6613012552261353,-0.005255891941487789,0.516265332698822,0.6400036811828613,-0.007423688191920519,0.526494026184082,0.7195892930030823,0.000519145280122757,0.5393983125686646,0.7102332711219788,-0.0007546953274868429,0.5296382904052734,0.708728551864624,-0.0030252321157604456,0.5199635624885559,0.7121277451515198,-0.00473876902833581,0.5292757749557495,0.7475868463516235,-0.0009268610156141222,0.5375685095787048,0.7361932396888733,0.000996802351437509,0.5285580158233643,0.7333779335021973,0.0007711470825597644,0.5199041962623596,0.7374781370162964,-0.0008477114606648684,0.5269689559936523,0.7734007239341736,-0.0023297197185456753,0.5338995456695557,0.7605414390563965,-0.00042541479342617095,0.5259523391723633,0.7571056485176086,0.0013185713905841112,0.516899824142456,0.7597301006317139,0.0010763497557491064,0.5223798155784607,0.7964157462120056,-0.003937568515539169,0.5287500619888306,0.7839415073394775,-0.001514902338385582,0.5217887163162231,0.7785094380378723,0.002181245246902108,0.5138148069381714,0.779312789440155,0.004525523167103529
0.5069695115089417,0.33375462889671326,-0.7700501680374146,0.9998060464859009,0.5191976428031921,0.2933618128299713,-0.7411043047904968,0.9996617436408997,0.5260033011436462,0.29223647713661194,-0.7412230968475342,0.9996684193611145,0.5321111083030701,0.2911831736564636,-0.7412717342376709,0.9996020793914795,0.4939756989479065,0.29357102513313293,-0.7436978220939636,0.9997131824493408,0.48542729020118713,0.2930295467376709,-0.7437055706977844,0.9997376203536987,0.47738131880760193,0.2931857109069824,-0.7439601421356201,0.999723494052887,0.5420777201652527,0.30614179372787476,-0.48877179622650146,0.9996688961982727,0.4646710753440857,0.3099747896194458,-0.4993080794811249,0.9997979998588562,0.5222364664077759,0.37291592359542847,-0.6700524687767029,0.999936044216156,0.4904821813106537,0.37242603302001953,-0.672362208366394,0.9999556541442871,0.6111477613449097,0.5189296007156372,-0.30051931738853455,0.9998095631599426,0.3989351689815521,0.5158348679542542,-0.3293609917163849,0.9998164772987366,0.6671611070632935,0.7922918796539307,-0.2200881391763687,0.9868424534797668,0.33456316590309143,0.7860227823257446,-0.47578132152557373,0.9918916821479797,0.6127787232398987,0.9727899432182312,-0.40271997451782227,0.9134703874588013,0.44139423966407776,0.7727562189102173,-0.8231676816940308,0.9159500598907471,0.6116942763328552,1.0692837238311768,-0.45390555262565613,0.8127856850624084,0.4802356958389282,0.7860282063484192,-0.9053831100463867,0.7860874533653259,0.5927833318710327,1.034915566444397,-0.49611470103263855,0.8239129781723022,0.4877399802207947,0.7354263663291931,-0.8967511057853699,0.8001127243041992,0.5900202393531799,0.9896975755691528,-0.4210309088230133,0.8229941725730896,0.47700878977775574,0.72905033826828,-0.8220157027244568,0.7862848043441772,0.5676468014717102,1.0259439945220947,-0.014202384278178215,0.8341251015663147,0.4372149705886841,1.0262893438339233,0.015053221955895424,0.8297637701034546,0.5720142126083374,1.4325464963912964,0.10173726081848145,0.06722607463598251,0.4326336085796356,1.4203788042068481,0.12764161825180054,0.05180699750781059,0.5691343545913696,1.7731318473815918,0.5177708268165588,0.010492423549294472,0.43953096866607666,1.7682404518127441,0.4672476053237915,0.012824313715100288,0.5708231329917908,1.8180190324783325,0.5428219437599182,0.010206262581050396,0.4395577013492584,1.8160203695297241,0.49299177527427673,0.024011151865124702,0.552690327167511,1.8975688219070435,0.2550971806049347,0.004428497049957514,0.4572533369064331,1.8883191347122192,0.1833016723394394,0.015462933108210564,0.0,0.0,0.0,0.0,0.0,0.0,0.0,0.0,0.0,0.0,0.0,0.0,0.0,0.0,0.0,0.0,0.0,0.0,0.0,0.0,0.0,0.0,0.0,0.0,0.0,0.0,0.0,0.0,0.0,0.0,0.0,0.0,0.0,0.0,0.0,0.0,0.0,0.0,0.0,0.0,0.0,0.0,0.0,0.0,0.0,0.0,0.0,0.0,0.0,0.0,0.0,0.0,0.0,0.0,0.0,0.0,0.0,0.0,0.0,0.0,0.0,0.0,0.0,0.4650813639163971,0.7440258264541626,-2.0405065015438595e-07,0.4773263931274414,0.6953772306442261,-5.53534300706815e-05,0.4942170977592468,0.6641741991043091,-0.002063891151919961,0.5083169341087341,0.6426666378974915,-0.0048451973125338554,0.5142033696174622,0.6209417581558228,-0.00714095076546073,0.5254617929458618,0.6997244358062744,0.000551448785699904,0.5381497144699097,0.689366340637207,-0.0011857665376737714,0.5287097096443176,0.6893757581710815,-0.003990158438682556,0.5190266370773315,0.6941021084785461,-0.005992439109832048,0.5287903547286987,0.727095901966095,-0.0012060946319252253,0.5368406772613525,0.7165204286575317,0.0007570637972094119,0.5279405117034912,0.7142137289047241,0.00043538218596950173,0.519497811794281,0.7186402678489685,-0.0012927602510899305,0.5268999338150024,0.7531177997589111,-0.0029576069209724665,0.5334588885307312,0.7408754229545593,-0.0010587361175566912,0.5257927179336548,0.7376765012741089,0.0006096858414821327,0.5171037912368774,0.7408499717712402,0.0002931723720394075,0.5226834416389465,0.7765109539031982,-0.004884847439825535,0.5285208821296692,0.7644528746604919,-0.002289376687258482,0.5216512084007263,0.7595714330673218,0.00153301318641752,0.5137940645217896,0.7610101699829102,0.0039029077161103487
0.5067819356918335,0.33426645398139954,-0.7556326389312744,0.9998198747634888,0.5187942385673523,0.2931554317474365,-0.7298114895820618,0.9996848702430725,0.5256918668746948,0.2921725809574127,-0.7298611998558044,0.9996927380561829,0.5317023396492004,0.2912273705005646,-0.729915201663971,0.9996320605278015,0.4938082695007324,0.2937268912792206,-0.7326145172119141,0.9997312426567078,0.4853294789791107,0.2933160364627838,-0.7326734066009521,0.9997535347938538,0.47732600569725037,0.2936537265777588,-0.7329370379447937,0.9997385144233704,0.5418527722358704,0.30639779567718506,-0.48711398243904114,0.9996929168701172,0.46463543176651,0.3098534047603607,-0.49595439434051514,0.9998084306716919,0.521969199180603,0.37251219153404236,-0.6569331884384155,0.9999405145645142,0.4899098575115204,0.37283647060394287,-0.6598941087722778,0.9999578595161438,0.6107894778251648,0.5184299349784851,-0.2991369068622589,0.9998199939727783,0.3981218636035919,0.5159165859222412,-0.32841092348098755,0.9998207688331604,0.6669422388076782,0.7889714241027832,-0.22497279942035675,0.9871479272842407,0.33347126841545105,0.7840616703033447,-0.5002673268318176,0.9921002388000488,0.6134887933731079,0.9719733595848083,-0.3939763903617859,0.9178617596626282,0.4417101740837097,0.7485742568969727,-0.8689231872558594,0.920241117477417,0.6116260886192322,1.0661669969558716,-0.4408322870731354,0.8196361064910889,0.48233750462532043,0.7509070634841919,-0.9523451924324036,0.7946983575820923,0.5928279757499695,1.0365588665008545,-0.4820910394191742,0.830440104007721,0.4886988699436188,0.7030993103981018,-0.9377484917640686,0.8082645535469055,0.5903052091598511,0.9934136271476746,-0.41102972626686096,0.8289732336997986,0.477975457906723,0.7007520198822021,-0.8659414052963257,0.7945182919502258,0.5680378079414368,1.024509072303772,-0.012093307450413704,0.8347999453544617,0.4373207986354828,1.0251649618148804,0.012881954200565815,0.8302463889122009,0.5719687938690186,1.4304776191711426,0.10429132729768753,0.06866806745529175,0.43269577622413635,1.4179707765579224,0.1319560408592224,0.0528017058968544,0.5698481798171997,1.7677075862884521,0.5210683345794678,0.010584812611341476,0.43986251950263977,1.7627187967300415,0.4834759533405304,0.012661585584282875,0.5712732672691345,1.811928153038025,0.5462280511856079,0.01045629195868969,0.4399510324001312,1.8094749450683594,0.5105140805244446,0.023762082681059837,0.5544044971466064,1.8924963474273682,0.26340246200561523,0.004476616624742746,0.4592885971069336,1.8832436800003052,0.20633912086486816,0.015308823436498642,0.0,0.0,0.0,0.0,0.0,0.0,0.0,0.0,0.0,0.0,0.0,0.0,0.0,0.0,0.0,0.0,0.0,0.0,0.0,0.0,0.0,0.0,0.0,0.0,0.0,0.0,0.0,0.0,0.0,0.0,0.0,0.0,0.0,0.0,0.0,0.0,0.0,0.0,0.0,0.0,0.0,0.0,0.0,0.0,0.0,0.0,0.0,0.0,0.0,0.0,0.0,0.0,0.0,0.0,0.0,0.0,0.0,0.0,0.0,0.0,0.0,0.0,0.0,0.46555250883102417,0.7247042655944824,-1.902303239376124e-07,0.4770643711090088,0.6746762990951538,4.0950933907879516e-05,0.4922841191291809,0.6424628496170044,-0.002110788831487298,0.5058373808860779,0.6207558512687683,-0.004982660058885813,0.5120452642440796,0.5993835926055908,-0.007349012885242701,0.5249987840652466,0.6774067878723145,-0.0001205377557198517,0.5374082326889038,0.666435718536377,-0.0011776413302868605,0.5282149314880371,0.6670451164245605,-0.0031147131230682135,0.5188102126121521,0.6722692847251892,-0.004566239193081856,0.5291122794151306,0.7047454714775085,-0.0017742040799930692,0.5373328924179077,0.6937692165374756,0.0006324741407297552,0.5285972952842712,0.6917981505393982,0.0006760421674698591,0.5200873613357544,0.6965897083282471,-0.0008892409387044609,0.5278384685516357,0.7305704951286316,-0.003252110444009304,0.5345728993415833,0.7178798317909241,-0.0007893560105003417,0.5267669558525085,0.7154109477996826,0.0011104251025244594,0.5178856253623962,0.7189261317253113,0.000753231521230191,0.5241554379463196,0.7538300156593323,-0.004897681530565023,0.5297974348068237,0.7414654493331909,-0.002113556256517768,0.5225857496261597,0.7373024225234985,0.001741205807775259,0.5146373510360718,0.7389125227928162,0.0041053942404687405
0.505946934223175,0.33513253927230835,-0.6975576281547546,0.9998345375061035,0.5176230072975159,0.293159157037735,-0.673479437828064,0.9997100234031677,0.5248053073883057,0.2921620309352875,-0.6735340356826782,0.9997179508209229,0.5307673811912537,0.2912667393684387,-0.6735618710517883,0.9996632933616638,0.49286359548568726,0.29433780908584595,-0.6744477152824402,0.999751091003418,0.48450765013694763,0.2941168546676636,-0.6744786500930786,0.99977046251297,0.47664305567741394,0.29466018080711365,-0.6747440099716187,0.9997553825378418,0.541271984577179,0.30659544467926025,-0.4376164376735687,0.9997183084487915,0.4646432101726532,0.31012585759162903,-0.4383401870727539,0.9998195171356201,0.521468460559845,0.37262916564941406,-0.6035146713256836,0.9999454021453857,0.4895390570163727,0.37357622385025024,-0.6040570139884949,0.9999603033065796,0.6105889678001404,0.5175036191940308,-0.2573698163032532,0.9998350143432617,0.39811843633651733,0.5156015753746033,-0.2521781921386719,0.9998275637626648,0.6656202077865601,0.7872233390808105,-0.19308587908744812,0.9877817034721375,0.3333175778388977,0.7770598530769348,-0.4735940396785736,0.9924907684326172,0.6137194037437439,0.9675271511077881,-0.3615439236164093,0.9245555996894836,0.4472915530204773,0.7322847247123718,-0.8699211478233337,0.9254333972930908,0.6109844446182251,1.0601506233215332,-0.4074707627296448,0.8314757943153381,0.4867911636829376,0.7237064242362976,-0.9553126096725464,0.8060277700424194,0.5914742946624756,1.0279181003570557,-0.44653216004371643,0.8416466116905212,0.4916863739490509,0.6828172206878662,-0.9338598251342773,0.8189656138420105,0.5891187191009521,0.9868381023406982,-0.37738656997680664,0.8396655321121216,0.4829397201538086,0.6830570101737976,-0.8651344180107117,0.8057387471199036,0.5682721734046936,1.0243282318115234,-0.013806863687932491,0.8446269035339355,0.43763357400894165,1.0245107412338257,0.014649779535830021,0.8388687372207642,0.5693147778511047,1.4286223649978638,0.08838226646184921,0.07104240357875824,0.43157336115837097,1.4158244132995605,0.12117146700620651,0.05517338588833809,0.5674927234649658,1.764644980430603,0.48703354597091675,0.010355786420404911,0.4391845464706421,1.758543848991394,0.4551612138748169,0.012529540807008743,0.5690270066261292,1.8084300756454468,0.5114668607711792,0.010168970562517643,0.438855916261673,1.8044825792312622,0.4805075228214264,0.023314490914344788,0.5514816045761108,1.8896551132202148,0.23450522124767303,0.004426135215908289,0.45794108510017395,1.8790433406829834,0.18256840109825134,0.014985855668783188,0.0,0.0,0.0,0.0,0.0,0.0,0.0,0.0,0.0,0.0,0.0,0.0,0.0,0.0,0.0,0.0,0.0,0.0,0.0,0.0,0.0,0.0,0.0,0.0,0.0,0.0,0.0,0.0,0.0,0.0,0.0,0.0,0.0,0.0,0.0,0.0,0.0,0.0,0.0,0.0,0.0,0.0,0.0,0.0,0.0,0.0,0.0,0.0,0.0,0.0,0.0,0.0,0.0,0.0,0.0,0.0,0.0,0.0,0.0,0.0,0.0,0.0,0.0,0.465190589427948,0.7024931907653809,-1.8226556619538314e-07,0.4755917489528656,0.6529351472854614,-0.0004154145426582545,0.4912607669830322,0.6187911629676819,-0.00236234487965703,0.5043235421180725,0.5954090356826782,-0.0049709128215909,0.509024977684021,0.5731964707374573,-0.0070265005342662334,0.5234310030937195,0.6517030000686646,-8.814973261905834e-05,0.5362602472305298,0.6415876150131226,-0.0016276311362162232,0.5273035168647766,0.6426811814308167,-0.003953617997467518,0.5178136229515076,0.647697925567627,-0.005610459018498659,0.5274567008018494,0.6789604425430298,-0.0017338258912786841,0.5365647673606873,0.6697251200675964,0.0002295268641319126,0.5281160473823547,0.6687886714935303,0.0002658289740793407,0.51973956823349,0.6731002330780029,-0.001176490099169314,0.5264984369277954,0.7053029537200928,-0.0033707080874592066,0.5337534546852112,0.6947316527366638,-0.0010844708885997534,0.5262985825538635,0.6931034922599792,0.0009871069341897964,0.5177565217018127,0.6960734128952026,0.0008099342230707407,0.5230438709259033,0.7297217845916748,-0.005269442684948444,0.5292854905128479,0.7196386456489563,-0.002536172978579998,0.5226007103919983,0.7161122560501099,0.0013469211990013719,0.5151950716972351,0.7172655463218689,0.003694376442581415
0.504421591758728,0.33589446544647217,-0.6656178832054138,0.9998452663421631,0.5162612199783325,0.2933865785598755,-0.642384946346283,0.9997277855873108,0.5238069891929626,0.29238852858543396,-0.6424559354782104,0.9997358918190002,0.5297459959983826,0.29197993874549866,-0.6425066590309143,0.9996858239173889,0.491637647151947,0.29513224959373474,-0.6412546038627625,0.9997645020484924,0.48349234461784363,0.29500705003738403,-0.6412593722343445,0.9997817873954773,0.4756833612918854,0.29562097787857056,-0.6415167450904846,0.9997662901878357,0.5408255457878113,0.3073112368583679,-0.4115692973136902,0.9997384548187256,0.4645940959453583,0.31012162566185,-0.40128272771835327,0.9998266696929932,0.520226776599884,0.3727544844150543,-0.5735260248184204,0.9999491572380066,0.4882407784461975,0.3736021816730499,-0.5712505578994751,0.9999617338180542,0.6105716824531555,0.5164969563484192,-0.23789502680301666,0.9998483657836914,0.3983895182609558,0.5141456723213196,-0.18321557343006134,0.9998328685760498,0.6664164662361145,0.7858044505119324,-0.18296177685260773,0.9885449409484863,0.3341805338859558,0.7665280699729919,-0.44872093200683594,0.9927557706832886,0.6128575205802917,0.9694249033927917,-0.3429807722568512,0.9309521913528442,0.4444795250892639,0.7079830765724182,-0.8647671937942505,0.9305290579795837,0.6091896295547485,1.0579841136932373,-0.3901848793029785,0.8429238796234131,0.48311808705329895,0.6849204897880554,-0.9541550278663635,0.8164851069450378,0.5896831154823303,1.026753306388855,-0.4283406138420105,0.8524225354194641,0.48865601420402527,0.6519151329994202,-0.929777979850769,0.8288231492042542,0.5874225497245789,0.9882816076278687,-0.3587362468242645,0.8503409028053284,0.48022618889808655,0.6548033356666565,-0.8605644106864929,0.8164040446281433,0.567923903465271,1.0249699354171753,-0.02380344830453396,0.8519864082336426,0.4381280839443207,1.0244969129562378,0.02469157613813877,0.8444052338600159,0.5686323046684265,1.4306541681289673,0.06521465629339218,0.07301206141710281,0.43149271607398987,1.4176377058029175,0.12753678858280182,0.057350561022758484,0.5657025575637817,1.7682515382766724,0.4613927900791168,0.009973524138331413,0.43853557109832764,1.7601107358932495,0.46316996216773987,0.012254820205271244,0.5678445100784302,1.8130379915237427,0.4848010838031769,0.0098270233720541,0.43830591440200806,1.8067266941070557,0.489020973443985,0.023196112364530563,0.5486322641372681,1.893000602722168,0.20442615449428558,0.004264716524630785,0.45400765538215637,1.8799248933792114,0.19123919308185577,0.014743958599865437,0.0,0.0,0.0,0.0,0.0,0.0,0.0,0.0,0.0,0.0,0.0,0.0,0.0,0.0,0.0,0.0,0.0,0.0,0.0,0.0,0.0,0.0,0.0,0.0,0.0,0.0,0.0,0.0,0.0,0.0,0.0,0.0,0.0,0.0,0.0,0.0,0.0,0.0,0.0,0.0,0.0,0.0,0.0,0.0,0.0,0.0,0.0,0.0,0.0,0.0,0.0,0.0,0.0,0.0,0.0,0.0,0.0,0.0,0.0,0.0,0.0,0.0,0.0,0.46464645862579346,0.6823229789733887,-2.307902207121515e-07,0.4737555980682373,0.6308701038360596,0.0001960529771167785,0.48856231570243835,0.5962603688240051,-0.001991253113374114,0.5016024708747864,0.5707595348358154,-0.004747091326862574,0.5054339170455933,0.5470796227455139,-0.006956574972718954,0.5248534083366394,0.6225042939186096,-0.0012720052618533373,0.5336779952049255,0.6170876622200012,-0.0021048521157354116,0.5247541666030884,0.6207040548324585,-0.004000734072178602,0.5157243609428406,0.6254651546478271,-0.005705679301172495,0.5299962759017944,0.6490138173103333,-0.003452049568295479,0.5323675870895386,0.646773636341095,-0.0003769205359276384,0.5233609080314636,0.647990345954895,-0.00027096655685454607,0.5155219435691833,0.651325523853302,-0.0022661262191832066,0.528895378112793,0.6766053438186646,-0.005277721211314201,0.5297495722770691,0.6713822484016418,-0.0023068974260240793,0.5218479633331299,0.6711201667785645,-3.278004805906676e-05,0.5137647390365601,0.6731879115104675,-0.0005656550056301057,0.5251550078392029,0.7018204927444458,-0.007323042955249548,0.5266514420509338,0.6967003345489502,-0.004124141298234463,0.5192486047744751,0.6943216919898987,6.179764750413597e-05,0.5119336247444153,0.6947028040885925,0.002390848705545068
0.5025477409362793,0.3405068516731262,-0.6498697996139526,0.9998558163642883,0.51496821641922,0.2960857152938843,-0.6278638243675232,0.9997448921203613,0.522787868976593,0.29404962062835693,-0.6279392242431641,0.9997524619102478,0.5290926098823547,0.2930033504962921,-0.6279883980751038,0.9997063875198364,0.490715354681015,0.29987943172454834,-0.6253700256347656,0.9997778534889221,0.48260247707366943,0.3001646399497986,-0.6253783702850342,0.9997933506965637,0.4748569130897522,0.3007693588733673,-0.625633180141449,0.999778687953949,0.540659487247467,0.30775976181030273,-0.3985265791416168,0.9997566342353821,0.4645366966724396,0.3120315670967102,-0.3824722468852997,0.9998368620872498,0.5187499523162842,0.37555867433547974,-0.5582298636436462,0.9999531507492065,0.4876824915409088,0.37797966599464417,-0.5540132522583008,0.9999638199806213,0.6107056140899658,0.5146238207817078,-0.22174838185310364,0.9998635649681091,0.3989535868167877,0.5118139386177063,-0.1914348155260086,0.9998445510864258,0.6676371693611145,0.7852139472961426,-0.17022113502025604,0.9894608855247498,0.3336329758167267,0.7616559863090515,-0.4373091459274292,0.9932672381401062,0.6146181225776672,0.9676762223243713,-0.3407745361328125,0.937688410282135,0.44358739256858826,0.6921336650848389,-0.87489253282547,0.9342312812805176,0.6101050972938538,1.0554225444793701,-0.3893670439720154,0.8554789423942566,0.4811031222343445,0.668667197227478,-0.9673118591308594,0.823647141456604,0.5904004573822021,1.026239037513733,-0.4261668026447296,0.8642117381095886,0.48657116293907166,0.6353077292442322,-0.9427865147590637,0.8354772925376892,0.5887124538421631,0.9884430170059204,-0.35607385635375977,0.8615550994873047,0.47893694043159485,0.6372479200363159,-0.8711773157119751,0.8244008421897888,0.5680345296859741,1.024931788444519,-0.024114927276968956,0.8593581318855286,0.4384593963623047,1.0239598751068115,0.025057455524802208,0.8506588339805603,0.5688173174858093,1.428834080696106,0.057531945407390594,0.07035081833600998,0.43197721242904663,1.4157291650772095,0.1173182800412178,0.056657079607248306,0.5656282901763916,1.767739176750183,0.45652759075164795,0.009193754754960537,0.4391120970249176,1.7594856023788452,0.44331660866737366,0.011517351493239403,0.5679265856742859,1.8125243186950684,0.480350524187088,0.009002706967294216,0.4390353560447693,1.8063077926635742,0.4681147038936615,0.02182614617049694,0.5479600429534912,1.8924864530563354,0.20223599672317505,0.003977811895310879,0.4534839689731598,1.8792569637298584,0.16931357979774475,0.013910877518355846,0.0,0.0,0.0,0.0,0.0,0.0,0.0,0.0,0.0,0.0,0.0,0.0,0.0,0.0,0.0,0.0,0.0,0.0,0.0,0.0,0.0,0.0,0.0,0.0,0.0,0.0,0.0,0.0,0.0,0.0,0.0,0.0,0.0,0.0,0.0,0.0,0.0,0.0,0.0,0.0,0.0,0.0,0.0,0.0,0.0,0.0,0.0,0.0,0.0,0.0,0.0,0.0,0.0,0.0,0.0,0.0,0.0,0.0,0.0,0.0,0.0,0.0,0.0,0.4645628035068512,0.6600227355957031,-2.1321322662970488e-07,0.4720650017261505,0.6093851923942566,-0.0003650271100923419,0.48587241768836975,0.5723779797554016,-0.00267753005027771,0.49825209379196167,0.5458072423934937,-0.005434883292764425,0.5023731589317322,0.522005558013916,-0.0075847674161195755,0.521937370300293,0.5978544354438782,-0.0018704503308981657,0.5320212841033936,0.5910360813140869,-0.0024849092587828636,0.5228990912437439,0.5938243269920349,-0.003881098935380578,0.5138096213340759,0.5992557406425476,-0.0051947119645774364,0.527286946773529,0.6247299909591675,-0.0034857781138271093,0.5319203734397888,0.6197195649147034,-0.00017834796744864434,0.5228736400604248,0.6201673746109009,0.0005135462852194905,0.5150618553161621,0.6246924996376038,-0.0011196073610335588,0.5269789099693298,0.6523052453994751,-0.004810695070773363,0.5302057266235352,0.6447047591209412,-0.001686026225797832,0.5223580598831177,0.6442189812660217,0.0008401705417782068,0.5140846371650696,0.6479039788246155,0.00045588173088617623,0.5243930220603943,0.6779484152793884,-0.006348457187414169,0.5279704332351685,0.6702722907066345,-0.003097329754382372,0.5206100940704346,0.6681720018386841,0.0011518463725224137,0.5133270621299744,0.6700799465179443,0.003502303035929799
0.5013453960418701,0.34118711948394775,-0.6581060290336609,0.9998641610145569,0.5143700838088989,0.2966471016407013,-0.6356769800186157,0.9997579455375671,0.5221932530403137,0.2942897081375122,-0.6357570886611938,0.9997645616531372,0.5289893746376038,0.29327988624572754,-0.6357953548431396,0.9997218251228333,0.49030810594558716,0.3012111186981201,-0.6316368579864502,0.9997878670692444,0.4822842478752136,0.30186429619789124,-0.6316231489181519,0.9998018741607666,0.47447437047958374,0.30266329646110535,-0.631883978843689,0.9997884035110474,0.5407118201255798,0.30772218108177185,-0.3996974229812622,0.9997696280479431,0.4645836651325226,0.31306377053260803,-0.3780055046081543,0.9998456239700317,0.5175299048423767,0.3759579360485077,-0.5648231506347656,0.9999557733535767,0.4869222342967987,0.3780306279659271,-0.5586429834365845,0.9999648332595825,0.6102880239486694,0.5118598937988281,-0.22670510411262512,0.9998733401298523,0.3993817865848541,0.5074401497840881,-0.17171694338321686,0.999851405620575,0.667637825012207,0.7847878932952881,-0.18511904776096344,0.990145206451416,0.33125391602516174,0.752113938331604,-0.4486309885978699,0.9936601519584656,0.6127780079841614,0.9685879349708557,-0.33858004212379456,0.942436933517456,0.443756103515625,0.6785846948623657,-0.9003261923789978,0.9370795488357544,0.6087400317192078,1.0566134452819824,-0.3873487114906311,0.8641164898872375,0.4806492030620575,0.6488685607910156,-0.994292676448822,0.8285780549049377,0.5882575511932373,1.0274842977523804,-0.4211379587650299,0.8722374439239502,0.4860146939754486,0.6159305572509766,-0.9683211445808411,0.8398216366767883,0.5861642956733704,0.9902153015136719,-0.3530143201351166,0.8691396713256836,0.47864866256713867,0.6192280650138855,-0.8973864316940308,0.8300743699073792,0.5675849914550781,1.024775505065918,-0.02810327522456646,0.8525885343551636,0.4392727315425873,1.0231437683105469,0.029121994972229004,0.842094361782074,0.5677288770675659,1.4278663396835327,0.03342515602707863,0.06651703268289566,0.43166959285736084,1.4140942096710205,0.12798546254634857,0.05484423413872719,0.5640695095062256,1.7695540189743042,0.4207874536514282,0.008332393132150173,0.4393914043903351,1.7590439319610596,0.4546962082386017,0.010684827342629433,0.5669519305229187,1.8154711723327637,0.44171467423439026,0.00815484207123518,0.4394108057022095,1.806670069694519,0.4795326888561249,0.020567545667290688,0.5458583831787109,1.8929479122161865,0.1510276049375534,0.0036652907729148865,0.4525085687637329,1.8776921033859253,0.17296940088272095,0.013131855987012386,0.0,0.0,0.0,0.0,0.0,0.0,0.0,0.0,0.0,0.0,0.0,0.0,0.0,0.0,0.0,0.0,0.0,0.0,0.0,0.0,0.0,0.0,0.0,0.0,0.0,0.0,0.0,0.0,0.0,0.0,0.0,0.0,0.0,0.0,0.0,0.0,0.0,0.0,0.0,0.0,0.0,0.0,0.0,0.0,0.0,0.0,0.0,0.0,0.0,0.0,0.0,0.0,0.0,0.0,0.0,0.0,0.0,0.0,0.0,0.0,0.0,0.0,0.0,0.46536892652511597,0.6370788812637329,-2.1777604786166194e-07,0.4713533818721771,0.5853413939476013,-0.0014233735855668783,0.4834483563899994,0.5493718385696411,-0.004617275204509497,0.4952757954597473,0.5232231020927429,-0.007932301610708237,0.498652845621109,0.5001994967460632,-0.0105951689183712,0.5210174322128296,0.5714211463928223,-0.004397062584757805,0.5287042856216431,0.5686201453208923,-0.0053656077943742275,0.5196510553359985,0.5747089982032776,-0.006793802138417959,0.5107715725898743,0.5798354744911194,-0.008205795660614967,0.5269969701766968,0.5980554819107056,-0.005950423423200846,0.528824508190155,0.5986416935920715,-0.003373954677954316,0.519855260848999,0.6014977097511292,-0.003255504881963134,0.5122301578521729,0.605059802532196,-0.005202184896916151,0.5268353223800659,0.6261087656021118,-0.007064283359795809,0.5275126695632935,0.622854471206665,-0.00463741272687912,0.5194504857063293,0.6239584684371948,-0.0024219052866101265,0.5115541815757751,0.6263923645019531,-0.0028816082049161196,0.5242156386375427,0.652222216129303,-0.008459443226456642,0.5257204174995422,0.6483466029167175,-0.006062722764909267,0.518215000629425,0.6472924947738647,-0.0021260688081383705,0.5111551880836487,0.647951066493988,0.00020518159726634622
0.5021833777427673,0.3424474596977234,-0.6167669892311096,0.9998667240142822,0.5152888894081116,0.29762813448905945,-0.5926569104194641,0.999760627746582,0.5229974985122681,0.2950339913368225,-0.5927532911300659,0.9997657537460327,0.5300122499465942,0.29419606924057007,-0.5927955508232117,0.9997255206108093,0.4918239414691925,0.30306705832481384,-0.5886927247047424,0.9997885227203369,0.4836396872997284,0.30373507738113403,-0.5886581540107727,0.9998024106025696,0.4759329557418823,0.3042798936367035,-0.5889257788658142,0.9997901916503906,0.5412085652351379,0.3079792261123657,-0.35642334818840027,0.999772310256958,0.46498486399650574,0.3138357400894165,-0.33232539892196655,0.9998492002487183,0.5176974534988403,0.37694376707077026,-0.5236266255378723,0.9999557733535767,0.48759564757347107,0.37906157970428467,-0.5174656510353088,0.9999634027481079,0.6096476912498474,0.5094026327133179,-0.19235816597938538,0.9998817443847656,0.4005330502986908,0.5043550133705139,-0.16830222308635712,0.9998553395271301,0.6668245196342468,0.7802492380142212,-0.16068509221076965,0.9910001754760742,0.3321607708930969,0.7453271746635437,-0.4361132085323334,0.9940643310546875,0.6136080026626587,0.9658592939376831,-0.3142968416213989,0.9479195475578308,0.4416370987892151,0.6473241448402405,-0.9001997113227844,0.9393513202667236,0.6106306314468384,1.054758906364441,-0.3640448749065399,0.8745837807655334,0.47599321603775024,0.6157519221305847,-0.9979941844940186,0.8332605957984924,0.5910399556159973,1.0287212133407593,-0.39741653203964233,0.8818255066871643,0.47991999983787537,0.5835157632827759,-0.970894455909729,0.8439648747444153,0.5880679488182068,0.9911038875579834,-0.3295241892337799,0.87892085313797,0.47289910912513733,0.5893287658691406,-0.898504912853241,0.8356060981750488,0.5685261487960815,1.0247825384140015,-0.029193488880991936,0.8464059233665466,0.44073423743247986,1.0232014656066895,0.03032228909432888,0.832315981388092,0.5693861842155457,1.4298949241638184,0.0078325429931283,0.06181946024298668,0.43169957399368286,1.418147087097168,0.11553870886564255,0.05189161375164986,0.5638644099235535,1.7734789848327637,0.36463963985443115,0.007367190904915333,0.4390779137611389,1.7649824619293213,0.41042062640190125,0.00977933406829834,0.5672260522842407,1.820008397102356,0.3818409740924835,0.0072371382266283035,0.4390050768852234,1.812319278717041,0.43244439363479614,0.019064484164118767,0.5447736978530884,1.9004539251327515,0.0858481302857399,0.0033556302078068256,0.45274239778518677,1.8848928213119507,0.1218130812048912,0.012226605787873268,0.0,0.0,0.0,0.0,0.0,0.0,0.0,0.0,0.0,0.0,0.0,0.0,0.0,0.0,0.0,0.0,0.0,0.0,0.0,0.0,0.0,0.0,0.0,0.0,0.0,0.0,0.0,0.0,0.0,0.0,0.0,0.0,0.0,0.0,0.0,0.0,0.0,0.0,0.0,0.0,0.0,0.0,0.0,0.0,0.0,0.0,0.0,0.0,0.0,0.0,0.0,0.0,0.0,0.0,0.0,0.0,0.0,0.0,0.0,0.0,0.0,0.0,0.0,0.4634222686290741,0.6160598397254944,-2.403367886927299e-07,0.47033369541168213,0.5649752616882324,-0.0007489924319088459,0.48255062103271484,0.526890218257904,-0.003490687347948551,0.49376487731933594,0.4991212487220764,-0.0064673107117414474,0.4971715211868286,0.47579634189605713,-0.008838471956551075,0.5193694233894348,0.5484982132911682,-0.0034859527368098497,0.5273481011390686,0.5437831878662109,-0.00549946678802371,0.5176828503608704,0.5488447546958923,-0.00794337410479784,0.5083831548690796,0.5544050335884094,-0.009832535870373249,0.5255097150802612,0.5752755999565125,-0.005305781494826078,0.5277084112167358,0.5734736919403076,-0.003310589585453272,0.5188088417053223,0.5759930610656738,-0.0032970719039440155,0.5111549496650696,0.5803297758102417,-0.005171053111553192,0.5255680084228516,0.6033298969268799,-0.006804507225751877,0.5259939432144165,0.5987071394920349,-0.0048551904037594795,0.5185701251029968,0.5999369025230408,-0.0028497695457190275,0.511119544506073,0.6030636429786682,-0.0033036035019904375,0.5232217907905579,0.6295589208602905,-0.008513426408171654,0.5238454341888428,0.6245256662368774,-0.0066970898769795895,0.5164423584938049,0.6235986948013306,-0.0030778900254517794,0.5098465085029602,0.6245059967041016,-0.0008389224531129003
0.5027368068695068,0.3430981934070587,-0.613399863243103,0.9998627305030823,0.5161307454109192,0.2982679009437561,-0.5870431661605835,0.9997522234916687,0.5237733721733093,0.2954641282558441,-0.5871686339378357,0.9997565150260925,0.5307368636131287,0.29480433464050293,-0.5872369408607483,0.9997164011001587,0.4924807846546173,0.3042495548725128,-0.5844638347625732,0.999778151512146,0.4841678738594055,0.30486804246902466,-0.5844908952713013,0.9997937679290771,0.4764154553413391,0.3052409291267395,-0.5847877264022827,0.9997824430465698,0.5413103699684143,0.3077230751514435,-0.345427006483078,0.9997639060020447,0.46532633900642395,0.3137606680393219,-0.3279878795146942,0.9998450875282288,0.5183310508728027,0.37713855504989624,-0.5179870128631592,0.9999526739120483,0.488319456577301,0.37928277254104614,-0.5139106512069702,0.9999591112136841,0.6091082096099854,0.5088819265365601,-0.1760641187429428,0.9998809695243835,0.402012437582016,0.5022562742233276,-0.14722596108913422,0.999846875667572,0.6650897264480591,0.7817709445953369,-0.14294208586215973,0.9914407134056091,0.33273637294769287,0.7393096089363098,-0.43343478441238403,0.9942737221717834,0.6154699921607971,0.9644855856895447,-0.29566994309425354,0.9519433975219727,0.4408029019832611,0.6378467082977295,-0.8947604298591614,0.9409751892089844,0.6105414032936096,1.0496245622634888,-0.3425755202770233,0.8827590346336365,0.4750816226005554,0.6100957989692688,-0.9922927021980286,0.8366007804870605,0.5912055969238281,1.0215791463851929,-0.37505462765693665,0.8892272114753723,0.4802483916282654,0.579951822757721,-0.9638959765434265,0.8468706011772156,0.5892212986946106,0.986040472984314,-0.3101690113544464,0.8858103156089783,0.47279930114746094,0.5845760703086853,-0.8924747705459595,0.8394020795822144,0.56925368309021,1.0240609645843506,-0.02916281670331955,0.8458181023597717,0.4419454336166382,1.0222738981246948,0.03025681897997856,0.8282359838485718,0.5686367750167847,1.430077314376831,-0.004064318723976612,0.06018118932843208,0.43181905150413513,1.4166948795318604,0.09837353974580765,0.05194065347313881,0.5642769932746887,1.7748122215270996,0.3610788583755493,0.006884580012410879,0.44013577699661255,1.7646369934082031,0.38901880383491516,0.009630023501813412,0.567221462726593,1.8209762573242188,0.379852831363678,0.006668228656053543,0.4406355917453766,1.8124021291732788,0.41072365641593933,0.018679605796933174,0.5461300611495972,1.8982152938842773,0.08976783603429794,0.0032796659506857395,0.45436015725135803,1.881725549697876,0.1057237833738327,0.01204882375895977,0.0,0.0,0.0,0.0,0.0,0.0,0.0,0.0,0.0,0.0,0.0,0.0,0.0,0.0,0.0,0.0,0.0,0.0,0.0,0.0,0.0,0.0,0.0,0.0,0.0,0.0,0.0,0.0,0.0,0.0,0.0,0.0,0.0,0.0,0.0,0.0,0.0,0.0,0.0,0.0,0.0,0.0,0.0,0.0,0.0,0.0,0.0,0.0,0.0,0.0,0.0,0.0,0.0,0.0,0.0,0.0,0.0,0.0,0.0,0.0,0.0,0.0,0.0,0.46053507924079895,0.5969423651695251,-2.410857575796399e-07,0.46673378348350525,0.5443130135536194,-0.0002592305827420205,0.4790927767753601,0.5060821175575256,-0.002735194517299533,0.49070441722869873,0.4777224361896515,-0.005522803869098425,0.49396294355392456,0.4547027349472046,-0.007653708569705486,0.518208384513855,0.5252068042755127,-0.0032668004278093576,0.5264483690261841,0.5219597816467285,-0.004186533857136965,0.516963005065918,0.5280292630195618,-0.005726763978600502,0.5076490640640259,0.53374844789505,-0.007106986828148365,0.5243797302246094,0.5517705678939819,-0.005262626335024834,0.5268092155456543,0.5532853603363037,-0.0021847495809197426,0.5175994038581848,0.5566527843475342,-0.001861240016296506,0.5096104741096497,0.5606533885002136,-0.003820166690275073,0.5245293974876404,0.5804298520088196,-0.006752473302185535,0.525178849697113,0.5778156518936157,-0.0036945524625480175,0.5172309279441833,0.5794746279716492,-0.0013674539513885975,0.509040355682373,0.582497239112854,-0.0019526947289705276,0.5221527218818665,0.607072114944458,-0.008451664820313454,0.5240168571472168,0.6041224598884583,-0.005673935636878014,0.5162138342857361,0.6036022901535034,-0.0016743781743571162,0.5086174011230469,0.604692816734314,0.0006143951322883368
0.5034337043762207,0.3454221487045288,-0.5930176973342896,0.9998270869255066,0.5163906216621399,0.2997421622276306,-0.567206084728241,0.9996877312660217,0.5237200856208801,0.2970665395259857,-0.5673606991767883,0.9996902942657471,0.5303621292114258,0.29674485325813293,-0.5674694776535034,0.9996441602706909,0.4930848181247711,0.30679085850715637,-0.5653290152549744,0.9997141361236572,0.4844602346420288,0.3071245849132538,-0.5653927326202393,0.9997393488883972,0.47664886713027954,0.30715739727020264,-0.5657098889350891,0.9997323751449585,0.5402675867080688,0.30864930152893066,-0.3296096622943878,0.9997124671936035,0.4654802680015564,0.3137177526950836,-0.3148389458656311,0.9998012781143188,0.5190277695655823,0.3778441250324249,-0.4987821877002716,0.9999355673789978,0.4893880784511566,0.38103362917900085,-0.49541452527046204,0.9999407529830933,0.607698380947113,0.5074807405471802,-0.16944155097007751,0.9998655915260315,0.4027102291584015,0.49920496344566345,-0.12679071724414825,0.9998155236244202,0.6653619408607483,0.7828243374824524,-0.15311193466186523,0.9913445115089417,0.33311328291893005,0.7361137866973877,-0.4260309934616089,0.9945489168167114,0.6133492588996887,0.9664561152458191,-0.2939479649066925,0.9519551396369934,0.44476059079170227,0.6158125996589661,-0.8581170439720154,0.9450562000274658,0.6088352203369141,1.0520840883255005,-0.3388560712337494,0.8827480673789978,0.4788941740989685,0.5749973058700562,-0.9519045352935791,0.8453388810157776,0.5894079208374023,1.023252010345459,-0.36726218461990356,0.8888146281242371,0.4803240895271301,0.5453870296478271,-0.9182314276695251,0.8548359274864197,0.58766108751297,0.9878753423690796,-0.30683213472366333,0.8855470418930054,0.4738828241825104,0.5548985004425049,-0.8537123203277588,0.8472284078598022,0.5685611367225647,1.022530436515808,-0.030381686985492706,0.844083845615387,0.44239768385887146,1.0214850902557373,0.03141484782099724,0.822483479976654,0.5649193525314331,1.4294065237045288,-0.028230061754584312,0.060487374663352966,0.42851489782333374,1.413839340209961,0.07845726609230042,0.05329785868525505,0.559708833694458,1.7750517129898071,0.34419161081314087,0.0065389154478907585,0.4359649121761322,1.761652946472168,0.36840173602104187,0.009512695483863354,0.5627489686012268,1.8215960264205933,0.36413702368736267,0.006137955468147993,0.4368477761745453,1.8095144033432007,0.3898863196372986,0.017934223636984825,0.5416818857192993,1.8971582651138306,0.08156802505254745,0.003222540020942688,0.4481959342956543,1.878696322441101,0.09333283454179764,0.01170431450009346,0.0,0.0,0.0,0.0,0.0,0.0,0.0,0.0,0.0,0.0,0.0,0.0,0.0,0.0,0.0,0.0,0.0,0.0,0.0,0.0,0.0,0.0,0.0,0.0,0.0,0.0,0.0,0.0,0.0,0.0,0.0,0.0,0.0,0.0,0.0,0.0,0.0,0.0,0.0,0.0,0.0,0.0,0.0,0.0,0.0,0.0,0.0,0.0,0.0,0.0,0.0,0.0,0.0,0.0,0.0,0.0,0.0,0.0,0.0,0.0,0.0,0.0,0.0,0.4587028920650482,0.5861960649490356,-3.250535485221917e-07,0.46251484751701355,0.534170389175415,-0.0010563990799710155,0.47608494758605957,0.4908544421195984,-0.003363167867064476,0.4885472357273102,0.4572601616382599,-0.006277481559664011,0.49303367733955383,0.4298831522464752,-0.008719141595065594,0.5165601968765259,0.49772265553474426,-0.00397882703691721,0.5327433943748474,0.49350863695144653,-0.007994978688657284,0.5234651565551758,0.49806857109069824,-0.011777409352362156,0.5143030881881714,0.5053520798683167,-0.01431097462773323,0.5234332084655762,0.5246244072914124,-0.006249440833926201,0.5260024070739746,0.530081033706665,-0.005932330619543791,0.5163886547088623,0.5322635173797607,-0.007064937148243189,0.5088266134262085,0.5371783375740051,-0.009825211018323898,0.5243328213691711,0.5552840232849121,-0.00835135206580162,0.5247752666473389,0.5562796592712402,-0.00801870971918106,0.516042947769165,0.5575641393661499,-0.006513907108455896,0.5084620118141174,0.5599374175071716,-0.007224096916615963,0.5222644805908203,0.5831554532051086,-0.0106606250628829,0.5245531797409058,0.5848300457000732,-0.009808282367885113,0.5156394243240356,0.584233283996582,-0.0066666994243860245,0.5080951452255249,0.5843100547790527,-0.004684672225266695
0.5031726956367493,0.34659862518310547,-0.5895527601242065,0.9998095631599426,0.5160565972328186,0.3032287657260895,-0.5637683868408203,0.9996565580368042,0.5231752991676331,0.3013261556625366,-0.5639141798019409,0.9996562600135803,0.529522716999054,0.3006124496459961,-0.5640324950218201,0.9996092319488525,0.4929504990577698,0.30777475237846375,-0.5618622899055481,0.9996830821037292,0.4844372868537903,0.3082476556301117,-0.5619139075279236,0.9997109770774841,0.47658878564834595,0.30875784158706665,-0.562230110168457,0.999707818031311,0.5392578840255737,0.3102489113807678,-0.32589206099510193,0.9996868371963501,0.46528303623199463,0.31439483165740967,-0.31194719672203064,0.9997820854187012,0.5188427567481995,0.379798948764801,-0.4952539801597595,0.999925971031189,0.4892224073410034,0.38179248571395874,-0.49209731817245483,0.9999310374259949,0.6062849760055542,0.5054001808166504,-0.1680339127779007,0.9998573660850525,0.40236154198646545,0.49642977118492126,-0.1078653335571289,0.999797523021698,0.6671184301376343,0.7786032557487488,-0.1561996042728424,0.9914289712905884,0.3310583829879761,0.7312155961990356,-0.4223197400569916,0.9945037961006165,0.6123155951499939,0.964850664138794,-0.29343748092651367,0.9525400400161743,0.4414041340351105,0.6043262481689453,-0.8583029508590698,0.948427140712738,0.6079639196395874,1.0518805980682373,-0.3399573862552643,0.883361279964447,0.4757367670536041,0.5618389248847961,-0.9532477855682373,0.8541685938835144,0.5876701474189758,1.022940993309021,-0.3667639493942261,0.8889408707618713,0.477713406085968,0.5345344543457031,-0.9194148778915405,0.8630854487419128,0.5857331156730652,0.9865326881408691,-0.3059983551502228,0.8857154846191406,0.47144922614097595,0.5469383597373962,-0.8544760942459106,0.8547456860542297,0.5677375197410583,1.0216506719589233,-0.03375576436519623,0.8435688614845276,0.44290298223495483,1.0199998617172241,0.034810956567525864,0.8181433081626892,0.5622698068618774,1.429185390472412,-0.02435556799173355,0.06586369127035141,0.4272128939628601,1.4125829935073853,0.08508084714412689,0.05780519172549248,0.5565197467803955,1.7756834030151367,0.32614412903785706,0.006522527430206537,0.4324934184551239,1.7601425647735596,0.35971909761428833,0.010005183517932892,0.5601154565811157,1.8231837749481201,0.3434314429759979,0.005818231962621212,0.43347999453544617,1.808419108390808,0.38592246174812317,0.017966272309422493,0.5363996624946594,1.8963044881820679,0.059482261538505554,0.003367277793586254,0.4417905807495117,1.8773388862609863,0.06545736640691757,0.011752546764910221,0.0,0.0,0.0,0.0,0.0,0.0,0.0,0.0,0.0,0.0,0.0,0.0,0.0,0.0,0.0,0.0,0.0,0.0,0.0,0.0,0.0,0.0,0.0,0.0,0.0,0.0,0.0,0.0,0.0,0.0,0.0,0.0,0.0,0.0,0.0,0.0,0.0,0.0,0.0,0.0,0.0,0.0,0.0,0.0,0.0,0.0,0.0,0.0,0.0,0.0,0.0,0.0,0.0,0.0,0.0,0.0,0.0,0.0,0.0,0.0,0.0,0.0,0.0,0.4605201780796051,0.564420759677887,-3.2526082804906764e-07,0.46366721391677856,0.5128395557403564,0.000363185943569988,0.47634708881378174,0.47049686312675476,-0.0009634349844418466,0.4867898225784302,0.43663087487220764,-0.0027884121518582106,0.4870486855506897,0.41076916456222534,-0.004330804105848074,0.5152451992034912,0.4812387526035309,-0.0026138764806091785,0.5262047052383423,0.48153191804885864,-0.003090731566771865,0.517055094242096,0.48839956521987915,-0.004720996133983135,0.5090330243110657,0.4949551820755005,-0.0063721477054059505,0.5227856636047363,0.5068880319595337,-0.004539037123322487,0.5219972729682922,0.5138940215110779,-0.0005681990296579897,0.5142562985420227,0.5180201530456543,-0.0007758040446788073,0.5085349678993225,0.5233093500137329,-0.0036519072018563747,0.5243245959281921,0.5372067093849182,-0.005763455294072628,0.5217728018760681,0.5380386710166931,-0.001942045520991087,0.5152287483215332,0.5404985547065735,-0.0002830884768627584,0.5092449188232422,0.543776273727417,-0.0017236891435459256,0.5226214528083801,0.5645345449447632,-0.00701651768758893,0.5232505798339844,0.5644963979721069,-0.0032541851978749037,0.5162152051925659,0.5647616386413574,0.0007726623443886638,0.5099631547927856,0.5660812258720398,0.002751801395788789
0.504223644733429,0.3464180529117584,-0.5886234641075134,0.9998087286949158,0.5159360766410828,0.3034530282020569,-0.5616894364356995,0.9996570944786072,0.5230779647827148,0.30113962292671204,-0.5618216395378113,0.9996549487113953,0.529363214969635,0.29958173632621765,-0.5619310736656189,0.9996110796928406,0.49378350377082825,0.30758339166641235,-0.5594937801361084,0.999682605266571,0.4856306314468384,0.3078923523426056,-0.5595458149909973,0.9997079968452454,0.477965384721756,0.30791139602661133,-0.5598475933074951,0.9997065663337708,0.5388433933258057,0.30867499113082886,-0.31612369418144226,0.9996821284294128,0.46581748127937317,0.3135872483253479,-0.3066592812538147,0.9997822642326355,0.519652783870697,0.37886252999305725,-0.49365565180778503,0.9999240636825562,0.49104416370391846,0.3812714219093323,-0.49035635590553284,0.9999282956123352,0.6070175766944885,0.5046958327293396,-0.1601278930902481,0.9998577237129211,0.40405628085136414,0.4966218173503876,-0.11774873733520508,0.9997819066047668,0.665734589099884,0.7765722870826721,-0.14904449880123138,0.9917338490486145,0.332441508769989,0.7263574600219727,-0.42289695143699646,0.9943868517875671,0.6123552322387695,0.9647244811058044,-0.27946847677230835,0.955485999584198,0.43247392773628235,0.6015586853027344,-0.8802085518836975,0.9508897066116333,0.6080840229988098,1.0537630319595337,-0.32492971420288086,0.8897618651390076,0.4686732590198517,0.5591562390327454,-0.9766198396682739,0.860884428024292,0.5872324705123901,1.026280164718628,-0.354172021150589,0.8949605226516724,0.474122554063797,0.5353111624717712,-0.94794762134552,0.8696011304855347,0.5853598117828369,0.9884555339813232,-0.29249653220176697,0.890845775604248,0.46724098920822144,0.5460228323936462,-0.8790895938873291,0.8602524399757385,0.5673836469650269,1.0206602811813354,-0.03437862917780876,0.8475155234336853,0.4433082044124603,1.0174944400787354,0.03542276471853256,0.8183999061584473,0.5615827441215515,1.4286593198776245,-0.041261445730924606,0.07555355876684189,0.42797455191612244,1.409281849861145,0.08409551531076431,0.06671038269996643,0.5577817559242249,1.776684045791626,0.28437650203704834,0.007014309521764517,0.4346681237220764,1.7594428062438965,0.30065909028053284,0.011209245771169662,0.5613136887550354,1.8243693113327026,0.30051136016845703,0.005824531428515911,0.4360351264476776,1.8083795309066772,0.3355213403701782,0.01869312673807144,0.5376111268997192,1.894432783126831,0.018101178109645844,0.003788665635511279,0.4434759020805359,1.8735147714614868,0.04515712708234787,0.012422659434378147,0.0,0.0,0.0,0.0,0.0,0.0,0.0,0.0,0.0,0.0,0.0,0.0,0.0,0.0,0.0,0.0,0.0,0.0,0.0,0.0,0.0,0.0,0.0,0.0,0.0,0.0,0.0,0.0,0.0,0.0,0.0,0.0,0.0,0.0,0.0,0.0,0.0,0.0,0.0,0.0,0.0,0.0,0.0,0.0,0.0,0.0,0.0,0.0,0.0,0.0,0.0,0.0,0.0,0.0,0.0,0.0,0.0,0.0,0.0,0.0,0.0,0.0,0.0,0.4601554870605469,0.5443382859230042,-2.984193656629941e-07,0.4631425440311432,0.49278438091278076,-1.7218904758919962e-05,0.47398969531059265,0.4512898623943329,-0.002291885670274496,0.48307332396507263,0.4200449287891388,-0.005118437577039003,0.48593780398368835,0.39639878273010254,-0.007545549888163805,0.5153442025184631,0.46777787804603577,-0.004161105491220951,0.525887668132782,0.46462205052375793,-0.005284277256578207,0.5162949562072754,0.46927666664123535,-0.007108425255864859,0.5078836679458618,0.47603532671928406,-0.008681324310600758,0.5224583148956299,0.4947608709335327,-0.005795269273221493,0.5211764574050903,0.4969208538532257,-0.0029096363577991724,0.511846661567688,0.49993428587913513,-0.0028229118324816227,0.505891740322113,0.5057501792907715,-0.005143387708812952,0.5229742527008057,0.5244945287704468,-0.006755653768777847,0.5198973417282104,0.5206348896026611,-0.0035550484899431467,0.5118475556373596,0.5218948721885681,-0.0015488507924601436,0.5055408477783203,0.5257413387298584,-0.0024556713178753853,0.5207281112670898,0.5497174859046936,-0.007726188283413649,0.5193800330162048,0.5473632216453552,-0.0038797687739133835,0.5120817422866821,0.5458797812461853,0.0004413227434270084,0.5064041018486023,0.5471717119216919,0.0027444513980299234
0.5037258267402649,0.34590938687324524,-0.5832846164703369,0.9998027682304382,0.5150032639503479,0.30296385288238525,-0.5507135391235352,0.9996519684791565,0.5220500230789185,0.3003779947757721,-0.5508595705032349,0.9996472001075745,0.5284104943275452,0.2983551025390625,-0.5509102940559387,0.9996065497398376,0.49372559785842896,0.3073315918445587,-0.5539671182632446,0.9996755123138428,0.48595714569091797,0.3067288398742676,-0.554009199142456,0.9996985793113708,0.4785218834877014,0.30589935183525085,-0.5543252229690552,0.9996994137763977,0.538221001625061,0.3068199157714844,-0.305195152759552,0.9996709227561951,0.4663340747356415,0.31111645698547363,-0.2991892397403717,0.9997713565826416,0.5193262100219727,0.37710052728652954,-0.48330575227737427,0.9999184608459473,0.49101918935775757,0.3801632225513458,-0.4859887659549713,0.9999200701713562,0.6078469157218933,0.5047426223754883,-0.1522231251001358,0.999851405620575,0.4047074019908905,0.49644431471824646,-0.10696855932474136,0.9997532367706299,0.6631073355674744,0.7756179571151733,-0.16682031750679016,0.9919310212135315,0.33492785692214966,0.7219632267951965,-0.4210056960582733,0.9942318797111511,0.6112567782402039,0.9654757976531982,-0.29299482703208923,0.9570395350456238,0.4320751428604126,0.5919502973556519,-0.9038024544715881,0.9543753266334534,0.6079340577125549,1.0535255670547485,-0.33949214220046997,0.8933284282684326,0.4663672149181366,0.5504429340362549,-1.0030806064605713,0.8696052432060242,0.5877339839935303,1.0272639989852905,-0.36823925375938416,0.8983805179595947,0.47095566987991333,0.5284745097160339,-0.9776293635368347,0.8777446746826172,0.5857217311859131,0.9894540309906006,-0.3058643937110901,0.8936996459960938,0.4649539291858673,0.5382906794548035,-0.9052168726921082,0.8677248954772949,0.5659751892089844,1.0195420980453491,-0.043921180069446564,0.852076530456543,0.44309815764427185,1.0143495798110962,0.04505884274840355,0.8197472095489502,0.5592216849327087,1.4274870157241821,-0.05871850624680519,0.08257091045379639,0.4269076883792877,1.4056941270828247,0.1220373660326004,0.07318900525569916,0.5550798177719116,1.777402400970459,0.24386487901210785,0.0072088646702468395,0.432836651802063,1.757736325263977,0.39293593168258667,0.011933944188058376,0.5594614744186401,1.8258105516433716,0.25624045729637146,0.005702017340809107,0.43457743525505066,1.807462453842163,0.4126169979572296,0.01875380426645279,0.5327237844467163,1.8936387300491333,-0.03496825695037842,0.004087755456566811,0.4376024901866913,1.8704577684402466,0.12173669785261154,0.012690736912190914,0.0,0.0,0.0,0.0,0.0,0.0,0.0,0.0,0.0,0.0,0.0,0.0,0.0,0.0,0.0,0.0,0.0,0.0,0.0,0.0,0.0,0.0,0.0,0.0,0.0,0.0,0.0,0.0,0.0,0.0,0.0,0.0,0.0,0.0,0.0,0.0,0.0,0.0,0.0,0.0,0.0,0.0,0.0,0.0,0.0,0.0,0.0,0.0,0.0,0.0,0.0,0.0,0.0,0.0,0.0,0.0,0.0,0.0,0.0,0.0,0.0,0.0,0.0,0.46081289649009705,0.5334020853042603,-2.532864868953766e-07,0.46293482184410095,0.4788818955421448,-0.0011512644123286009,0.4736414849758148,0.43693143129348755,-0.00469170743599534,0.48353075981140137,0.404946506023407,-0.00835829135030508,0.4865778684616089,0.377405047416687,-0.01157088577747345,0.5159125328063965,0.45764243602752686,-0.007315693888813257,0.5296809077262878,0.4419514536857605,-0.009972738102078438,0.520890474319458,0.43780452013015747,-0.012211658991873264,0.5111919045448303,0.44115838408470154,-0.013543696142733097,0.5229480862617493,0.48546522855758667,-0.007973330095410347,0.523103654384613,0.47820258140563965,-0.006079552229493856,0.5124576687812805,0.4784472584724426,-0.005431178957223892,0.505507230758667,0.48543795943260193,-0.007077794522047043,0.5225962400436401,0.5155839323997498,-0.00798619631677866,0.5217671394348145,0.5027339458465576,-0.0055920835584402084,0.5124844312667847,0.501239538192749,-0.0028780633583664894,0.5046048760414124,0.5066783428192139,-0.0030519540887326,0.5199788212776184,0.5411344170570374,-0.007976632565259933,0.5187990069389343,0.5300648808479309,-0.004971922840923071,0.5109312534332275,0.5270626544952393,-0.0006282516405917704,0.5049869418144226,0.5296692848205566,0.001993805170059204
0.5061116814613342,0.3442453145980835,-0.5391738414764404,0.9997876882553101,0.5168472528457642,0.30105865001678467,-0.5104573965072632,0.9996379613876343,0.5240386724472046,0.2983665466308594,-0.5106030106544495,0.9996312856674194,0.53026282787323,0.2964175045490265,-0.510749340057373,0.9995957016944885,0.49466216564178467,0.30634522438049316,-0.5086043477058411,0.9996567964553833,0.48639824986457825,0.3047488331794739,-0.5086149573326111,0.9996782541275024,0.47837862372398376,0.3033069670200348,-0.508918821811676,0.9996824264526367,0.538885235786438,0.3058815002441406,-0.27302101254463196,0.9996586441993713,0.4660082161426544,0.3099251687526703,-0.2585091292858124,0.9997568726539612,0.5217227339744568,0.374520480632782,-0.44670364260673523,0.9999110102653503,0.4918110966682434,0.37889954447746277,-0.44352883100509644,0.9999101758003235,0.6082669496536255,0.5074610710144043,-0.12951605021953583,0.9998461604118347,0.4035552144050598,0.495163232088089,-0.07299158722162247,0.9997195601463318,0.6649206280708313,0.7766208648681641,-0.13447074592113495,0.9918210506439209,0.3355370759963989,0.7141268253326416,-0.4158865809440613,0.9941169619560242,0.6110984086990356,0.9678258895874023,-0.27178293466567993,0.95609450340271,0.4338887631893158,0.5730680227279663,-0.8782469034194946,0.9573315978050232,0.6086674928665161,1.0590894222259521,-0.31803256273269653,0.8917819857597351,0.4689655005931854,0.528989851474762,-0.9773725271224976,0.8763577938079834,0.5876885056495667,1.031170129776001,-0.34556034207344055,0.8971289396286011,0.47355303168296814,0.5061063170433044,-0.9484788775444031,0.8836683034896851,0.5853856801986694,0.9909695982933044,-0.2850089371204376,0.8922964334487915,0.46666616201400757,0.5213751792907715,-0.8783846497535706,0.8734993934631348,0.5655861496925354,1.0188279151916504,-0.03212163224816322,0.854138970375061,0.44162222743034363,1.0111998319625854,0.03326491639018059,0.8186658024787903,0.5583295822143555,1.4279118776321411,-0.040646541863679886,0.08136215060949326,0.42591625452041626,1.406381368637085,0.08043592423200607,0.07245456427335739,0.5523863434791565,1.7806696891784668,0.23402288556098938,0.006670776288956404,0.4291587471961975,1.7629973888397217,0.32665249705314636,0.011199196800589561,0.55622398853302,1.8323293924331665,0.2439461201429367,0.005223157349973917,0.429705411195755,1.81317937374115,0.3448793590068817,0.01715412363409996,0.5308992862701416,1.898701548576355,-0.042742665857076645,0.003949162550270557,0.43553903698921204,1.8772742748260498,0.05214741453528404,0.011899782344698906,0.0,0.0,0.0,0.0,0.0,0.0,0.0,0.0,0.0,0.0,0.0,0.0,0.0,0.0,0.0,0.0,0.0,0.0,0.0,0.0,0.0,0.0,0.0,0.0,0.0,0.0,0.0,0.0,0.0,0.0,0.0,0.0,0.0,0.0,0.0,0.0,0.0,0.0,0.0,0.0,0.0,0.0,0.0,0.0,0.0,0.0,0.0,0.0,0.0,0.0,0.0,0.0,0.0,0.0,0.0,0.0,0.0,0.0,0.0,0.0,0.0,0.0,0.0,0.4606629014015198,0.5215002298355103,-2.825029810082924e-07,0.46143051981925964,0.46991539001464844,-0.003483711974695325,0.47190895676612854,0.4266626536846161,-0.0076019964180886745,0.4821682572364807,0.39516112208366394,-0.01129178423434496,0.48451441526412964,0.3698682487010956,-0.01443836186081171,0.5172580480575562,0.4409283995628357,-0.008562596514821053,0.5238432288169861,0.43516024947166443,-0.011502119712531567,0.5147156119346619,0.4398280680179596,-0.014828712679445744,0.5064019560813904,0.4469594359397888,-0.01724538952112198,0.5237235426902771,0.4696738123893738,-0.008768630214035511,0.5208024382591248,0.4697515368461609,-0.0072783357463777065,0.5113021731376648,0.47120311856269836,-0.00805749837309122,0.504692554473877,0.4774574637413025,-0.01084652915596962,0.5232043862342834,0.501096248626709,-0.008504508063197136,0.5199711918830872,0.4954454004764557,-0.006857933476567268,0.5115373134613037,0.49471503496170044,-0.005633649881929159,0.5043945908546448,0.4984610676765442,-0.006734489928930998,0.5198906660079956,0.5280553698539734,-0.008412903174757957,0.5180026888847351,0.5242971777915955,-0.006159957032650709,0.5108675956726074,0.5211951732635498,-0.002680547069758177,0.5049516558647156,0.5217892527580261,-0.000656187767162919
0.5074162483215332,0.342678040266037,-0.5456729531288147,0.9997819662094116,0.5179121494293213,0.2995077669620514,-0.5136242508888245,0.9996376037597656,0.5251126885414124,0.296700656414032,-0.513770341873169,0.9996293187141418,0.5310844779014587,0.29484614729881287,-0.5138470530509949,0.9995993375778198,0.4956202208995819,0.3048735558986664,-0.5155784487724304,0.9996497631072998,0.48721057176589966,0.3025822341442108,-0.515583872795105,0.999669075012207,0.4793139398097992,0.3008852005004883,-0.5159012675285339,0.9996753334999084,0.5398223400115967,0.30551794171333313,-0.2655274569988251,0.9996622204780579,0.46615347266197205,0.30879780650138855,-0.26574471592903137,0.9997466206550598,0.5230922698974609,0.37274444103240967,-0.449674129486084,0.9999079704284668,0.49271631240844727,0.3769086003303528,-0.4511072337627411,0.9999037981033325,0.6093433499336243,0.5065536499023438,-0.12655524909496307,0.999840497970581,0.4036761522293091,0.4941882789134979,-0.10620193928480148,0.999679684638977,0.6663623452186584,0.7769281268119812,-0.12814733386039734,0.991578221321106,0.3346995711326599,0.7055980563163757,-0.4247956871986389,0.9939916133880615,0.6116829514503479,0.9663963913917542,-0.2718287706375122,0.9553214907646179,0.44155827164649963,0.5642814636230469,-0.8916564583778381,0.9598378539085388,0.6086458563804626,1.057306170463562,-0.3188832402229309,0.8904560804367065,0.474687397480011,0.5208396315574646,-0.9929426908493042,0.8824117183685303,0.5871937870979309,1.0291802883148193,-0.3485925793647766,0.8961007595062256,0.47694456577301025,0.5000288486480713,-0.9657226204872131,0.8889487981796265,0.5850090384483337,0.9898509979248047,-0.2859789729118347,0.890981137752533,0.46958792209625244,0.5153545141220093,-0.8926401734352112,0.8781987428665161,0.5657317638397217,1.0181020498275757,-0.02845817618072033,0.8520016074180603,0.441327840089798,1.0103310346603394,0.029633861035108566,0.8130728006362915,0.5569835901260376,1.426631212234497,-0.046031150966882706,0.0823078528046608,0.4244031608104706,1.4035855531692505,0.08269811421632767,0.07290720194578171,0.5495691895484924,1.7807120084762573,0.22919994592666626,0.0063934787176549435,0.4266430139541626,1.7607754468917847,0.31174421310424805,0.010811851359903812,0.5524215698242188,1.831022024154663,0.23880794644355774,0.004920699167996645,0.4266865849494934,1.8112703561782837,0.32225295901298523,0.01610582508146763,0.5291706919670105,1.8970293998718262,-0.055192433297634125,0.003942352719604969,0.43617913126945496,1.8740681409835815,0.01404168363660574,0.011489483527839184,0.0,0.0,0.0,0.0,0.0,0.0,0.0,0.0,0.0,0.0,0.0,0.0,0.0,0.0,0.0,0.0,0.0,0.0,0.0,0.0,0.0,0.0,0.0,0.0,0.0,0.0,0.0,0.0,0.0,0.0,0.0,0.0,0.0,0.0,0.0,0.0,0.0,0.0,0.0,0.0,0.0,0.0,0.0,0.0,0.0,0.0,0.0,0.0,0.0,0.0,0.0,0.0,0.0,0.0,0.0,0.0,0.0,0.0,0.0,0.0,0.0,0.0,0.0,0.46147310733795166,0.5131843090057373,-2.781514751859504e-07,0.46132782101631165,0.46090829372406006,-0.004633534234017134,0.4712977111339569,0.4175550937652588,-0.00871969759464264,0.48141276836395264,0.3858741223812103,-0.012174873612821102,0.48424455523490906,0.36024922132492065,-0.015041082166135311,0.515271782875061,0.43431079387664795,-0.00820906087756157,0.517478346824646,0.43177905678749084,-0.011503499932587147,0.5077006816864014,0.43994438648223877,-0.015615169890224934,0.5004330277442932,0.44708511233329773,-0.018868321552872658,0.5220030546188354,0.46245986223220825,-0.008136812597513199,0.5190259218215942,0.462507963180542,-0.007776247803121805,0.5104358196258545,0.46548324823379517,-0.009683104231953621,0.5048157572746277,0.4712815284729004,-0.013264627195894718,0.5224629640579224,0.4926125705242157,-0.007711397018283606,0.5203006267547607,0.48812416195869446,-0.007701216731220484,0.5127156376838684,0.4891965389251709,-0.0071848914958536625,0.5064354538917542,0.4930764436721802,-0.008537041023373604,0.519927978515625,0.5186760425567627,-0.007508004084229469,0.5193101167678833,0.5173431038856506,-0.007170519791543484,0.5119493007659912,0.5161958932876587,-0.004480695351958275,0.5061829090118408,0.5176571607589722,-0.0028644066769629717
0.5067291855812073,0.34266984462738037,-0.5500112771987915,0.9997878670692444,0.5177547335624695,0.3003155589103699,-0.5205921530723572,0.9996518492698669,0.5249656438827515,0.29791954159736633,-0.5207785964012146,0.9996427297592163,0.5308654308319092,0.2962205111980438,-0.5209216475486755,0.9996166229248047,0.49519652128219604,0.3048540949821472,-0.5174840688705444,0.9996607303619385,0.48702362179756165,0.3029049336910248,-0.5175254344940186,0.9996785521507263,0.47924932837486267,0.3016235828399658,-0.5178624987602234,0.9996856451034546,0.5396240949630737,0.30621397495269775,-0.2766673266887665,0.9996763467788696,0.4661948084831238,0.30880966782569885,-0.27323243021965027,0.999753475189209,0.5228828191757202,0.37350401282310486,-0.45426157116889954,0.9999095797538757,0.49228397011756897,0.3768389821052551,-0.450103759765625,0.9999042749404907,0.6089907288551331,0.5057056546211243,-0.12078766524791718,0.999839186668396,0.4027808904647827,0.49270346760749817,-0.12211703509092331,0.9996653199195862,0.6656409502029419,0.775116503238678,-0.12328186631202698,0.9913965463638306,0.33376234769821167,0.6993252038955688,-0.4290032982826233,0.9939367175102234,0.6138737797737122,0.9638023972511292,-0.2661357522010803,0.9552531838417053,0.4371097981929779,0.5637445449829102,-0.8981624245643616,0.9622754454612732,0.6096448302268982,1.0533207654953003,-0.31141647696495056,0.8900091052055359,0.4695782959461212,0.5223236680030823,-0.9992407560348511,0.8884376883506775,0.5889137983322144,1.0245033502578735,-0.3407668173313141,0.8957368731498718,0.47345978021621704,0.49839743971824646,-0.9727150201797485,0.8943414688110352,0.5872420072555542,0.9860384464263916,-0.27974170446395874,0.8899357914924622,0.4675145149230957,0.5129337906837463,-0.8993142247200012,0.882954478263855,0.564937174320221,1.0171992778778076,-0.02870013192296028,0.8520227074623108,0.440274715423584,1.0092278718948364,0.02984553575515747,0.8108344078063965,0.5560709238052368,1.4236254692077637,-0.05622107535600662,0.08714734017848969,0.424073725938797,1.400986671447754,0.0797216072678566,0.0767199769616127,0.549974799156189,1.779911756515503,0.22070159018039703,0.006496503483504057,0.4284137189388275,1.7570018768310547,0.3134208619594574,0.011028488166630268,0.5525505542755127,1.8280866146087646,0.23041749000549316,0.004861850291490555,0.4289625585079193,1.807816982269287,0.32547515630722046,0.015928298234939575,0.5306224226951599,1.8916248083114624,-0.06472017616033554,0.004165411926805973,0.4400935471057892,1.8682918548583984,0.022860582917928696,0.0117728840559721,0.0,0.0,0.0,0.0,0.0,0.0,0.0,0.0,0.0,0.0,0.0,0.0,0.0,0.0,0.0,0.0,0.0,0.0,0.0,0.0,0.0,0.0,0.0,0.0,0.0,0.0,0.0,0.0,0.0,0.0,0.0,0.0,0.0,0.0,0.0,0.0,0.0,0.0,0.0,0.0,0.0,0.0,0.0,0.0,0.0,0.0,0.0,0.0,0.0,0.0,0.0,0.0,0.0,0.0,0.0,0.0,0.0,0.0,0.0,0.0,0.0,0.0,0.0,0.45976170897483826,0.511203408241272,-2.793221369756793e-07,0.4601248800754547,0.4569334387779236,-0.004355004522949457,0.4695538878440857,0.4132252037525177,-0.008272610604763031,0.479679137468338,0.3813457787036896,-0.011428173631429672,0.4846285879611969,0.35704928636550903,-0.013940406031906605,0.5144340395927429,0.4272788166999817,-0.007625349797308445,0.5145306587219238,0.4173658788204193,-0.009708170779049397,0.5028941035270691,0.4223858714103699,-0.012795175425708294,0.49542713165283203,0.4303312301635742,-0.015297068282961845,0.5219547748565674,0.4547964632511139,-0.006913043092936277,0.5186634063720703,0.4477546215057373,-0.005641414783895016,0.507928729057312,0.44938716292381287,-0.00740533322095871,0.5012500286102295,0.4569548964500427,-0.010775959119200706,0.5234113931655884,0.4845460057258606,-0.005679601337760687,0.5221577882766724,0.47580888867378235,-0.005066768266260624,0.512973427772522,0.4751385450363159,-0.004993251524865627,0.5052590370178223,0.4802667200565338,-0.006589692085981369,0.521908700466156,0.510959267616272,-0.004457819275557995,0.5225001573562622,0.5069989562034607,-0.0036484296433627605,0.5141552686691284,0.5051525235176086,-0.00111177540384233,0.50734943151474,0.5073036551475525,0.0004982124664820731
0.5061239004135132,0.3420134484767914,-0.5521427989006042,0.9997902512550354,0.5170364379882812,0.3003047704696655,-0.5217958688735962,0.9996625781059265,0.5242459177970886,0.29805058240890503,-0.5219690799713135,0.9996541142463684,0.5301348567008972,0.2962651252746582,-0.5220950841903687,0.9996314644813538,0.49471503496170044,0.3047514259815216,-0.5207822918891907,0.9996667504310608,0.4867391586303711,0.30266687273979187,-0.5208121538162231,0.9996843338012695,0.47910335659980774,0.3013026714324951,-0.5211455225944519,0.9996910095214844,0.5389779806137085,0.3061237633228302,-0.27917996048927307,0.9996922016143799,0.46608641743659973,0.30851659178733826,-0.26969113945961,0.999755859375,0.522380530834198,0.3733484447002411,-0.45604991912841797,0.999910831451416,0.49202772974967957,0.3765279948711395,-0.4548863470554352,0.9999033808708191,0.6088953018188477,0.5042012333869934,-0.12784864008426666,0.9998419880867004,0.4023416340351105,0.49288082122802734,-0.11287010461091995,0.9996554851531982,0.6658245921134949,0.7738088965415955,-0.11539263278245926,0.9914942383766174,0.3332107961177826,0.695031464099884,-0.4200628995895386,0.9938952326774597,0.6126711368560791,0.9617753624916077,-0.2570796608924866,0.9560652375221252,0.43662816286087036,0.5611276626586914,-0.8871690630912781,0.96373450756073,0.6086499094963074,1.0503607988357544,-0.3018035292625427,0.8907532095909119,0.4711357057094574,0.5202298760414124,-0.9885833859443665,0.8915011882781982,0.5883564352989197,1.023061752319336,-0.33212417364120483,0.8963915705680847,0.4758617579936981,0.49640408158302307,-0.9607422351837158,0.8968782424926758,0.5864956974983215,0.9853626489639282,-0.27082204818725586,0.8902387619018555,0.468578040599823,0.5104938745498657,-0.8877643346786499,0.8851685523986816,0.5659269094467163,1.0163052082061768,-0.029743708670139313,0.8583748936653137,0.4399835467338562,1.008561611175537,0.0308888740837574,0.8164840936660767,0.5587995052337646,1.4229295253753662,-0.0530690923333168,0.0940820500254631,0.4254615008831024,1.4008188247680664,0.07653769850730896,0.08253616839647293,0.5540943741798401,1.779444694519043,0.22461053729057312,0.006887400522828102,0.43240395188331604,1.7564347982406616,0.3181648552417755,0.012036443687975407,0.5574029088020325,1.8267738819122314,0.23477233946323395,0.0051465025171637535,0.4335388243198395,1.8062866926193237,0.3357859253883362,0.017353415489196777,0.5343389511108398,1.8903660774230957,-0.05781085416674614,0.004426624160259962,0.4449782371520996,1.870227575302124,0.04105686768889427,0.012549703009426594,0.0,0.0,0.0,0.0,0.0,0.0,0.0,0.0,0.0,0.0,0.0,0.0,0.0,0.0,0.0,0.0,0.0,0.0,0.0,0.0,0.0,0.0,0.0,0.0,0.0,0.0,0.0,0.0,0.0,0.0,0.0,0.0,0.0,0.0,0.0,0.0,0.0,0.0,0.0,0.0,0.0,0.0,0.0,0.0,0.0,0.0,0.0,0.0,0.0,0.0,0.0,0.0,0.0,0.0,0.0,0.0,0.0,0.0,0.0,0.0,0.0,0.0,0.0,0.4611365795135498,0.505540668964386,-2.904021414451563e-07,0.46010294556617737,0.4525606334209442,-0.006511745508760214,0.4700043797492981,0.4088011085987091,-0.011700479313731194,0.48061031103134155,0.37913835048675537,-0.015663545578718185,0.48525145649909973,0.355695515871048,-0.01897452585399151,0.5159873366355896,0.4290043115615845,-0.012380672618746758,0.5145646333694458,0.4202706515789032,-0.015510747209191322,0.5027395486831665,0.4250068962574005,-0.019035393372178078,0.49514707922935486,0.43346813321113586,-0.022092534229159355,0.5225936770439148,0.4574492871761322,-0.011392831802368164,0.5164713859558105,0.4486131966114044,-0.01114734448492527,0.5063516497612,0.449677437543869,-0.012562121264636517,0.5001365542411804,0.45756417512893677,-0.015940915793180466,0.5223995447158813,0.48694685101509094,-0.009936090558767319,0.5181117057800293,0.4745785593986511,-0.009778446517884731,0.5092068910598755,0.4743107855319977,-0.0086442269384861,0.5024117231369019,0.48024219274520874,-0.0098418565467,0.5195334553718567,0.5130333304405212,-0.00885799154639244,0.5165436267852783,0.5043689608573914,-0.008712525479495525,0.5084443688392639,0.5021862983703613,-0.005861256737262011,0.5026597380638123,0.5045017600059509,-0.004175386391580105
0.5061830878257751,0.3412058651447296,-0.5342346429824829,0.9997868537902832,0.516755998134613,0.2998903691768646,-0.5033837556838989,0.9996601939201355,0.5237940549850464,0.29742732644081116,-0.5035403370857239,0.9996532201766968,0.529599130153656,0.2952892482280731,-0.5036224126815796,0.9996303915977478,0.49499234557151794,0.3045895993709564,-0.5054700970649719,0.9996617436408997,0.48708072304725647,0.3023364543914795,-0.5055056810379028,0.9996821284294128,0.4795586168766022,0.3007741868495941,-0.5058477520942688,0.9996887445449829,0.5381946563720703,0.3047441840171814,-0.26198461651802063,0.9996948838233948,0.4661453664302826,0.3076196610927582,-0.26008015871047974,0.999755859375,0.5220780968666077,0.3723578155040741,-0.4391808807849884,0.999907374382019,0.49233677983283997,0.37589141726493835,-0.44179585576057434,0.9998993277549744,0.608955442905426,0.5038566589355469,-0.11773578822612762,0.9998342394828796,0.40242451429367065,0.493049681186676,-0.10695765167474747,0.9996270537376404,0.6671745181083679,0.7765705585479736,-0.11467502266168594,0.9908084869384766,0.33295923471450806,0.6920925378799438,-0.4170607626438141,0.9937098026275635,0.611440122127533,0.9626535177230835,-0.255168080329895,0.9536445140838623,0.4429909288883209,0.5546332001686096,-0.8699414134025574,0.9642593264579773,0.6070715188980103,1.0513484477996826,-0.29922500252723694,0.887347400188446,0.4766720235347748,0.5139184594154358,-0.9687690734863281,0.8922548890113831,0.5865240097045898,1.0228548049926758,-0.3261254131793976,0.8934611082077026,0.4800051152706146,0.493605375289917,-0.9386679530143738,0.8972111940383911,0.5844923257827759,0.9848598837852478,-0.26777884364128113,0.8862615823745728,0.4728427827358246,0.5086970329284668,-0.869513750076294,0.8851041793823242,0.5659721493721008,1.0159586668014526,-0.031046761199831963,0.8522001504898071,0.44043177366256714,1.0092259645462036,0.03210343420505524,0.8080916404724121,0.5607225894927979,1.4255669116973877,-0.05592161417007446,0.09669431298971176,0.4276142716407776,1.4069246053695679,0.05931233614683151,0.08518125861883163,0.5576518177986145,1.7803126573562622,0.22169426083564758,0.007029724307358265,0.4359799325466156,1.7636603116989136,0.29623350501060486,0.012454702518880367,0.5613353252410889,1.8306026458740234,0.23235902190208435,0.005198084283620119,0.4377041161060333,1.8138716220855713,0.31219804286956787,0.017795510590076447,0.5379076600074768,1.895512342453003,-0.052055735141038895,0.004583904519677162,0.4452228546142578,1.8760398626327515,0.022658107802271843,0.01304880902171135,0.0,0.0,0.0,0.0,0.0,0.0,0.0,0.0,0.0,0.0,0.0,0.0,0.0,0.0,0.0,0.0,0.0,0.0,0.0,0.0,0.0,0.0,0.0,0.0,0.0,0.0,0.0,0.0,0.0,0.0,0.0,0.0,0.0,0.0,0.0,0.0,0.0,0.0,0.0,0.0,0.0,0.0,0.0,0.0,0.0,0.0,0.0,0.0,0.0,0.0,0.0,0.0,0.0,0.0,0.0,0.0,0.0,0.0,0.0,0.0,0.0,0.0,0.0,0.46025779843330383,0.5043460130691528,-2.8783944117094507e-07,0.46002131700515747,0.4516522288322449,-0.005273643881082535,0.4698949158191681,0.40983888506889343,-0.009814471006393433,0.48020288348197937,0.38040024042129517,-0.013335463590919971,0.48545512557029724,0.35737666487693787,-0.016161300241947174,0.5157263875007629,0.42437565326690674,-0.010239043273031712,0.5156958699226379,0.42038533091545105,-0.013001281768083572,0.5045271515846252,0.4277641475200653,-0.016377272084355354,0.496583491563797,0.43625861406326294,-0.01911919377744198,0.522661566734314,0.45244893431663513,-0.009547210298478603,0.5175617933273315,0.45071184635162354,-0.008594509214162827,0.507392168045044,0.45312151312828064,-0.010254605673253536,0.5007995963096619,0.46026888489723206,-0.013718119822442532,0.5230539441108704,0.48280206322669983,-0.008327679708600044,0.5192759037017822,0.4766697585582733,-0.007858735509216785,0.5106128454208374,0.4767284095287323,-0.0074530309066176414,0.5032669901847839,0.4811045229434967,-0.008972258307039738,0.5205882787704468,0.5098177194595337,-0.007306345272809267,0.5188684463500977,0.5063489675521851,-0.0068890186958014965,0.5107864737510681,0.5050535202026367,-0.004228286910802126,0.5041297078132629,0.5065155625343323,-0.0025104964151978493
0.5068236589431763,0.3405810296535492,-0.5210152864456177,0.9997869729995728,0.5173996686935425,0.29922565817832947,-0.49202269315719604,0.9996617436408997,0.5243660807609558,0.2965158224105835,-0.49222105741500854,0.9996550679206848,0.5301070213317871,0.29416993260383606,-0.4923819303512573,0.9996338486671448,0.49567165970802307,0.30435025691986084,-0.4878499209880829,0.9996613264083862,0.48762837052345276,0.30189862847328186,-0.4879087805747986,0.999681830406189,0.4800644814968109,0.30019986629486084,-0.48826247453689575,0.9996888041496277,0.5386717915534973,0.3033911883831024,-0.25368303060531616,0.9996984004974365,0.4662567675113678,0.306799054145813,-0.25835946202278137,0.9997559785842896,0.5221711993217468,0.3714197874069214,-0.4278084337711334,0.9999069571495056,0.4928636848926544,0.37527182698249817,-0.4288535416126251,0.999898374080658,0.6090738773345947,0.5037533044815063,-0.11563100665807724,0.9998340606689453,0.40317457914352417,0.49185553193092346,-0.10870163142681122,0.9996203780174255,0.6675719022750854,0.777588963508606,-0.12565414607524872,0.9907354712486267,0.3327580392360687,0.6929304599761963,-0.4212041199207306,0.9937790036201477,0.6120625138282776,0.9646701216697693,-0.2785477042198181,0.9532519578933716,0.4442062973976135,0.5548617839813232,-0.8841074705123901,0.9652596712112427,0.6084535717964172,1.05668044090271,-0.3265419602394104,0.8862664699554443,0.47696664929389954,0.5160658955574036,-0.9855663180351257,0.8940539360046387,0.5877546072006226,1.0264421701431274,-0.35405075550079346,0.8924773931503296,0.48035845160484314,0.4940386712551117,-0.9565358757972717,0.8984771966934204,0.5857117772102356,0.9873983860015869,-0.2919119894504547,0.8850142955780029,0.47280675172805786,0.5088359713554382,-0.8843631148338318,0.8863776326179504,0.5657710433006287,1.0154883861541748,-0.03144432231783867,0.8515543937683105,0.4402259290218353,1.008991003036499,0.03254255652427673,0.8061838150024414,0.5616028904914856,1.4245212078094482,-0.053117893636226654,0.09409976005554199,0.4289172887802124,1.4070518016815186,0.08615061640739441,0.08363678306341171,0.5584537982940674,1.780735969543457,0.2242421805858612,0.006767592392861843,0.4361365735530853,1.7650337219238281,0.3260062634944916,0.012094948440790176,0.562217652797699,1.8316965103149414,0.23458242416381836,0.004949653055518866,0.4372641444206238,1.8159066438674927,0.34169885516166687,0.017222698777914047,0.5380225777626038,1.896932601928711,-0.058576736599206924,0.004475213587284088,0.4450863003730774,1.877427577972412,0.045735351741313934,0.012877458706498146,0.0,0.0,0.0,0.0,0.0,0.0,0.0,0.0,0.0,0.0,0.0,0.0,0.0,0.0,0.0,0.0,0.0,0.0,0.0,0.0,0.0,0.0,0.0,0.0,0.0,0.0,0.0,0.0,0.0,0.0,0.0,0.0,0.0,0.0,0.0,0.0,0.0,0.0,0.0,0.0,0.0,0.0,0.0,0.0,0.0,0.0,0.0,0.0,0.0,0.0,0.0,0.0,0.0,0.0,0.0,0.0,0.0,0.0,0.0,0.0,0.0,0.0,0.0,0.45952650904655457,0.5076665282249451,-2.8626860171243607e-07,0.460560142993927,0.45564138889312744,-0.004282450303435326,0.4704985022544861,0.41298454999923706,-0.008402043953537941,0.48078036308288574,0.38201767206192017,-0.011842853389680386,0.4843730926513672,0.35640984773635864,-0.014716016128659248,0.5143593549728394,0.4285152554512024,-0.008953149430453777,0.515219509601593,0.42173194885253906,-0.01185702532529831,0.5042359232902527,0.4286680519580841,-0.015334295108914375,0.4964166283607483,0.4376359283924103,-0.018120981752872467,0.521264374256134,0.4554787874221802,-0.008930073119699955,0.5177822709083557,0.4514981210231781,-0.008246317505836487,0.5081737041473389,0.4540331959724426,-0.009934576228260994,0.5018424987792969,0.4619443118572235,-0.01334416214376688,0.5219575762748718,0.4851309061050415,-0.008408556692302227,0.5201958417892456,0.47842803597450256,-0.008352975361049175,0.5120623707771301,0.4787288308143616,-0.00799516774713993,0.5050190687179565,0.48391008377075195,-0.009457768872380257,0.5200284123420715,0.5119142532348633,-0.007995905354619026,0.5198356509208679,0.5086620450019836,-0.008017698302865028,0.5118935704231262,0.5075574517250061,-0.0055700913071632385,0.5053057074546814,0.5097397565841675,-0.003988055512309074
0.5067439675331116,0.34011825919151306,-0.5417650938034058,0.9997915029525757,0.517464816570282,0.29871171712875366,-0.5131480693817139,0.9996700286865234,0.524365246295929,0.2960580587387085,-0.513329267501831,0.9996635913848877,0.5300880074501038,0.29377931356430054,-0.5134794116020203,0.9996448159217834,0.49544769525527954,0.3038654625415802,-0.5091273188591003,0.9996684193611145,0.48736703395843506,0.3017881512641907,-0.5091418027877808,0.9996872544288635,0.47972583770751953,0.3000425100326538,-0.5094702243804932,0.9996939301490784,0.5387991666793823,0.3034135699272156,-0.2723146975040436,0.9997068643569946,0.4660618007183075,0.30672702193260193,-0.26480284333229065,0.9997614026069641,0.5220288634300232,0.3713228702545166,-0.4478398561477661,0.9999104738235474,0.49276548624038696,0.3748307526111603,-0.4436039626598358,0.9999016523361206,0.6087129712104797,0.5041850805282593,-0.1193847730755806,0.9998424053192139,0.4033288359642029,0.49057188630104065,-0.12268340587615967,0.9996384978294373,0.6669609546661377,0.77864670753479,-0.12886585295200348,0.9909431338310242,0.33264103531837463,0.6959723830223083,-0.4352022707462311,0.9939690828323364,0.6121315360069275,0.9663200378417969,-0.28332850337028503,0.9541768431663513,0.4393210709095001,0.5594651103019714,-0.9053479433059692,0.9657666683197021,0.6081749200820923,1.0604857206344604,-0.3317521810531616,0.8863824605941772,0.47095173597335815,0.5223687291145325,-1.0081746578216553,0.8942447900772095,0.5868425965309143,1.0305579900741577,-0.3616240620613098,0.8924646377563477,0.4754129648208618,0.5013386011123657,-0.9797113537788391,0.8982081413269043,0.5847802758216858,0.9898993372917175,-0.2975941002368927,0.885395348072052,0.46884748339653015,0.5127245187759399,-0.9057238698005676,0.8864271640777588,0.5660997033119202,1.0146443843841553,-0.02820373699069023,0.8560938835144043,0.43995603919029236,1.0085316896438599,0.02924114093184471,0.8114125728607178,0.5655885934829712,1.4208524227142334,-0.04393019527196884,0.09108463674783707,0.43119141459465027,1.404433012008667,0.1012163832783699,0.0825996920466423,0.5632249116897583,1.779848337173462,0.24016545712947845,0.006498268805444241,0.4403505325317383,1.7633436918258667,0.36945512890815735,0.012003528885543346,0.5665302872657776,1.8293551206588745,0.2509688138961792,0.004780663177371025,0.4409942924976349,1.8136149644851685,0.3882186710834503,0.017220361158251762,0.5440739989280701,1.8950440883636475,-0.04897065833210945,0.0043939873576164246,0.45404064655303955,1.8774964809417725,0.08489201217889786,0.012848650105297565,0.0,0.0,0.0,0.0,0.0,0.0,0.0,0.0,0.0,0.0,0.0,0.0,0.0,0.0,0.0,0.0,0.0,0.0,0.0,0.0,0.0,0.0,0.0,0.0,0.0,0.0,0.0,0.0,0.0,0.0,0.0,0.0,0.0,0.0,0.0,0.0,0.0,0.0,0.0,0.0,0.0,0.0,0.0,0.0,0.0,0.0,0.0,0.0,0.0,0.0,0.0,0.0,0.0,0.0,0.0,0.0,0.0,0.0,0.0,0.0,0.0,0.0,0.0,0.4603317081928253,0.5062556862831116,-2.596342767446913e-07,0.4617311656475067,0.4538721442222595,-0.0050429292023181915,0.47135305404663086,0.41307687759399414,-0.009636584669351578,0.48102736473083496,0.38330501317977905,-0.013444612734019756,0.48630496859550476,0.3593793511390686,-0.01671484485268593,0.5147698521614075,0.43124669790267944,-0.00950916763395071,0.5162633061408997,0.42557191848754883,-0.011944609694182873,0.5051485896110535,0.43134233355522156,-0.015142500400543213,0.4972989857196808,0.43858906626701355,-0.017979087308049202,0.5212603211402893,0.4603782892227173,-0.00915102194994688,0.5190715789794922,0.4553740918636322,-0.008528977632522583,0.5091547966003418,0.45730364322662354,-0.009946910664439201,0.5021607875823975,0.46497011184692383,-0.013122121803462505,0.5209885835647583,0.49113360047340393,-0.008302805945277214,0.519668459892273,0.4821583330631256,-0.008364273235201836,0.5107470750808716,0.4818984568119049,-0.007664700038731098,0.503206193447113,0.4874939024448395,-0.008862710557878017,0.518204927444458,0.5179662108421326,-0.007645724341273308,0.5170814394950867,0.511079728603363,-0.007926594465970993,0.5084547996520996,0.5084853768348694,-0.005398809444159269,0.501797616481781,0.5111289620399475,-0.003771294141188264
0.5073004364967346,0.34041351079940796,-0.5654929280281067,0.9997932314872742,0.5181611776351929,0.29950839281082153,-0.535861611366272,0.9996744394302368,0.5248974561691284,0.2970282733440399,-0.5360220074653625,0.9996670484542847,0.5304932594299316,0.2948349118232727,-0.536146879196167,0.9996494650840759,0.4958930015563965,0.30384111404418945,-0.534342885017395,0.9996710419654846,0.4875778555870056,0.3022058606147766,-0.534378707408905,0.9996892213821411,0.47977733612060547,0.3011038601398468,-0.5346986651420593,0.9996967911720276,0.5390211939811707,0.3036287724971771,-0.2902057468891144,0.9997105002403259,0.4658442735671997,0.3075636625289917,-0.27845048904418945,0.999762237071991,0.5222724676132202,0.3722497820854187,-0.469265878200531,0.9999104738235474,0.4930545687675476,0.37503737211227417,-0.4667010009288788,0.9999014735221863,0.6081997156143188,0.5037723779678345,-0.1244824156165123,0.9998452067375183,0.4027625322341919,0.493064820766449,-0.1392245590686798,0.9996354579925537,0.6663520932197571,0.7766922116279602,-0.13379457592964172,0.9908983111381531,0.33114227652549744,0.7041573524475098,-0.44597741961479187,0.9941274523735046,0.6120690703392029,0.965342104434967,-0.2883146107196808,0.9541341662406921,0.4411129653453827,0.5625123381614685,-0.9065378308296204,0.9673046469688416,0.6075714230537415,1.0576623678207397,-0.3351864814758301,0.8857715129852295,0.4749327003955841,0.5238639712333679,-1.0079063177108765,0.8978113532066345,0.5858393311500549,1.0287343263626099,-0.3644293248653412,0.8920260071754456,0.4791109263896942,0.5018200278282166,-0.977745771408081,0.901425838470459,0.5837205052375793,0.9892066121101379,-0.3023291528224945,0.8846901059150696,0.4720986783504486,0.5151004791259766,-0.9059132933616638,0.8891764879226685,0.5655871629714966,1.0139442682266235,-0.02603587694466114,0.8550324440002441,0.44018712639808655,1.0081892013549805,0.02707805670797825,0.8090848922729492,0.5625005960464478,1.4225811958312988,-0.0519629530608654,0.09169147163629532,0.4297490417957306,1.4070647954940796,0.06624182313680649,0.08359422534704208,0.559755265712738,1.7798490524291992,0.2426491230726242,0.006393155083060265,0.4371962249279022,1.7658331394195557,0.3066387176513672,0.011871494352817535,0.5629972219467163,1.8288516998291016,0.2547262907028198,0.004620937630534172,0.4374857246875763,1.8159816265106201,0.3217262327671051,0.01676473394036293,0.5404024720191956,1.896302342414856,-0.041915081441402435,0.004373777192085981,0.44912245869636536,1.880717396736145,0.01195735763758421,0.01273419614881277,0.0,0.0,0.0,0.0,0.0,0.0,0.0,0.0,0.0,0.0,0.0,0.0,0.0,0.0,0.0,0.0,0.0,0.0,0.0,0.0,0.0,0.0,0.0,0.0,0.0,0.0,0.0,0.0,0.0,0.0,0.0,0.0,0.0,0.0,0.0,0.0,0.0,0.0,0.0,0.0,0.0,0.0,0.0,0.0,0.0,0.0,0.0,0.0,0.0,0.0,0.0,0.0,0.0,0.0,0.0,0.0,0.0,0.0,0.0,0.0,0.0,0.0,0.0,0.4597944915294647,0.5136756896972656,-2.747129883573507e-07,0.4613603353500366,0.4617842435836792,-0.005543596111238003,0.47200843691825867,0.41954976320266724,-0.011112377978861332,0.4816130995750427,0.38719138503074646,-0.01593511551618576,0.48428159952163696,0.3601500391960144,-0.020084882155060768,0.5172268152236938,0.43712353706359863,-0.011025004088878632,0.5213167667388916,0.43060725927352905,-0.015942448750138283,0.5093385577201843,0.4339989721775055,-0.020816458389163017,0.5007485151290894,0.4411763548851013,-0.024342570453882217,0.52325439453125,0.46593645215034485,-0.010998109355568886,0.5193530321121216,0.46260949969291687,-0.011869245208799839,0.5090684294700623,0.46348363161087036,-0.01361528318375349,0.5036015510559082,0.47065508365631104,-0.01693311706185341,0.5223851203918457,0.4966674745082855,-0.01064523309469223,0.5186511874198914,0.48881781101226807,-0.011036849580705166,0.5095552802085876,0.48816269636154175,-0.009394032880663872,0.5032925605773926,0.49346160888671875,-0.009986994788050652,0.5191574692726135,0.5228431224822998,-0.01069182064384222,0.5168116688728333,0.5184199810028076,-0.010500866919755936,0.508612871170044,0.5160667300224304,-0.007119017653167248,0.5033953189849854,0.5182885527610779,-0.0048983958549797535
0.5069349408149719,0.34057167172431946,-0.5609760880470276,0.999799370765686,0.5182284712791443,0.2999696433544159,-0.5307857394218445,0.9996819496154785,0.5250402688980103,0.2975100576877594,-0.5309571623802185,0.9996735453605652,0.530676007270813,0.29528191685676575,-0.5310980677604675,0.9996567964553833,0.49539053440093994,0.30390095710754395,-0.5302971601486206,0.9996798634529114,0.4869875907897949,0.3028019368648529,-0.5303267240524292,0.9996963143348694,0.4791117310523987,0.3023575246334076,-0.5306525230407715,0.9997039437294006,0.5393202304840088,0.3040458559989929,-0.27880537509918213,0.9997104406356812,0.46570736169815063,0.30892181396484375,-0.2733555734157562,0.9997684955596924,0.5224029421806335,0.3728766441345215,-0.4649380147457123,0.9999127388000488,0.4926501512527466,0.3754367232322693,-0.4658845365047455,0.9999043941497803,0.6081336140632629,0.5041202306747437,-0.12438704818487167,0.9998510479927063,0.4033242464065552,0.4973105490207672,-0.1160668134689331,0.9996410608291626,0.6657959222793579,0.7739160656929016,-0.14003397524356842,0.9912262558937073,0.33239495754241943,0.7088006138801575,-0.4303705394268036,0.9943540096282959,0.6125264763832092,0.9624878764152527,-0.2968263626098633,0.9563249349594116,0.4448055624961853,0.5639187097549438,-0.9057942628860474,0.9683520793914795,0.6079005599021912,1.054994821548462,-0.34680861234664917,0.8890895843505859,0.4786260724067688,0.525076150894165,-1.0091328620910645,0.9001138806343079,0.5863741040229797,1.0260342359542847,-0.37381118535995483,0.8949986696243286,0.482770711183548,0.5033425092697144,-0.977985680103302,0.9035590291023254,0.5842706561088562,0.9874508380889893,-0.3098827004432678,0.8873859643936157,0.47648531198501587,0.51768958568573,-0.9051304459571838,0.890741229057312,0.5664561986923218,1.0140457153320312,-0.03388340398669243,0.8592608571052551,0.44088542461395264,1.0085450410842896,0.03496290370821953,0.8124740719795227,0.5627012252807617,1.4262884855270386,-0.06437315791845322,0.09616028517484665,0.4303325414657593,1.4120609760284424,0.10315606743097305,0.08694223314523697,0.5607735514640808,1.7806183099746704,0.242548868060112,0.006658206228166819,0.4380958676338196,1.7689814567565918,0.37319859862327576,0.012292778119444847,0.5642910599708557,1.8304678201675415,0.25537827610969543,0.004640230443328619,0.43888598680496216,1.8187921047210693,0.39212337136268616,0.01698235049843788,0.541126549243927,1.898229956626892,-0.04302162677049637,0.0045214747078716755,0.44942525029182434,1.882906436920166,0.09166190028190613,0.013249562121927738,0.0,0.0,0.0,0.0,0.0,0.0,0.0,0.0,0.0,0.0,0.0,0.0,0.0,0.0,0.0,0.0,0.0,0.0,0.0,0.0,0.0,0.0,0.0,0.0,0.0,0.0,0.0,0.0,0.0,0.0,0.0,0.0,0.0,0.0,0.0,0.0,0.0,0.0,0.0,0.0,0.0,0.0,0.0,0.0,0.0,0.0,0.0,0.0,0.0,0.0,0.0,0.0,0.0,0.0,0.0,0.0,0.0,0.0,0.0,0.0,0.0,0.0,0.0,0.4613824486732483,0.5202242136001587,-2.88871035536431e-07,0.4615857005119324,0.4693790078163147,-0.005425684154033661,0.471536248922348,0.4270256459712982,-0.01073408406227827,0.4814988374710083,0.39473414421081543,-0.015387924388051033,0.48494213819503784,0.3671928942203522,-0.019351765513420105,0.516903281211853,0.4417552947998047,-0.01090933382511139,0.523639976978302,0.4380800426006317,-0.015551338903605938,0.5128951072692871,0.4432065784931183,-0.02024783194065094,0.5038934946060181,0.44954848289489746,-0.02379441447556019,0.5234224200248718,0.4699834883213043,-0.011050486005842686,0.5204643607139587,0.47398194670677185,-0.011679855175316334,0.5106768012046814,0.4763614237308502,-0.013623937033116817,0.5044559240341187,0.4811960458755493,-0.01728491485118866,0.5232441425323486,0.5013569593429565,-0.010864369571208954,0.5203233361244202,0.49929535388946533,-0.011240750551223755,0.5120745301246643,0.49938178062438965,-0.01006071176379919,0.5051490664482117,0.5021055340766907,-0.011107484810054302,0.5202393531799316,0.5288702845573425,-0.011032439768314362,0.5190156698226929,0.528340220451355,-0.011273070238530636,0.5117318630218506,0.526651918888092,-0.008366277441382408,0.5058586597442627,0.5268286466598511,-0.006466096267104149
0.5060356259346008,0.3406812846660614,-0.5481579899787903,0.9998059868812561,0.5177216529846191,0.30023419857025146,-0.5191298127174377,0.9996941089630127,0.5247001647949219,0.2978578209877014,-0.5193017721176147,0.9996849894523621,0.5306612849235535,0.29567691683769226,-0.5194278955459595,0.9996699690818787,0.4945405125617981,0.30408796668052673,-0.5164996385574341,0.9996912479400635,0.4862569272518158,0.30330613255500793,-0.516489565372467,0.9997056126594543,0.4784349799156189,0.3032183349132538,-0.5167619585990906,0.9997130632400513,0.5396798253059387,0.3041802644729614,-0.2784021496772766,0.9997183680534363,0.4656367897987366,0.3100621998310089,-0.2611120045185089,0.9997745156288147,0.5218977332115173,0.37309449911117554,-0.4538783133029938,0.999915599822998,0.4922553300857544,0.37600740790367126,-0.45035266876220703,0.9999065399169922,0.6080684661865234,0.5038713216781616,-0.12530304491519928,0.9998587965965271,0.40431925654411316,0.5005733966827393,-0.1180887371301651,0.9996383190155029,0.6658278703689575,0.7784844040870667,-0.13295426964759827,0.9916685223579407,0.3330691456794739,0.7188734412193298,-0.4303324818611145,0.9944890737533569,0.6099342703819275,0.9656793475151062,-0.27667492628097534,0.9596863985061646,0.4345549941062927,0.5866470336914062,-0.9106435179710388,0.9697694778442383,0.60657799243927,1.057672381401062,-0.3240582048892975,0.8961307406425476,0.4730628430843353,0.5446467399597168,-1.0118590593338013,0.9041690230369568,0.5842698812484741,1.0309938192367554,-0.3544882535934448,0.9015892148017883,0.47745275497436523,0.5223900079727173,-0.9845501780509949,0.9074308276176453,0.5817966461181641,0.992523729801178,-0.2904413342475891,0.8943608999252319,0.46922537684440613,0.534235954284668,-0.911201536655426,0.8948073983192444,0.5666000247001648,1.0140914916992188,-0.03046228550374508,0.8680213689804077,0.44231417775154114,1.008876085281372,0.03153461590409279,0.8212141394615173,0.5641593337059021,1.4290326833724976,-0.04820539429783821,0.09456811100244522,0.4310218095779419,1.4155617952346802,0.07847368717193604,0.08578813821077347,0.5603772401809692,1.7821987867355347,0.2686985731124878,0.006326416041702032,0.438407301902771,1.7719711065292358,0.3379632234573364,0.011694071814417839,0.5638506412506104,1.8324224948883057,0.2822471857070923,0.004346355330199003,0.43910521268844604,1.8212523460388184,0.355915367603302,0.015923766419291496,0.5408130884170532,1.9021120071411133,-0.010756106115877628,0.004384815692901611,0.44940200448036194,1.8872582912445068,0.05404265969991684,0.012701312080025673,0.0,0.0,0.0,0.0,0.0,0.0,0.0,0.0,0.0,0.0,0.0,0.0,0.0,0.0,0.0,0.0,0.0,0.0,0.0,0.0,0.0,0.0,0.0,0.0,0.0,0.0,0.0,0.0,0.0,0.0,0.0,0.0,0.0,0.0,0.0,0.0,0.0,0.0,0.0,0.0,0.0,0.0,0.0,0.0,0.0,0.0,0.0,0.0,0.0,0.0,0.0,0.0,0.0,0.0,0.0,0.0,0.0,0.0,0.0,0.0,0.0,0.0,0.0,0.4604472815990448,0.5258463025093079,-2.5985511342696554e-07,0.4628709852695465,0.4734620153903961,-0.0027048734482377768,0.4731318950653076,0.43383413553237915,-0.007225491106510162,0.483238160610199,0.40208572149276733,-0.011534621007740498,0.48656436800956726,0.3741474747657776,-0.015126097947359085,0.5151352882385254,0.45547422766685486,-0.008203902281820774,0.5214108228683472,0.45088908076286316,-0.010134263895452023,0.5113434791564941,0.4583044648170471,-0.012336012907326221,0.5027835369110107,0.4659225344657898,-0.014251017943024635,0.5218679308891296,0.48301365971565247,-0.009128023870289326,0.5209886431694031,0.4811645448207855,-0.007063485682010651,0.5114537477493286,0.4849475622177124,-0.007160031236708164,0.5045818090438843,0.4912305772304535,-0.009676619432866573,0.5219248533248901,0.5120459198951721,-0.009459047578275204,0.5199219584465027,0.5059487819671631,-0.007229904178529978,0.5120577216148376,0.5079338550567627,-0.005264585372060537,0.5046092867851257,0.512182354927063,-0.006224395707249641,0.5195345878601074,0.537908673286438,-0.010050011798739433,0.5185261368751526,0.534193217754364,-0.00787482038140297,0.511201024055481,0.5341769456863403,-0.004168250132352114,0.5044243931770325,0.5354614853858948,-0.0021162335760891438
0.5046468377113342,0.340938925743103,-0.5700820684432983,0.9998053908348083,0.5169066190719604,0.30012160539627075,-0.5436835885047913,0.9996894598007202,0.524101972579956,0.297505259513855,-0.543832004070282,0.999680757522583,0.5304240584373474,0.29511699080467224,-0.5439558029174805,0.9996649622917175,0.49333885312080383,0.30399462580680847,-0.5397818088531494,0.9996902346611023,0.4851759970188141,0.30346834659576416,-0.5398058295249939,0.9997034668922424,0.47730883955955505,0.3037884533405304,-0.5400936603546143,0.9997104406356812,0.5400914549827576,0.3035371005535126,-0.3086960017681122,0.9997050762176514,0.4655728042125702,0.3108464777469635,-0.2840730845928192,0.999775767326355,0.5210338830947876,0.3731634020805359,-0.47683700919151306,0.9999143481254578,0.491065114736557,0.3769681751728058,-0.47135502099990845,0.9999071359634399,0.6086453199386597,0.5058760643005371,-0.15234418213367462,0.9998603463172913,0.4052654206752777,0.5010044574737549,-0.13227961957454681,0.999638020992279,0.6660230755805969,0.7807739973068237,-0.15192395448684692,0.991935670375824,0.33274045586586,0.7195361256599426,-0.43042925000190735,0.9943153262138367,0.6115761399269104,0.9701162576675415,-0.28497228026390076,0.9612191319465637,0.4343065023422241,0.5919071435928345,-0.8974134922027588,0.9687557220458984,0.6076170206069946,1.0638840198516846,-0.3308562636375427,0.8989733457565308,0.4734632074832916,0.5473147630691528,-0.9954023361206055,0.9019827246665955,0.5850675106048584,1.0378282070159912,-0.3607563078403473,0.9042525887489319,0.47766050696372986,0.5258557200431824,-0.9659711718559265,0.9055284261703491,0.5829561352729797,0.9962795972824097,-0.29811879992485046,0.8969283699989319,0.47008249163627625,0.5374417304992676,-0.8967157602310181,0.8924158811569214,0.566597580909729,1.014691948890686,-0.034522704780101776,0.8717141151428223,0.4426525831222534,1.0100793838500977,0.03551547974348068,0.8247411847114563,0.5632144808769226,1.4309684038162231,-0.04478820040822029,0.09707298129796982,0.43145042657852173,1.4175204038619995,0.10238306224346161,0.0879664495587349,0.5604425072669983,1.7838425636291504,0.2656101584434509,0.006602159701287746,0.438419908285141,1.7743556499481201,0.36597928404808044,0.01193846296519041,0.5641523599624634,1.8341987133026123,0.27897995710372925,0.004406571388244629,0.4396214783191681,1.824487328529358,0.38471269607543945,0.01596599444746971,0.5399402976036072,1.9038118124008179,-0.01129597146064043,0.004645045381039381,0.44638967514038086,1.8881906270980835,0.089617058634758,0.012984487228095531,0.0,0.0,0.0,0.0,0.0,0.0,0.0,0.0,0.0,0.0,0.0,0.0,0.0,0.0,0.0,0.0,0.0,0.0,0.0,0.0,0.0,0.0,0.0,0.0,0.0,0.0,0.0,0.0,0.0,0.0,0.0,0.0,0.0,0.0,0.0,0.0,0.0,0.0,0.0,0.0,0.0,0.0,0.0,0.0,0.0,0.0,0.0,0.0,0.0,0.0,0.0,0.0,0.0,0.0,0.0,0.0,0.0,0.0,0.0,0.0,0.0,0.0,0.0,0.46030932664871216,0.535170316696167,-3.034690791992034e-07,0.46253934502601624,0.4835236668586731,0.0004969218862242997,0.47420158982276917,0.4425003230571747,-0.0019331028452143073,0.48489758372306824,0.41100263595581055,-0.004826740827411413,0.48741647601127625,0.3844676911830902,-0.007185733877122402,0.5152459740638733,0.46039488911628723,-0.005555345211178064,0.5289334058761597,0.46160832047462463,-0.007039152551442385,0.5196810364723206,0.4658380448818207,-0.008679735474288464,0.5097898840904236,0.4707142114639282,-0.010061480104923248,0.5226019024848938,0.4878326654434204,-0.007613253779709339,0.5214655995368958,0.49366962909698486,-0.004400632344186306,0.5123065114021301,0.4970439076423645,-0.0037810562644153833,0.5059072971343994,0.5013669729232788,-0.005901780910789967,0.5231220722198486,0.5186219811439514,-0.008927978575229645,0.5202007293701172,0.5160199403762817,-0.005361784249544144,0.5126688480377197,0.5181924700737,-0.0028263027779757977,0.5060396790504456,0.5210700035095215,-0.0036072421353310347,0.5209778547286987,0.5453944802284241,-0.010282228700816631,0.5195577144622803,0.5436038970947266,-0.0068251811899244785,0.5127813220024109,0.5435090065002441,-0.0025979469064623117,0.5067702531814575,0.5442439317703247,-0.000289388932287693
0.5043702721595764,0.3410962224006653,-0.5701056122779846,0.9998056888580322,0.516960620880127,0.30004066228866577,-0.541960597038269,0.9996852874755859,0.5240222811698914,0.2973213493824005,-0.542088508605957,0.9996762871742249,0.5302287340164185,0.2949729561805725,-0.5421720743179321,0.9996587038040161,0.4932447373867035,0.30356916785240173,-0.5400981307029724,0.9996908903121948,0.48513728380203247,0.3031325936317444,-0.540148913860321,0.9997040629386902,0.47745487093925476,0.3035840392112732,-0.54045170545578,0.9997109770774841,0.5399773120880127,0.3035469055175781,-0.30641573667526245,0.9996928572654724,0.46575668454170227,0.3112527132034302,-0.2905077040195465,0.999779999256134,0.5206976532936096,0.37320825457572937,-0.47700875997543335,0.9999126195907593,0.4908615052700043,0.3770623505115509,-0.47437015175819397,0.9999080896377563,0.6084368824958801,0.5053954720497131,-0.15220539271831512,0.9998577237129211,0.40600380301475525,0.499776154756546,-0.1421322226524353,0.99964439868927,0.66594398021698,0.781996488571167,-0.14839927852153778,0.9919008016586304,0.33184903860092163,0.7234691381454468,-0.4376774728298187,0.9942693710327148,0.612077534198761,0.9713050127029419,-0.27957993745803833,0.9619876146316528,0.43748846650123596,0.6051750183105469,-0.888673722743988,0.968833863735199,0.6075575947761536,1.0636590719223022,-0.3241308331489563,0.9014231562614441,0.47315406799316406,0.56474369764328,-0.9841606020927429,0.9025865793228149,0.585874617099762,1.0374447107315063,-0.35326001048088074,0.9067109823226929,0.4772968590259552,0.5402013063430786,-0.9530009031295776,0.9064232707023621,0.5837115049362183,0.9960072636604309,-0.29274919629096985,0.8992140293121338,0.47063830494880676,0.5496369004249573,-0.886548638343811,0.8932260870933533,0.5671815872192383,1.0152052640914917,-0.032940417528152466,0.8661591410636902,0.44325000047683716,1.011306643486023,0.03392887860536575,0.8183863162994385,0.5646753907203674,1.434244990348816,-0.03658377751708031,0.09744008630514145,0.4326285123825073,1.4206205606460571,0.0841279849410057,0.08833663910627365,0.5620428323745728,1.787268042564392,0.2599232792854309,0.006632995326071978,0.4390617311000824,1.7801743745803833,0.3206544816493988,0.011946337297558784,0.5656603574752808,1.8391931056976318,0.2718341052532196,0.0043588015250861645,0.44018951058387756,1.8309447765350342,0.33642932772636414,0.01572318561375141,0.5423046350479126,1.90831458568573,-0.01535971462726593,0.004728328436613083,0.44622287154197693,1.8937642574310303,0.04160161316394806,0.012977051548659801,0.0,0.0,0.0,0.0,0.0,0.0,0.0,0.0,0.0,0.0,0.0,0.0,0.0,0.0,0.0,0.0,0.0,0.0,0.0,0.0,0.0,0.0,0.0,0.0,0.0,0.0,0.0,0.0,0.0,0.0,0.0,0.0,0.0,0.0,0.0,0.0,0.0,0.0,0.0,0.0,0.0,0.0,0.0,0.0,0.0,0.0,0.0,0.0,0.0,0.0,0.0,0.0,0.0,0.0,0.0,0.0,0.0,0.0,0.0,0.0,0.0,0.0,0.0,0.4610964357852936,0.5460519790649414,-3.1921800314194115e-07,0.4635172486305237,0.4937397837638855,-0.00022398131841327995,0.47569072246551514,0.45252281427383423,-0.0020707459188997746,0.4860779643058777,0.4203117787837982,-0.004185700323432684,0.48778271675109863,0.3951571583747864,-0.0060130939818918705,0.5172309279441833,0.4720076620578766,-0.004439780488610268,0.5253450870513916,0.47410863637924194,-0.0030951565131545067,0.5160219669342041,0.47977447509765625,-0.003432883182540536,0.5087538361549377,0.48520421981811523,-0.004603571258485317,0.5246542692184448,0.49830561876296997,-0.005563999991863966,0.5191158652305603,0.5064781308174133,-0.0006679793004877865,0.5107948184013367,0.5098786950111389,-0.0005911135813221335,0.5059092044830322,0.5148244500160217,-0.0035001044161617756,0.5245900750160217,0.5290407538414001,-0.00562977883964777,0.5181605219841003,0.5282938480377197,-0.00042883187416009605,0.5111755132675171,0.5297528505325317,0.0012633797014132142,0.5059624910354614,0.5329418778419495,-0.0004898995393887162,0.5214993357658386,0.5553629994392395,-0.005735116545110941,0.5188735723495483,0.5555160045623779,-0.0007731642690487206,0.51225346326828,0.5543966293334961,0.0034551145508885384,0.5070767402648926,0.5555052757263184,0.005384158808737993
0.5031175017356873,0.3409969210624695,-0.5757673978805542,0.9998025298118591,0.516327977180481,0.2995654046535492,-0.5464834570884705,0.9996715784072876,0.5233157873153687,0.2969723045825958,-0.5465942025184631,0.9996618628501892,0.5295759439468384,0.2948204576969147,-0.5466748476028442,0.9996421337127686,0.4925582706928253,0.30310922861099243,-0.5463722348213196,0.9996842741966248,0.48428839445114136,0.3023722767829895,-0.5464109182357788,0.9996978640556335,0.4766422510147095,0.3025851249694824,-0.546723484992981,0.9997057318687439,0.5396497845649719,0.30381959676742554,-0.31442970037460327,0.9996740221977234,0.46558278799057007,0.3104904294013977,-0.301986962556839,0.9997782707214355,0.5196267366409302,0.37332361936569214,-0.4816471040248871,0.999911367893219,0.4894036054611206,0.3769858479499817,-0.48130759596824646,0.9999096393585205,0.6068136096000671,0.5049715638160706,-0.16416022181510925,0.9998577237129211,0.40424326062202454,0.49737468361854553,-0.15192411839962006,0.9996700286865234,0.666354775428772,0.7815877199172974,-0.16044852137565613,0.9921159744262695,0.33036693930625916,0.7260870933532715,-0.43243542313575745,0.9943719506263733,0.6134107112884521,0.9706336259841919,-0.28616973757743835,0.9628883004188538,0.441750168800354,0.6067286729812622,-0.8530164361000061,0.9680697321891785,0.6090582609176636,1.0620200634002686,-0.3317895829677582,0.9023965001106262,0.47582539916038513,0.5687513947486877,-0.9457970857620239,0.9013040661811829,0.5872370004653931,1.0361946821212769,-0.3588399589061737,0.9072308540344238,0.4792775511741638,0.5418492555618286,-0.9094027876853943,0.905562698841095,0.585336446762085,0.9965116381645203,-0.2986004650592804,0.9002137780189514,0.47287002205848694,0.5513349771499634,-0.8478950262069702,0.8923838138580322,0.5686424970626831,1.0158710479736328,-0.030144445598125458,0.8674203157424927,0.4440123736858368,1.0136864185333252,0.031091274693608284,0.8227368593215942,0.5670711398124695,1.437888741493225,0.01196823175996542,0.0980982705950737,0.4325895309448242,1.4245171546936035,0.10643299669027328,0.08896481245756149,0.5646255612373352,1.7878464460372925,0.37751543521881104,0.006806377321481705,0.43875330686569214,1.7797445058822632,0.3954034745693207,0.012348055839538574,0.5680750012397766,1.8388919830322266,0.3931899666786194,0.004483368713408709,0.4395427107810974,1.829065203666687,0.4174109399318695,0.016088316217064857,0.5454604625701904,1.9098626375198364,0.11127519607543945,0.004916077945381403,0.448882132768631,1.8964439630508423,0.12458477169275284,0.013287288136780262,0.0,0.0,0.0,0.0,0.0,0.0,0.0,0.0,0.0,0.0,0.0,0.0,0.0,0.0,0.0,0.0,0.0,0.0,0.0,0.0,0.0,0.0,0.0,0.0,0.0,0.0,0.0,0.0,0.0,0.0,0.0,0.0,0.0,0.0,0.0,0.0,0.0,0.0,0.0,0.0,0.0,0.0,0.0,0.0,0.0,0.0,0.0,0.0,0.0,0.0,0.0,0.0,0.0,0.0,0.0,0.0,0.0,0.0,0.0,0.0,0.0,0.0,0.0,0.4611471891403198,0.555677056312561,-3.1092778840502433e-07,0.4649934470653534,0.5052618980407715,0.0004005865484941751,0.4772079288959503,0.4652639627456665,-0.001330212107859552,0.487613707780838,0.4324132204055786,-0.0036169057711958885,0.4895014464855194,0.4064764082431793,-0.0054687922820448875,0.5170971155166626,0.48219579458236694,-0.0031790449284017086,0.5272321701049805,0.4887465238571167,-0.0039019836112856865,0.5187103748321533,0.4965677857398987,-0.0056264749728143215,0.5109772086143494,0.5013555288314819,-0.007593891583383083,0.5235589742660522,0.5074266195297241,-0.005463378969579935,0.523123025894165,0.5185015797615051,-0.002072522882372141,0.5152056217193604,0.5225529670715332,-0.0024369850289076567,0.508979082107544,0.5249744057655334,-0.005547277629375458,0.5240263938903809,0.5367188453674316,-0.0070544155314564705,0.5214934349060059,0.5415105223655701,-0.003478206694126129,0.5149456262588501,0.5442489385604858,-0.0016976549522951245,0.5088545083999634,0.5452468991279602,-0.0032506531570106745,0.5214570164680481,0.5632570385932922,-0.008783006109297276,0.5210897326469421,0.5694013237953186,-0.005429563578218222,0.5139570832252502,0.5693376064300537,-0.0018124652560800314,0.5076018571853638,0.5680861473083496,-0.00026900647208094597
0.5035984516143799,0.3410157561302185,-0.6064246296882629,0.9997954964637756,0.5160879492759705,0.29941946268081665,-0.5810498595237732,0.9996498823165894,0.5232138633728027,0.29664233326911926,-0.5811192393302917,0.9996424317359924,0.5295897126197815,0.29425984621047974,-0.5812159776687622,0.9996170997619629,0.4925648868083954,0.3034650385379791,-0.5789912343025208,0.9996679425239563,0.484292596578598,0.30336830019950867,-0.5790567994117737,0.9996855854988098,0.47650688886642456,0.30414238572120667,-0.5793497562408447,0.9996932148933411,0.5397958755493164,0.3034221827983856,-0.35220208764076233,0.9996528625488281,0.46532565355300903,0.3120005428791046,-0.3342675566673279,0.9997690320014954,0.5198718905448914,0.3735777735710144,-0.5145642757415771,0.9999065399169922,0.49013403058052063,0.37739095091819763,-0.5112483501434326,0.9999076128005981,0.6070519685745239,0.5046864151954651,-0.19568434357643127,0.9998507499694824,0.4046887457370758,0.4985569715499878,-0.18860840797424316,0.9996833801269531,0.6667163968086243,0.7807933688163757,-0.1984175592660904,0.9921189546585083,0.3301721215248108,0.7283206582069397,-0.46570342779159546,0.994414210319519,0.6114720702171326,0.9745217561721802,-0.31957653164863586,0.9614281058311462,0.4494912028312683,0.6032602190971375,-0.8635197281837463,0.9669533371925354,0.6089251041412354,1.0655732154846191,-0.36539000272750854,0.8992257118225098,0.48442286252975464,0.5666370391845703,-0.9534275531768799,0.8984923958778381,0.5869219899177551,1.04050874710083,-0.39180660247802734,0.9038550853729248,0.48671966791152954,0.5417597889900208,-0.9160385131835938,0.9030781984329224,0.5844683051109314,0.9997646808624268,-0.33194440603256226,0.8970566391944885,0.47918832302093506,0.5505917072296143,-0.8571407198905945,0.8897560238838196,0.5690561532974243,1.0164140462875366,-0.030408455058932304,0.8615310192108154,0.44379740953445435,1.0141417980194092,0.03128175809979439,0.8189882040023804,0.5655646920204163,1.4391716718673706,0.024296654388308525,0.10302668809890747,0.4307778477668762,1.4236873388290405,0.11376272886991501,0.09349453449249268,0.5631800293922424,1.788017988204956,0.3936906158924103,0.007472403347492218,0.43666988611221313,1.7776110172271729,0.4006507098674774,0.01344815269112587,0.5666083693504333,1.8384909629821777,0.40760448575019836,0.004961302038282156,0.4374467134475708,1.8266404867172241,0.42258021235466003,0.017284143716096878,0.5442931652069092,1.9112334251403809,0.11924611032009125,0.005236574448645115,0.4468243718147278,1.8960880041122437,0.127127006649971,0.013864296488463879,0.0,0.0,0.0,0.0,0.0,0.0,0.0,0.0,0.0,0.0,0.0,0.0,0.0,0.0,0.0,0.0,0.0,0.0,0.0,0.0,0.0,0.0,0.0,0.0,0.0,0.0,0.0,0.0,0.0,0.0,0.0,0.0,0.0,0.0,0.0,0.0,0.0,0.0,0.0,0.0,0.0,0.0,0.0,0.0,0.0,0.0,0.0,0.0,0.0,0.0,0.0,0.0,0.0,0.0,0.0,0.0,0.0,0.0,0.0,0.0,0.0,0.0,0.0,0.46407586336135864,0.5656374096870422,-2.9567897286142397e-07,0.4669075608253479,0.5161042809486389,-0.0006314392667263746,0.4782167673110962,0.47854697704315186,-0.0034049670211970806,0.4895246922969818,0.4466682970523834,-0.006564643699675798,0.4934592545032501,0.4211421012878418,-0.009269624017179012,0.5180811882019043,0.4952969253063202,-0.0051171910017728806,0.5262846946716309,0.5003055930137634,-0.005226998124271631,0.518216073513031,0.5080970525741577,-0.006463265512138605,0.5115706920623779,0.5125137567520142,-0.008329947479069233,0.5251185894012451,0.5213179588317871,-0.007131233811378479,0.5227612257003784,0.5311973690986633,-0.003325846279039979,0.5154781341552734,0.5347193479537964,-0.0037408589851111174,0.5100418925285339,0.5369443297386169,-0.007115135435014963,0.5253578424453735,0.5516062378883362,-0.008313660509884357,0.5222144722938538,0.5537580847740173,-0.004513366613537073,0.516284167766571,0.5559576153755188,-0.0027273735031485558,0.5108630061149597,0.5574710369110107,-0.004452759865671396,0.5227819681167603,0.5791252851486206,-0.009698574431240559,0.5222135186195374,0.5817317366600037,-0.006105013191699982,0.5156193971633911,0.5812383890151978,-0.0021944858599454165,0.5098033547401428,0.5811981558799744,-0.0005370124708861113
0.5025871992111206,0.3408515751361847,-0.5949279069900513,0.9997889399528503,0.5151171684265137,0.29942387342453003,-0.5690851211547852,0.9996311068534851,0.5222596526145935,0.2968080937862396,-0.5691794157028198,0.9996260404586792,0.5287120938301086,0.29460960626602173,-0.5692769885063171,0.9995965957641602,0.4921146035194397,0.3033827245235443,-0.567162275314331,0.9996544122695923,0.4838421642780304,0.30324190855026245,-0.5672096610069275,0.9996749758720398,0.47604840993881226,0.3038787841796875,-0.5675075650215149,0.9996813535690308,0.539375901222229,0.30356326699256897,-0.34435927867889404,0.9996389150619507,0.46506041288375854,0.31147387623786926,-0.3246355354785919,0.9997606873512268,0.5187875032424927,0.3737293779850006,-0.5033078789710999,0.99990314245224,0.48901721835136414,0.3772544860839844,-0.5002254247665405,0.9999057054519653,0.6055136919021606,0.502212643623352,-0.19140639901161194,0.9998475909233093,0.40262654423713684,0.4992528259754181,-0.16952092945575714,0.9996941089630127,0.6678170561790466,0.780698299407959,-0.1902155727148056,0.9922378063201904,0.33191144466400146,0.7329802513122559,-0.44031402468681335,0.9942308068275452,0.6129457950592041,0.9731988906860352,-0.3190520107746124,0.9603825807571411,0.4510686695575714,0.6150258183479309,-0.8451774716377258,0.9648434519767761,0.6093522906303406,1.0623724460601807,-0.3665577471256256,0.896839439868927,0.4853886365890503,0.5766378045082092,-0.9353322982788086,0.894391655921936,0.5867589116096497,1.035440444946289,-0.3928394317626953,0.90142822265625,0.4888543486595154,0.5492894649505615,-0.8992752432823181,0.8993188738822937,0.5848859548568726,0.9958464503288269,-0.33126896619796753,0.8949854373931885,0.48118820786476135,0.5595445036888123,-0.8393926024436951,0.8862101435661316,0.5678975582122803,1.0171198844909668,-0.033588990569114685,0.8554786443710327,0.44365665316581726,1.015144944190979,0.034539595246315,0.8141785860061646,0.5649920105934143,1.4390661716461182,0.01104345079511404,0.10112322866916656,0.43107935786247253,1.424790382385254,0.11677979677915573,0.09054967761039734,0.5629723072052002,1.7891688346862793,0.34382179379463196,0.007342249155044556,0.4375557005405426,1.7788232564926147,0.3956556022167206,0.012945081107318401,0.566920280456543,1.8397458791732788,0.3596126437187195,0.004855010192841291,0.4385114312171936,1.828505277633667,0.41659292578697205,0.01666882261633873,0.5441173911094666,1.9116780757904053,0.07751230150461197,0.005097930319607258,0.44589197635650635,1.8953152894973755,0.12521502375602722,0.013361095450818539,0.0,0.0,0.0,0.0,0.0,0.0,0.0,0.0,0.0,0.0,0.0,0.0,0.0,0.0,0.0,0.0,0.0,0.0,0.0,0.0,0.0,0.0,0.0,0.0,0.0,0.0,0.0,0.0,0.0,0.0,0.0,0.0,0.0,0.0,0.0,0.0,0.0,0.0,0.0,0.0,0.0,0.0,0.0,0.0,0.0,0.0,0.0,0.0,0.0,0.0,0.0,0.0,0.0,0.0,0.0,0.0,0.0,0.0,0.0,0.0,0.0,0.0,0.0,0.46432775259017944,0.5775590538978577,-3.2038124686550873e-07,0.4679489731788635,0.5278990268707275,0.0001363446790492162,0.48050111532211304,0.48896703124046326,-0.0019834775011986494,0.4925288259983063,0.45748674869537354,-0.004682981874793768,0.4951029121875763,0.43113523721694946,-0.007074184250086546,0.5204631090164185,0.506589412689209,-0.0038686806801706553,0.5275090336799622,0.5096812844276428,-0.004051028750836849,0.5185156464576721,0.5171403884887695,-0.00567074678838253,0.511522114276886,0.5224180817604065,-0.00784251093864441,0.5274513363838196,0.5331799983978271,-0.006322202272713184,0.5243222117424011,0.5413258671760559,-0.002632640302181244,0.5161107778549194,0.5448532104492188,-0.003098646644502878,0.5101810693740845,0.5478292107582092,-0.0064782449044287205,0.5274938344955444,0.5634628534317017,-0.00796947255730629,0.5233468413352966,0.5655964612960815,-0.004286514595150948,0.5165794491767883,0.5675985217094421,-0.0024994011037051678,0.510855495929718,0.5693625807762146,-0.00421916926279664,0.5245165228843689,0.590465247631073,-0.00979878380894661,0.5228867530822754,0.5930084586143494,-0.00632044393569231,0.5157087445259094,0.5922054052352905,-0.002411243971437216,0.5098351240158081,0.5920622944831848,-0.0007689140038564801
0.5025405883789062,0.34143558144569397,-0.6030775308609009,0.9997888207435608,0.5151283144950867,0.3002748191356659,-0.5760472416877747,0.9996248483657837,0.5224724411964417,0.29820382595062256,-0.5761507153511047,0.9996217489242554,0.5291599631309509,0.29656079411506653,-0.5762348175048828,0.9995893239974976,0.4922776520252228,0.3038027584552765,-0.5758041739463806,0.9996521472930908,0.48404422402381897,0.3039226233959198,-0.5758483409881592,0.9996744394302368,0.4760723412036896,0.30451899766921997,-0.5761528611183167,0.9996788501739502,0.5400822758674622,0.3050670027732849,-0.3444535434246063,0.9996342062950134,0.46481791138648987,0.3118729591369629,-0.33323928713798523,0.9997629523277283,0.5182774066925049,0.37552374601364136,-0.5086362361907959,0.9999034404754639,0.4885886013507843,0.37788885831832886,-0.5081412196159363,0.9999071955680847,0.6060746312141418,0.503034234046936,-0.18669670820236206,0.9998475909233093,0.4012182950973511,0.5019703507423401,-0.17246638238430023,0.9997074007987976,0.669174313545227,0.7778007388114929,-0.16591796278953552,0.9923495054244995,0.3311642110347748,0.737348198890686,-0.43565428256988525,0.994051456451416,0.6162896752357483,0.9682628512382507,-0.29036086797714233,0.9609404802322388,0.44752436876296997,0.6222369074821472,-0.8517715334892273,0.9616497755050659,0.6139382719993591,1.0549384355545044,-0.33496227860450745,0.8985111117362976,0.4823634922504425,0.5847142934799194,-0.9426212906837463,0.8886656165122986,0.5918118357658386,1.0283530950546265,-0.3631344139575958,0.9029821157455444,0.4863883852958679,0.5541852712631226,-0.9080564975738525,0.8944504261016846,0.5896772742271423,0.9910358786582947,-0.3027491271495819,0.8966013193130493,0.47828710079193115,0.5645249485969543,-0.8462545871734619,0.8818123936653137,0.5681317448616028,1.0171393156051636,-0.03140876069664955,0.8514872789382935,0.4436410069465637,1.015486717224121,0.03233971446752548,0.811340868473053,0.566098153591156,1.4360779523849487,0.022579729557037354,0.09462536126375198,0.4310114085674286,1.421339750289917,0.10917031019926071,0.08489585667848587,0.5635741949081421,1.7881804704666138,0.3761536180973053,0.00690519530326128,0.4385298490524292,1.7726726531982422,0.39839380979537964,0.012056700885295868,0.5670156478881836,1.838448166847229,0.39396899938583374,0.004617042373865843,0.43965429067611694,1.8218289613723755,0.4203454852104187,0.015768805518746376,0.5454180836677551,1.9057786464691162,0.11390966922044754,0.004759041592478752,0.44810813665390015,1.887192964553833,0.12643246352672577,0.012463846243917942,0.0,0.0,0.0,0.0,0.0,0.0,0.0,0.0,0.0,0.0,0.0,0.0,0.0,0.0,0.0,0.0,0.0,0.0,0.0,0.0,0.0,0.0,0.0,0.0,0.0,0.0,0.0,0.0,0.0,0.0,0.0,0.0,0.0,0.0,0.0,0.0,0.0,0.0,0.0,0.0,0.0,0.0,0.0,0.0,0.0,0.0,0.0,0.0,0.0,0.0,0.0,0.0,0.0,0.0,0.0,0.0,0.0,0.0,0.0,0.0,0.0,0.0,0.0,0.4647769033908844,0.590003252029419,-3.347802248754306e-07,0.4694739878177643,0.5398634672164917,0.0005314676673151553,0.48263630270957947,0.5010811686515808,-0.0015629472909495234,0.49409759044647217,0.46981388330459595,-0.0042678373865783215,0.4963763654232025,0.4443998634815216,-0.006695992313325405,0.5224888920783997,0.5203520655632019,-0.0035061107482761145,0.5278239846229553,0.5226877331733704,-0.0033815891947597265,0.5185551047325134,0.5298479795455933,-0.005010549444705248,0.5113776922225952,0.5343561768531799,-0.007272183895111084,0.5293664336204529,0.547203540802002,-0.006109970156103373,0.525407075881958,0.5550727844238281,-0.0019891150295734406,0.5173314213752747,0.5586447715759277,-0.0024926401674747467,0.5114830136299133,0.5616757869720459,-0.005976078566163778,0.5291861295700073,0.5780590772628784,-0.007814972661435604,0.5245164036750793,0.5795812010765076,-0.0037262109108269215,0.517728328704834,0.5818026065826416,-0.0019968238193541765,0.5119098424911499,0.5833780169487,-0.003852275898680091,0.5257083177566528,0.6056600213050842,-0.009654059074819088,0.5234540104866028,0.6078644394874573,-0.0056544095277786255,0.5164523124694824,0.6067456603050232,-0.0015353620983660221,0.5106524229049683,0.6059843897819519,0.00016654493811074644
0.5013307929039001,0.34253859519958496,-0.6485484838485718,0.9998010993003845,0.5145195722579956,0.30130866169929504,-0.6128377914428711,0.999647855758667,0.5225754380226135,0.29955166578292847,-0.6129644513130188,0.9996470808982849,0.5297408103942871,0.29828765988349915,-0.613057553768158,0.9996153712272644,0.4911821484565735,0.3045106828212738,-0.6219836473464966,0.9996731877326965,0.483305960893631,0.30470746755599976,-0.6220104694366455,0.9996938109397888,0.4753866195678711,0.3053988516330719,-0.6224191188812256,0.9996951222419739,0.5415374040603638,0.30641937255859375,-0.3718360364437103,0.9996595978736877,0.46473658084869385,0.31238991022109985,-0.3866767883300781,0.9997788667678833,0.5172647833824158,0.37792807817459106,-0.5425642132759094,0.9999116659164429,0.48775386810302734,0.37957921624183655,-0.5566470623016357,0.9999155402183533,0.6078809499740601,0.5070298314094543,-0.20858155190944672,0.9998548626899719,0.4012700021266937,0.5049542188644409,-0.17251388728618622,0.9997261166572571,0.6690109372138977,0.7805769443511963,-0.16152800619602203,0.9924559593200684,0.33178621530532837,0.7391072511672974,-0.40488916635513306,0.9936204552650452,0.6160010695457458,0.9700815677642822,-0.29680532217025757,0.9618541598320007,0.4345475733280182,0.6548728942871094,-0.8539732098579407,0.9566630721092224,0.6135033369064331,1.0595651865005493,-0.3427659571170807,0.9008481502532959,0.4710319936275482,0.6285822987556458,-0.9451379776000977,0.8781031370162964,0.5916166305541992,1.0323361158370972,-0.3774705231189728,0.905489444732666,0.47761353850364685,0.5973265171051025,-0.9199371933937073,0.8851662874221802,0.5895124673843384,0.9940972328186035,-0.31093090772628784,0.8980980515480042,0.4693099856376648,0.6013729572296143,-0.8518927097320557,0.8722088932991028,0.5671777725219727,1.0171959400177002,-0.03402789682149887,0.8586970567703247,0.44363126158714294,1.0156418085098267,0.03481607884168625,0.8206989169120789,0.5628240704536438,1.4329445362091064,0.019544970244169235,0.09899690002202988,0.43034976720809937,1.416402816772461,0.11979030072689056,0.08707787096500397,0.5592470169067383,1.7857682704925537,0.37146705389022827,0.0075487978756427765,0.43651193380355835,1.766841173171997,0.41204211115837097,0.012523973360657692,0.5631282329559326,1.8348428010940552,0.3893813192844391,0.005219343584030867,0.4380235970020294,1.815984845161438,0.43454796075820923,0.017034245654940605,0.5384805202484131,1.9010947942733765,0.11518801003694534,0.0048142485320568085,0.4426003098487854,1.8808377981185913,0.1423540860414505,0.01257332507520914,0.0,0.0,0.0,0.0,0.0,0.0,0.0,0.0,0.0,0.0,0.0,0.0,0.0,0.0,0.0,0.0,0.0,0.0,0.0,0.0,0.0,0.0,0.0,0.0,0.0,0.0,0.0,0.0,0.0,0.0,0.0,0.0,0.0,0.0,0.0,0.0,0.0,0.0,0.0,0.0,0.0,0.0,0.0,0.0,0.0,0.0,0.0,0.0,0.0,0.0,0.0,0.0,0.0,0.0,0.0,0.0,0.0,0.0,0.0,0.0,0.0,0.0,0.0,0.46374911069869995,0.604745626449585,-2.3138505866882042e-07,0.4715064465999603,0.5525224804878235,2.8952093998668715e-05,0.484270840883255,0.5133839249610901,-0.0025347203481942415,0.4951649606227875,0.4830346703529358,-0.0054244063794612885,0.49936968088150024,0.45760679244995117,-0.0077227940782904625,0.5231783986091614,0.5383313894271851,-0.003286192659288645,0.5286211967468262,0.5441268682479858,-0.0018347998848184943,0.5192525386810303,0.5514674782752991,-0.001407500240020454,0.5109276175498962,0.5535058975219727,-0.0020744111388921738,0.5290574431419373,0.5658407211303711,-0.005240515805780888,0.5300076007843018,0.5760803818702698,-0.0003630040446296334,0.5202166438102722,0.5792888402938843,0.00046080007450655103,0.5120317935943604,0.5790376663208008,-0.001791331684216857,0.5284382700920105,0.5955501198768616,-0.006337360013276339,0.5292497873306274,0.6009986996650696,-0.0016468658577650785,0.5202931761741638,0.6027820110321045,0.0011198207503184676,0.5119876265525818,0.6020453572273254,0.00011392643500585109,0.5248275995254517,0.6230347156524658,-0.007629273924976587,0.5279262065887451,0.6265195608139038,-0.004129652865231037,0.5198038220405579,0.6262690424919128,0.0002158907154807821,0.5123324990272522,0.6241695880889893,0.0023550502955913544
0.5000178813934326,0.3436630666255951,-0.6809130907058716,0.9998092651367188,0.513623058795929,0.30176717042922974,-0.6444246768951416,0.9996609091758728,0.5220099687576294,0.2999207675457001,-0.6445571780204773,0.9996634125709534,0.5294121503829956,0.29879242181777954,-0.6446472406387329,0.9996294379234314,0.48944059014320374,0.3054017424583435,-0.6533671617507935,0.9996868968009949,0.4816289246082306,0.3055917024612427,-0.6534181833267212,0.9997075200080872,0.4737376272678375,0.3063216507434845,-0.6538034677505493,0.9997042417526245,0.5415871143341064,0.30687087774276733,-0.3974229693412781,0.9996752142906189,0.46437326073646545,0.3128851056098938,-0.4140282869338989,0.999791145324707,0.5164483189582825,0.37870460748672485,-0.5734859108924866,0.9999176263809204,0.4866396486759186,0.3810741901397705,-0.5887191295623779,0.999921977519989,0.6090354323387146,0.5077528357505798,-0.22993479669094086,0.9998614192008972,0.4003215432167053,0.5060341954231262,-0.19975215196609497,0.9997462034225464,0.6677698493003845,0.7803226113319397,-0.16075418889522552,0.9924178719520569,0.33256497979164124,0.7430662512779236,-0.4337855577468872,0.9933494329452515,0.617010772228241,0.9686221480369568,-0.3025561571121216,0.9625911712646484,0.4407278895378113,0.6625223755836487,-0.8803109526634216,0.9523441195487976,0.6144365072250366,1.0593923330307007,-0.34721899032592773,0.902847945690155,0.47988319396972656,0.6442205309867859,-0.9723194241523743,0.8691272735595703,0.5925392508506775,1.0294930934906006,-0.3846757709980011,0.9077377915382385,0.48547661304473877,0.6105647683143616,-0.946911096572876,0.8771733045578003,0.5904543995857239,0.989959180355072,-0.31756591796875,0.8992792367935181,0.4772973954677582,0.6109798550605774,-0.8773600459098816,0.8643572926521301,0.5670416951179504,1.0172444581985474,-0.02991185337305069,0.859965443611145,0.4432133734226227,1.015821933746338,0.030674312263727188,0.8249158263206482,0.5658609867095947,1.4321922063827515,0.03943588212132454,0.0976359024643898,0.4315933585166931,1.4159497022628784,0.1101478859782219,0.08531243354082108,0.5612437725067139,1.7845336198806763,0.40458646416664124,0.007834834046661854,0.4374735951423645,1.7682114839553833,0.40855488181114197,0.01252412237226963,0.5638354420661926,1.8333600759506226,0.42395737767219543,0.00559083791449666,0.4389072358608246,1.8173631429672241,0.4315200448036194,0.017621034756302834,0.5423058867454529,1.90170156955719,0.14800193905830383,0.004766449797898531,0.44531962275505066,1.8844507932662964,0.130606010556221,0.012403377331793308,0.0,0.0,0.0,0.0,0.0,0.0,0.0,0.0,0.0,0.0,0.0,0.0,0.0,0.0,0.0,0.0,0.0,0.0,0.0,0.0,0.0,0.0,0.0,0.0,0.0,0.0,0.0,0.0,0.0,0.0,0.0,0.0,0.0,0.0,0.0,0.0,0.0,0.0,0.0,0.0,0.0,0.0,0.0,0.0,0.0,0.0,0.0,0.0,0.0,0.0,0.0,0.0,0.0,0.0,0.0,0.0,0.0,0.0,0.0,0.0,0.0,0.0,0.0,0.4646740257740021,0.6176702976226807,-2.448149416522938e-07,0.47166311740875244,0.5653842687606812,-0.0015384801663458347,0.4851566255092621,0.5279948115348816,-0.0045511117205023766,0.4974336326122284,0.4995228052139282,-0.007569848094135523,0.5008689165115356,0.47457563877105713,-0.01002801489084959,0.5251572132110596,0.5526513457298279,-0.005042040254920721,0.5294138193130493,0.557346761226654,-0.0052113584242761135,0.5197382569313049,0.5644372701644897,-0.006401040591299534,0.511722981929779,0.5674455165863037,-0.008084224537014961,0.5310165286064148,0.580758273601532,-0.006634752731770277,0.5295411348342896,0.5891690850257874,-0.0030251764692366123,0.5197785496711731,0.59263014793396,-0.0028144700918346643,0.5124177932739258,0.594193160533905,-0.005329690407961607,0.5301046967506409,0.6105082631111145,-0.007567036896944046,0.5283346772193909,0.6142215728759766,-0.004198878072202206,0.5195388793945312,0.6153476238250732,-0.001636647037230432,0.5116156339645386,0.6154347062110901,-0.0024336478672921658,0.5263156294822693,0.6374495029449463,-0.008864760398864746,0.5271934270858765,0.6405700445175171,-0.005889855790883303,0.518925130367279,0.6395473480224609,-0.001559167169034481,0.5116820335388184,0.6379122138023376,0.000724653946235776
0.49990805983543396,0.34533265233039856,-0.6419391632080078,0.9998195767402649,0.5134692788124084,0.3024451732635498,-0.6261529326438904,0.9996755719184875,0.5219395756721497,0.30026909708976746,-0.6261364221572876,0.9996808171272278,0.5294559597969055,0.2990230321884155,-0.626175045967102,0.9996448755264282,0.48861369490623474,0.3065990209579468,-0.619834303855896,0.9997034072875977,0.4805190861225128,0.3068697154521942,-0.6198704242706299,0.9997243881225586,0.47255679965019226,0.3077878952026367,-0.6201260089874268,0.9997185468673706,0.5416803956031799,0.3071894943714142,-0.41377148032188416,0.9996923208236694,0.46409720182418823,0.3138596713542938,-0.3834953010082245,0.9998039603233337,0.516680896282196,0.37948569655418396,-0.5554765462875366,0.9999231100082397,0.4862547218799591,0.3831554651260376,-0.5467783808708191,0.9999281764030457,0.6107021570205688,0.5101809501647949,-0.2399592250585556,0.9998672008514404,0.3999776840209961,0.5059320330619812,-0.20227117836475372,0.9997702240943909,0.668318510055542,0.7882511615753174,-0.180990532040596,0.9924655556678772,0.331023246049881,0.7468681931495667,-0.42995983362197876,0.993306040763855,0.6160842180252075,0.9754957556724548,-0.33169522881507874,0.9626463651657104,0.4450841248035431,0.6705671548843384,-0.8410550951957703,0.9491980075836182,0.6129052639007568,1.0690866708755493,-0.37818410992622375,0.9035276174545288,0.4855477511882782,0.653196394443512,-0.9275826811790466,0.8631109595298767,0.5920984745025635,1.0382763147354126,-0.40958234667778015,0.9086790680885315,0.49071043729782104,0.6178480982780457,-0.9002151489257812,0.8719531297683716,0.5897505283355713,0.9970079064369202,-0.3452334403991699,0.8998007774353027,0.4823848307132721,0.6176679730415344,-0.8362418413162231,0.8592040538787842,0.567438006401062,1.01822829246521,-0.026068858802318573,0.8529205918312073,0.4426024854183197,1.0169458389282227,0.0268513485789299,0.8216338157653809,0.5623851418495178,1.4356046915054321,0.049459122121334076,0.09728407859802246,0.4270317852497101,1.420154094696045,0.0975855365395546,0.08394131809473038,0.5562782883644104,1.7874553203582764,0.3564360737800598,0.008149777539074421,0.43090954422950745,1.7754794359207153,0.38650500774383545,0.012729471549391747,0.5591031908988953,1.8371696472167969,0.37106555700302124,0.006058826576918364,0.4317096173763275,1.8247222900390625,0.40460723638534546,0.018414724618196487,0.5360150933265686,1.9109083414077759,0.0952044352889061,0.00481496611610055,0.4379013478755951,1.8963125944137573,0.10214082151651382,0.012368462048470974,0.0,0.0,0.0,0.0,0.0,0.0,0.0,0.0,0.0,0.0,0.0,0.0,0.0,0.0,0.0,0.0,0.0,0.0,0.0,0.0,0.0,0.0,0.0,0.0,0.0,0.0,0.0,0.0,0.0,0.0,0.0,0.0,0.0,0.0,0.0,0.0,0.0,0.0,0.0,0.0,0.0,0.0,0.0,0.0,0.0,0.0,0.0,0.0,0.0,0.0,0.0,0.0,0.0,0.0,0.0,0.0,0.0,0.0,0.0,0.0,0.0,0.0,0.0,0.4660190939903259,0.6310589909553528,-2.4030728695834114e-07,0.47349587082862854,0.578696072101593,-0.0010341323213651776,0.4871010482311249,0.5421744585037231,-0.004049986135214567,0.49954554438591003,0.514708936214447,-0.007295845542103052,0.5023437738418579,0.4898543953895569,-0.01004709117114544,0.5256588459014893,0.5685297250747681,-0.004053854383528233,0.5307247638702393,0.5721485614776611,-0.004644520580768585,0.5211808681488037,0.57918781042099,-0.006115954834967852,0.5127754807472229,0.5821221470832825,-0.007849796675145626,0.5313360691070557,0.5962228178977966,-0.00605080695822835,0.5308010578155518,0.6047980189323425,-0.002913814503699541,0.5208641886711121,0.6078663468360901,-0.002892725635319948,0.5130898952484131,0.6085101962089539,-0.00530741922557354,0.5304756164550781,0.6256370544433594,-0.0075028338469564915,0.5296949744224548,0.6300700306892395,-0.004782554227858782,0.5207548141479492,0.630881667137146,-0.0025266699958592653,0.5127174854278564,0.6304543018341064,-0.0032786501105874777,0.5267488956451416,0.6526713967323303,-0.009250035509467125,0.5282675623893738,0.6557956337928772,-0.006798682734370232,0.5199317336082458,0.6545192003250122,-0.002668533241376281,0.5125256776809692,0.6525806188583374,-0.00039449086762033403
0.4999403655529022,0.3468233048915863,-0.6450881361961365,0.9998258352279663,0.5133016705513,0.30336469411849976,-0.6272472739219666,0.9996851086616516,0.5216048359870911,0.3011264204978943,-0.6273027658462524,0.9996923804283142,0.5290355086326599,0.2999191880226135,-0.6273819208145142,0.9996562600135803,0.4885198771953583,0.30777508020401,-0.621802031993866,0.9997134804725647,0.4803769290447235,0.30813953280448914,-0.6218470335006714,0.9997338652610779,0.4725048840045929,0.30918747186660767,-0.6221113204956055,0.9997251629829407,0.5411173701286316,0.30824580788612366,-0.41888952255249023,0.9997043609619141,0.46409332752227783,0.31500980257987976,-0.3796883225440979,0.9998122453689575,0.5166242718696594,0.3811055123806,-0.5551945567131042,0.9999281764030457,0.4863707423210144,0.3854176700115204,-0.5478100180625916,0.9999336004257202,0.6113859415054321,0.5111836194992065,-0.224805548787117,0.9998704195022583,0.39995092153549194,0.5080902576446533,-0.19688962399959564,0.9997862577438354,0.6688348650932312,0.7869966626167297,-0.1526540368795395,0.9923961758613586,0.32953914999961853,0.751058042049408,-0.41294243931770325,0.9932641386985779,0.6174570322036743,0.9715896248817444,-0.294067919254303,0.9632143378257751,0.4413852095603943,0.6856815814971924,-0.8330098390579224,0.9446836113929749,0.6135440468788147,1.0659263134002686,-0.33729955554008484,0.9042159914970398,0.4803384840488434,0.6609296202659607,-0.9207290410995483,0.8537072539329529,0.5917498469352722,1.0351094007492065,-0.3734112083911896,0.9093244075775146,0.4870949387550354,0.6253343224525452,-0.891859769821167,0.8632414937019348,0.58974689245224,0.99457848072052,-0.30851465463638306,0.9001801013946533,0.4797362983226776,0.6280965805053711,-0.8275899887084961,0.8507653474807739,0.5680830478668213,1.0204544067382812,-0.024187501519918442,0.861303985118866,0.44241124391555786,1.0197755098342896,0.024988267570734024,0.8326101303100586,0.5644583106040955,1.4387998580932617,0.026318786665797234,0.10035541653633118,0.4282883405685425,1.4257636070251465,0.103336401283741,0.08539373427629471,0.5590749382972717,1.7878140211105347,0.3919496238231659,0.00860209297388792,0.43251949548721313,1.778602957725525,0.4146381914615631,0.013285147026181221,0.5618960857391357,1.8369858264923096,0.41283324360847473,0.006609249394387007,0.433466374874115,1.8266854286193848,0.4381825029850006,0.019596325233578682,0.5385681986808777,1.9152228832244873,0.143006831407547,0.0048624551855027676,0.44246378540992737,1.900492787361145,0.14866341650485992,0.012707983143627644,0.0,0.0,0.0,0.0,0.0,0.0,0.0,0.0,0.0,0.0,0.0,0.0,0.0,0.0,0.0,0.0,0.0,0.0,0.0,0.0,0.0,0.0,0.0,0.0,0.0,0.0,0.0,0.0,0.0,0.0,0.0,0.0,0.0,0.0,0.0,0.0,0.0,0.0,0.0,0.0,0.0,0.0,0.0,0.0,0.0,0.0,0.0,0.0,0.0,0.0,0.0,0.0,0.0,0.0,0.0,0.0,0.0,0.0,0.0,0.0,0.0,0.0,0.0,0.4640270471572876,0.6470183730125427,-2.546806570080662e-07,0.47356751561164856,0.5945519804954529,0.00012500182492658496,0.4878624677658081,0.5573348999023438,-0.002329307608306408,0.5003160238265991,0.5288300514221191,-0.005229726899415255,0.5050028562545776,0.504680335521698,-0.007476111873984337,0.5268135070800781,0.5840845108032227,-0.0024647251702845097,0.5339008569717407,0.5842030644416809,-0.0026944386772811413,0.5248469710350037,0.5901651382446289,-0.00384955620393157,0.5163296461105347,0.5935518741607666,-0.00523957097902894,0.5323346257209778,0.6112700700759888,-0.0047331638634204865,0.533764123916626,0.6153961420059204,-0.0011200940934941173,0.5241974592208862,0.6182610988616943,-0.0008352718432433903,0.5163493752479553,0.6200178265571594,-0.0030946023762226105,0.5318357348442078,0.6402292847633362,-0.006419768091291189,0.5322785973548889,0.6405020356178284,-0.003032818902283907,0.5237908959388733,0.6413279175758362,-0.0004586951690725982,0.5155264735221863,0.641919732093811,-0.0011102906428277493,0.5285732746124268,0.666815996170044,-0.008308102376759052,0.5310764908790588,0.66681969165802,-0.005083781201392412,0.5227940082550049,0.6651456952095032,-0.0006321021937765181,0.514980137348175,0.6640207767486572,0.0018019796116277575
0.5002323389053345,0.3474942147731781,-0.6780822277069092,0.9998331665992737,0.5134766101837158,0.30371901392936707,-0.6603862047195435,0.9996981024742126,0.5216162204742432,0.3015412390232086,-0.6604529619216919,0.9997057318687439,0.5289319753646851,0.30053263902664185,-0.6605198979377747,0.9996689558029175,0.4887028634548187,0.30822673439979553,-0.6543875336647034,0.9997274279594421,0.4806051254272461,0.30858004093170166,-0.6544405221939087,0.9997476935386658,0.4728007912635803,0.3096332252025604,-0.6547068953514099,0.9997376799583435,0.5406205058097839,0.30896443128585815,-0.4452659487724304,0.9997192025184631,0.4640994369983673,0.31565889716148376,-0.40781524777412415,0.9998209476470947,0.517075777053833,0.38177239894866943,-0.5867621898651123,0.9999323487281799,0.4864283800125122,0.3866238594055176,-0.5790826082229614,0.9999380111694336,0.6117039918899536,0.5115057229995728,-0.23998568952083588,0.9998725652694702,0.39871835708618164,0.5093852281570435,-0.211578369140625,0.9997983574867249,0.6687124967575073,0.788865864276886,-0.1625141203403473,0.9922727346420288,0.32980743050575256,0.7556276321411133,-0.4314235746860504,0.9933698773384094,0.6163866519927979,0.9746013283729553,-0.306404173374176,0.9633166193962097,0.44543221592903137,0.6999298930168152,-0.8545224666595459,0.9444628357887268,0.6128986477851868,1.0714188814163208,-0.34926050901412964,0.9041784405708313,0.485515296459198,0.677987277507782,-0.9422691464424133,0.8529229760169983,0.5902459025382996,1.0423061847686768,-0.3855859637260437,0.9094036817550659,0.4918016791343689,0.6394549608230591,-0.9143679141998291,0.8625360727310181,0.5884196162223816,0.9990928173065186,-0.32064780592918396,0.9005187153816223,0.4830746054649353,0.6429386138916016,-0.8490990996360779,0.8502059578895569,0.5682600140571594,1.022438406944275,-0.02160889096558094,0.8666645884513855,0.4420097768306732,1.022034764289856,0.022480491548776627,0.8401700258255005,0.5678021907806396,1.4419796466827393,0.026324747130274773,0.09773792326450348,0.4288533627986908,1.431655764579773,0.09549052268266678,0.08278799057006836,0.5624799132347107,1.7903624773025513,0.41063278913497925,0.008516264148056507,0.4342898726463318,1.7858810424804688,0.40971043705940247,0.012923086062073708,0.5646678805351257,1.838588833808899,0.4331054985523224,0.00668405182659626,0.43536198139190674,1.8337302207946777,0.4327126145362854,0.01895282231271267,0.5440552830696106,1.9205046892166138,0.15869107842445374,0.00471582030877471,0.44647571444511414,1.9090079069137573,0.13281042873859406,0.012436896562576294,0.0,0.0,0.0,0.0,0.0,0.0,0.0,0.0,0.0,0.0,0.0,0.0,0.0,0.0,0.0,0.0,0.0,0.0,0.0,0.0,0.0,0.0,0.0,0.0,0.0,0.0,0.0,0.0,0.0,0.0,0.0,0.0,0.0,0.0,0.0,0.0,0.0,0.0,0.0,0.0,0.0,0.0,0.0,0.0,0.0,0.0,0.0,0.0,0.0,0.0,0.0,0.0,0.0,0.0,0.0,0.0,0.0,0.0,0.0,0.0,0.0,0.0,0.0,0.46323350071907043,0.6594820022583008,-2.3210257893424568e-07,0.474589079618454,0.6068352460861206,0.000573847268242389,0.48948949575424194,0.5690338611602783,-0.0018181557534262538,0.5022636651992798,0.5403861999511719,-0.004928390961140394,0.5070450901985168,0.5163142681121826,-0.007382814306765795,0.5266137719154358,0.5995309352874756,-0.0018649076810106635,0.5353831052780151,0.5985039472579956,-0.001411300734616816,0.5257518887519836,0.6040610074996948,-0.001976398518308997,0.5163503885269165,0.6080024838447571,-0.0029907601419836283,0.5315912365913391,0.6276811957359314,-0.004284991417080164,0.5347694158554077,0.6308361291885376,1.7930116882780567e-05,0.5251778960227966,0.632432222366333,0.0007682865252718329,0.5167282819747925,0.6337822675704956,-0.0012526490027084947,0.5306481719017029,0.6567171812057495,-0.006103832274675369,0.5335528254508972,0.6571779847145081,-0.002007360104471445,0.5249394774436951,0.6568406820297241,0.000764492666348815,0.5158160924911499,0.6573120355606079,0.00011661701137199998,0.5270581245422363,0.6829538345336914,-0.008123328909277916,0.531783938407898,0.6833959221839905,-0.004201000090688467,0.5238399505615234,0.6811112761497498,0.0005479977698996663,0.5155015587806702,0.6801719665527344,0.0030857245437800884
0.49954932928085327,0.34757721424102783,-0.6575326919555664,0.9998359084129333,0.5130965709686279,0.3038361370563507,-0.6379299759864807,0.9997026324272156,0.5213285684585571,0.30161383748054504,-0.6379852890968323,0.9997109770774841,0.5287678837776184,0.3006541430950165,-0.6380516886711121,0.999673068523407,0.48823729157447815,0.3082042932510376,-0.6340732574462891,0.9997335076332092,0.4801173210144043,0.30847713351249695,-0.6341348886489868,0.9997537136077881,0.47241291403770447,0.30944114923477173,-0.6344138979911804,0.9997427463531494,0.5404638648033142,0.30905887484550476,-0.4235083758831024,0.9997252821922302,0.46408218145370483,0.3160772919654846,-0.3950580358505249,0.9998236298561096,0.5168102979660034,0.38199400901794434,-0.5673012137413025,0.999934196472168,0.4855552315711975,0.38703715801239014,-0.5618947148323059,0.9999405741691589,0.6120559573173523,0.5126050710678101,-0.23180420696735382,0.9998674988746643,0.3985915780067444,0.5104534029960632,-0.21750839054584503,0.9998055100440979,0.668952226638794,0.7907527685165405,-0.16248485445976257,0.9917676448822021,0.3305853009223938,0.7571567893028259,-0.43019425868988037,0.9934833645820618,0.615315318107605,0.97346431016922,-0.2995268702507019,0.9610866904258728,0.44938042759895325,0.7029081583023071,-0.8225045800209045,0.9434459805488586,0.6110935211181641,1.072421908378601,-0.3396274745464325,0.9001551866531372,0.4891868531703949,0.6807204484939575,-0.9060079455375671,0.8500758409500122,0.5895566344261169,1.0431874990463257,-0.37736934423446655,0.9057652950286865,0.4939786493778229,0.6424378752708435,-0.8753076195716858,0.8598516583442688,0.5874833464622498,0.9985828399658203,-0.31424257159233093,0.8972913026809692,0.48487821221351624,0.6456733345985413,-0.8151743412017822,0.8476147055625916,0.5689076781272888,1.0239663124084473,-0.01967722177505493,0.8696982264518738,0.44179704785346985,1.0232648849487305,0.020512236282229424,0.8452598452568054,0.5678995847702026,1.4444326162338257,0.04150918498635292,0.09522916376590729,0.4275698959827423,1.4354872703552246,0.0936184674501419,0.08173757046461105,0.5629686117172241,1.7927753925323486,0.40676048398017883,0.008440673351287842,0.4337644875049591,1.7899900674819946,0.3897800147533417,0.012685723602771759,0.5651313066482544,1.8403135538101196,0.4279208183288574,0.0067050703801214695,0.4346240758895874,1.8371737003326416,0.4115428924560547,0.018334850668907166,0.5446608662605286,1.9243764877319336,0.15708725154399872,0.004516620188951492,0.44749578833580017,1.9147257804870605,0.11403600871562958,0.01214586291462183,0.0,0.0,0.0,0.0,0.0,0.0,0.0,0.0,0.0,0.0,0.0,0.0,0.0,0.0,0.0,0.0,0.0,0.0,0.0,0.0,0.0,0.0,0.0,0.0,0.0,0.0,0.0,0.0,0.0,0.0,0.0,0.0,0.0,0.0,0.0,0.0,0.0,0.0,0.0,0.0,0.0,0.0,0.0,0.0,0.0,0.0,0.0,0.0,0.0,0.0,0.0,0.0,0.0,0.0,0.0,0.0,0.0,0.0,0.0,0.0,0.0,0.0,0.0,0.4649893343448639,0.6717877388000488,-2.475725295880693e-07,0.47632861137390137,0.6205212473869324,-0.0004781199968419969,0.491239994764328,0.5838300585746765,-0.0033851435873657465,0.5040041208267212,0.5561108589172363,-0.006713078357279301,0.5085257887840271,0.531520426273346,-0.009355098009109497,0.5283768773078918,0.6143434047698975,-0.0026192055083811283,0.5356168150901794,0.61283278465271,-0.0037422936875373125,0.5255928039550781,0.6176787614822388,-0.005533840041607618,0.5158810615539551,0.6205533146858215,-0.007156811188906431,0.533073902130127,0.6427137851715088,-0.004828456789255142,0.53578120470047,0.6448020935058594,-0.002097816439345479,0.5262341499328613,0.6464672088623047,-0.001987901283428073,0.5174938440322876,0.6475909948348999,-0.004017489030957222,0.5318639278411865,0.6714358329772949,-0.006635576952248812,0.5347827672958374,0.6710899472236633,-0.004422345198690891,0.5263388156890869,0.6713839173316956,-0.002089506248012185,0.517512321472168,0.6717402935028076,-0.002391519257798791,0.5278513431549072,0.6977465152740479,-0.00863419659435749,0.5327162146568298,0.6965681314468384,-0.006577982567250729,0.5249093174934387,0.6950264573097229,-0.002266839612275362,0.5171035528182983,0.6941637992858887,0.0004517032066360116
0.500272810459137,0.34740352630615234,-0.6931461691856384,0.9998390674591064,0.5134774446487427,0.3038640022277832,-0.67661052942276,0.9997091293334961,0.5215551853179932,0.3016306757926941,-0.6766358613967896,0.9997179508209229,0.5289006233215332,0.3006575405597687,-0.6767298579216003,0.999679446220398,0.48858675360679626,0.3078998029232025,-0.671425461769104,0.9997404217720032,0.4804019331932068,0.30808717012405396,-0.6715461015701294,0.9997597932815552,0.47257566452026367,0.30901798605918884,-0.6718210577964783,0.9997477531433105,0.5401999354362488,0.30904245376586914,-0.424968421459198,0.9997323751449585,0.46397528052330017,0.31630706787109375,-0.4389808475971222,0.9998268485069275,0.5172777771949768,0.38205257058143616,-0.6043471097946167,0.999936580657959,0.485571950674057,0.387314110994339,-0.5974462628364563,0.9999433755874634,0.6123505234718323,0.5127518177032471,-0.2575565278530121,0.9998602867126465,0.398805171251297,0.5128180980682373,-0.23610970377922058,0.9998073577880859,0.6680906414985657,0.7914819121360779,-0.16941021382808685,0.991047739982605,0.3312523663043976,0.759574830532074,-0.436027467250824,0.9932340383529663,0.615496039390564,0.9733864068984985,-0.30912914872169495,0.9582991003990173,0.4439298212528229,0.7251523733139038,-0.8345950245857239,0.9403019547462463,0.6123684048652649,1.071610450744629,-0.348941832780838,0.8953867554664612,0.48132815957069397,0.7187997102737427,-0.9172653555870056,0.8437715172767639,0.5901563763618469,1.0434634685516357,-0.3882581889629364,0.9014473557472229,0.4893965721130371,0.6711976528167725,-0.8922070860862732,0.8541325330734253,0.5879377126693726,0.999335527420044,-0.3241552710533142,0.8929427862167358,0.4803057014942169,0.6721501350402832,-0.8289040327072144,0.841198742389679,0.5685533881187439,1.0255032777786255,-0.019093669950962067,0.8750765919685364,0.44134819507598877,1.0242619514465332,0.019886452704668045,0.8527054786682129,0.5669938921928406,1.4473334550857544,0.04839886352419853,0.10054808855056763,0.4274231791496277,1.4361796379089355,0.09024081379175186,0.08566246926784515,0.562669575214386,1.793747901916504,0.4304327368736267,0.009102139621973038,0.43350541591644287,1.78929603099823,0.4028889536857605,0.013554573059082031,0.564631998538971,1.8402241468429565,0.4531058073043823,0.0071694813668727875,0.434439480304718,1.8365715742111206,0.42627954483032227,0.019131869077682495,0.5442941188812256,1.9233943223953247,0.18317104876041412,0.004669032990932465,0.44742193818092346,1.9126473665237427,0.1319884955883026,0.012736662290990353,0.0,0.0,0.0,0.0,0.0,0.0,0.0,0.0,0.0,0.0,0.0,0.0,0.0,0.0,0.0,0.0,0.0,0.0,0.0,0.0,0.0,0.0,0.0,0.0,0.0,0.0,0.0,0.0,0.0,0.0,0.0,0.0,0.0,0.0,0.0,0.0,0.0,0.0,0.0,0.0,0.0,0.0,0.0,0.0,0.0,0.0,0.0,0.0,0.0,0.0,0.0,0.0,0.0,0.0,0.0,0.0,0.0,0.0,0.0,0.0,0.0,0.0,0.0,0.4657604694366455,0.6833808422088623,-2.2196240934135858e-07,0.47688934206962585,0.6329759955406189,0.0002665397187229246,0.4922189712524414,0.5978648066520691,-0.0017261893954128027,0.5051712393760681,0.5715723037719727,-0.004218617919832468,0.5093111395835876,0.5473713278770447,-0.006139603443443775,0.5293802618980408,0.6285044550895691,-0.001191726652905345,0.5368765592575073,0.6288852691650391,-0.0002092854556394741,0.5277596116065979,0.6338387727737427,-0.00041414762381464243,0.5187172293663025,0.6371243596076965,-0.0011570603819563985,0.5342773795127869,0.6567931175231934,-0.0030923481099307537,0.5355609059333801,0.6596887111663818,0.0018973263213410974,0.5263404250144958,0.6606874465942383,0.0027448534965515137,0.5182227492332458,0.6620622277259827,0.00080739805707708,0.532762885093689,0.6856372356414795,-0.0044212257489562035,0.5340107679367065,0.6854296922683716,-0.00013440594193525612,0.5255574584007263,0.6847977638244629,0.0021830580662935972,0.5168436169624329,0.6853420734405518,0.001327844220213592,0.5284728407859802,0.7116219997406006,-0.0059500704519450665,0.5325745344161987,0.7113813757896423,-0.0022741786669939756,0.5245473384857178,0.7087046504020691,0.002062123967334628,0.5161786675453186,0.7077214121818542,0.0044193631038069725
0.5020344257354736,0.34705042839050293,-0.7015424370765686,0.9998412728309631,0.5150730609893799,0.30383193492889404,-0.685738205909729,0.9997150897979736,0.5228852033615112,0.30164679884910583,-0.6857200264930725,0.999725341796875,0.5300480723381042,0.30066293478012085,-0.6858026385307312,0.9996872544288635,0.490120530128479,0.30744385719299316,-0.6815416812896729,0.9997455477714539,0.4817937910556793,0.3074612617492676,-0.6816615462303162,0.9997638463973999,0.47363752126693726,0.30821117758750916,-0.6819105744361877,0.9997497797012329,0.5406903624534607,0.3092416822910309,-0.4334101378917694,0.9997398257255554,0.4639173150062561,0.31614524126052856,-0.45298463106155396,0.9998281598091125,0.5183411240577698,0.38211002945899963,-0.6153576374053955,0.99993896484375,0.4866112768650055,0.3873644471168518,-0.6093652844429016,0.9999458193778992,0.6126344203948975,0.5137849450111389,-0.262771338224411,0.9998587369918823,0.39826011657714844,0.514153778553009,-0.252926766872406,0.9998090267181396,0.667495846748352,0.7942249178886414,-0.189024418592453,0.9908374547958374,0.33337533473968506,0.7639303207397461,-0.43355655670166016,0.9928329586982727,0.6158006191253662,0.9787224531173706,-0.33432620763778687,0.956906795501709,0.4461030662059784,0.7344174385070801,-0.8107271194458008,0.9353183507919312,0.6135940551757812,1.0803136825561523,-0.37577834725379944,0.8924662470817566,0.48745664954185486,0.7378559708595276,-0.8897436261177063,0.8344146609306335,0.5912790298461914,1.053787112236023,-0.4152486026287079,0.8988384008407593,0.49310749769210815,0.69468754529953,-0.8666256070137024,0.8456720113754272,0.5888986587524414,1.0084396600723267,-0.3493860363960266,0.8903485536575317,0.48281601071357727,0.6908101439476013,-0.8048272728919983,0.8320986032485962,0.5686541795730591,1.026991367340088,-0.01737637259066105,0.8818276524543762,0.4408159554004669,1.0247095823287964,0.01807979680597782,0.8609783053398132,0.5675035715103149,1.4501709938049316,0.051456570625305176,0.10761456191539764,0.4279464781284332,1.4377012252807617,0.09097182005643845,0.09053093194961548,0.5635440349578857,1.7949129343032837,0.4282289743423462,0.010211318731307983,0.43404027819633484,1.7900015115737915,0.41724079847335815,0.01474941335618496,0.5651679635047913,1.8404645919799805,0.4508414566516876,0.008184457197785378,0.43497732281684875,1.837146282196045,0.44096803665161133,0.02067604847252369,0.5459667444229126,1.9239630699157715,0.18457938730716705,0.005007005762308836,0.44896242022514343,1.9128859043121338,0.1357240378856659,0.013488737866282463,0.0,0.0,0.0,0.0,0.0,0.0,0.0,0.0,0.0,0.0,0.0,0.0,0.0,0.0,0.0,0.0,0.0,0.0,0.0,0.0,0.0,0.0,0.0,0.0,0.0,0.0,0.0,0.0,0.0,0.0,0.0,0.0,0.0,0.0,0.0,0.0,0.0,0.0,0.0,0.0,0.0,0.0,0.0,0.0,0.0,0.0,0.0,0.0,0.0,0.0,0.0,0.0,0.0,0.0,0.0,0.0,0.0,0.0,0.0,0.0,0.0,0.0,0.0,0.46766334772109985,0.6958609223365784,-1.9779973570166476e-07,0.4778864085674286,0.64556884765625,-0.0006474023684859276,0.4930156469345093,0.6108065843582153,-0.003340672003105283,0.5057288408279419,0.5847935080528259,-0.006446052808314562,0.5104760527610779,0.5603407621383667,-0.00898677483201027,0.5307000279426575,0.6441900730133057,-0.0011321566998958588,0.5369829535484314,0.6429113149642944,-0.0005480617401190102,0.5278456211090088,0.6475353240966797,-0.0015080883167684078,0.51896733045578,0.6509706974029541,-0.002777538262307644,0.5354849100112915,0.6726734042167664,-0.0027998550795018673,0.5361769795417786,0.6733808517456055,0.0015932529931887984,0.5270854234695435,0.6745418310165405,0.001870849053375423,0.5190708637237549,0.6767101883888245,-0.00021435813687276095,0.5336493849754333,0.7010980248451233,-0.004038023762404919,0.5341050028800964,0.6991338729858398,6.352523632813245e-05,0.5259458422660828,0.698778510093689,0.0020229974761605263,0.5174187421798706,0.6996060609817505,0.0011121201096102595,0.5289714336395264,0.7267667651176453,-0.005617750808596611,0.5324103236198425,0.7250088453292847,-0.002009199932217598,0.5247876644134521,0.7225111722946167,0.002097425051033497,0.5169998407363892,0.721771776676178,0.004419400822371244
0.5023685693740845,0.34702202677726746,-0.7350542545318604,0.9998457431793213,0.5153540968894958,0.30382031202316284,-0.6966056227684021,0.9997269511222839,0.5233476758003235,0.3016758859157562,-0.6967580914497375,0.9997367858886719,0.530451774597168,0.30068469047546387,-0.6968661546707153,0.9997022151947021,0.4902108609676361,0.3071834146976471,-0.7049129009246826,0.9997544884681702,0.48204752802848816,0.30709385871887207,-0.704982340335846,0.9997692704200745,0.47383105754852295,0.30770137906074524,-0.7052773833274841,0.9997542500495911,0.5411936640739441,0.3093343675136566,-0.4434370994567871,0.9997527599334717,0.4639500081539154,0.3160490393638611,-0.454064279794693,0.9998319745063782,0.5188707709312439,0.382292777299881,-0.6242417693138123,0.9999431371688843,0.4870922267436981,0.3879173696041107,-0.6366205215454102,0.9999491572380066,0.6124756932258606,0.5155479907989502,-0.27398571372032166,0.9998639225959778,0.3983303904533386,0.514986515045166,-0.25354960560798645,0.9998148679733276,0.6668463349342346,0.7978276610374451,-0.18391819298267365,0.9909135103225708,0.33485671877861023,0.7695115208625793,-0.4252300560474396,0.9925485253334045,0.6148682832717896,0.9787118434906006,-0.3468555212020874,0.9561833739280701,0.44613444805145264,0.7483406066894531,-0.8245403170585632,0.9326210021972656,0.6126776933670044,1.0768877267837524,-0.39379602670669556,0.8900735378265381,0.48609915375709534,0.7574337720870972,-0.908854067325592,0.8310372233390808,0.5915224552154541,1.0488592386245728,-0.4330504834651947,0.8966992497444153,0.49229830503463745,0.7071689367294312,-0.8941441774368286,0.8428163528442383,0.5888845324516296,1.0048177242279053,-0.3626115918159485,0.8881974816322327,0.48169735074043274,0.7030657529830933,-0.8224071860313416,0.8278859257698059,0.5679928660392761,1.0278184413909912,-0.01801447756588459,0.8847936987876892,0.4404282569885254,1.0248095989227295,0.018744943663477898,0.8652191162109375,0.5672903060913086,1.4520891904830933,0.04138708487153053,0.11676850914955139,0.4284631907939911,1.438734531402588,0.10206660628318787,0.09625659137964249,0.5642318725585938,1.7967629432678223,0.4193410277366638,0.01159338653087616,0.4346036911010742,1.7917282581329346,0.42111051082611084,0.016967415809631348,0.5657097101211548,1.8421618938446045,0.4410119950771332,0.009036533534526825,0.43565669655799866,1.8394719362258911,0.44430434703826904,0.023394878953695297,0.5468624830245972,1.9241502285003662,0.16209448873996735,0.005667246412485838,0.4504319131374359,1.9136861562728882,0.14337444305419922,0.015292978845536709,0.0,0.0,0.0,0.0,0.0,0.0,0.0,0.0,0.0,0.0,0.0,0.0,0.0,0.0,0.0,0.0,0.0,0.0,0.0,0.0,0.0,0.0,0.0,0.0,0.0,0.0,0.0,0.0,0.0,0.0,0.0,0.0,0.0,0.0,0.0,0.0,0.0,0.0,0.0,0.0,0.0,0.0,0.0,0.0,0.0,0.0,0.0,0.0,0.0,0.0,0.0,0.0,0.0,0.0,0.0,0.0,0.0,0.0,0.0,0.0,0.0,0.0,0.0,0.46762654185295105,0.7081980109214783,-1.9326610356529272e-07,0.47915032505989075,0.6586914658546448,-0.00017364426457788795,0.4948936700820923,0.6247494220733643,-0.0021217972971498966,0.5078688859939575,0.5985538363456726,-0.004571753088384867,0.5125771164894104,0.5743822455406189,-0.006498304661363363,0.5302807092666626,0.6580639481544495,-0.00017530383775010705,0.5388748645782471,0.6566110253334045,0.0008234636625275016,0.53056800365448,0.6600009202957153,0.0003297399671282619,0.5219495296478271,0.6629023551940918,-0.0005817263736389577,0.5350630283355713,0.6866418719291687,-0.0016180066158995032,0.5370911359786987,0.6869716048240662,0.003223030362278223,0.5284051895141602,0.687605082988739,0.003928387071937323,0.5208489298820496,0.6898242235183716,0.0021049194037914276,0.5332514047622681,0.714906632900238,-0.0026501270476728678,0.5347299575805664,0.7121032476425171,0.0015775082865729928,0.5266695618629456,0.7116477489471436,0.003673209808766842,0.5182626247406006,0.7127339243888855,0.002883496694266796,0.5287749171257019,0.740426242351532,-0.0039450484327971935,0.5331752300262451,0.7384496331214905,-0.0002769589191302657,0.5257560610771179,0.7362728118896484,0.0038389123510569334,0.5180860757827759,0.7358852028846741,0.006168474908918142
0.5031911134719849,0.3467165231704712,-0.7212927341461182,0.9998481869697571,0.5158373117446899,0.30376675724983215,-0.6985698342323303,0.9997348189353943,0.5239182114601135,0.3015539050102234,-0.6986035704612732,0.9997445344924927,0.5309175848960876,0.3003925383090973,-0.6986724734306335,0.999713659286499,0.4906877875328064,0.3067970275878906,-0.6992291212081909,0.9997584223747253,0.4825997054576874,0.306594580411911,-0.6992753148078918,0.9997695684432983,0.47430118918418884,0.307113379240036,-0.6995230317115784,0.9997534155845642,0.5414468050003052,0.3092557191848755,-0.44214868545532227,0.9997614622116089,0.4639773666858673,0.31589221954345703,-0.4514457583427429,0.9998317956924438,0.5196114182472229,0.3823898434638977,-0.6272245049476624,0.9999465942382812,0.4878087639808655,0.38783615827560425,-0.6275347471237183,0.999951958656311,0.6117576360702515,0.5153858065605164,-0.264408141374588,0.9998703002929688,0.39886239171028137,0.5152743458747864,-0.264524906873703,0.9998182654380798,0.6664150953292847,0.7966269254684448,-0.17557458579540253,0.9908463358879089,0.334795743227005,0.7728124260902405,-0.42322397232055664,0.9921338558197021,0.6149967312812805,0.9813882112503052,-0.34230396151542664,0.9545519948005676,0.44324925541877747,0.7571055293083191,-0.7961652278900146,0.9293126463890076,0.6144133806228638,1.0822948217391968,-0.3902539908885956,0.8863158822059631,0.48274457454681396,0.7677258849143982,-0.878926157951355,0.8253970146179199,0.5933578610420227,1.0568418502807617,-0.4331955909729004,0.893473744392395,0.48968982696533203,0.7179085612297058,-0.8666822910308838,0.8379613161087036,0.5899696350097656,1.0107028484344482,-0.3600296378135681,0.8851925730705261,0.47842609882354736,0.71222984790802,-0.7943228483200073,0.8219848275184631,0.5681184530258179,1.0276949405670166,-0.014938809908926487,0.8871740698814392,0.4403516948223114,1.0247125625610352,0.015709245577454567,0.8689908385276794,0.5702933073043823,1.4479615688323975,0.07526949048042297,0.12554453313350677,0.4300612211227417,1.434879183769226,0.10132918506860733,0.10262476652860641,0.5678368806838989,1.7929847240447998,0.4464804530143738,0.013180921785533428,0.4369477927684784,1.7885215282440186,0.42453792691230774,0.019601061940193176,0.5686735510826111,1.8380035161972046,0.4673539400100708,0.010415703989565372,0.43807628750801086,1.8368151187896729,0.44725486636161804,0.027085812762379646,0.5514060258865356,1.9198580980300903,0.1895143985748291,0.0063309515826404095,0.4546413719654083,1.9095605611801147,0.14842265844345093,0.017065085470676422,0.0,0.0,0.0,0.0,0.0,0.0,0.0,0.0,0.0,0.0,0.0,0.0,0.0,0.0,0.0,0.0,0.0,0.0,0.0,0.0,0.0,0.0,0.0,0.0,0.0,0.0,0.0,0.0,0.0,0.0,0.0,0.0,0.0,0.0,0.0,0.0,0.0,0.0,0.0,0.0,0.0,0.0,0.0,0.0,0.0,0.0,0.0,0.0,0.0,0.0,0.0,0.0,0.0,0.0,0.0,0.0,0.0,0.0,0.0,0.0,0.0,0.0,0.0,0.46824347972869873,0.7205666899681091,-1.7503244009731134e-07,0.4796221852302551,0.6720168590545654,-7.851423288229853e-05,0.49549365043640137,0.6376844048500061,-0.0015859666746109724,0.5080189108848572,0.6122422218322754,-0.0036670651752501726,0.5123965740203857,0.5892486572265625,-0.005173145793378353,0.5293279886245728,0.6730302572250366,0.000913941883482039,0.5391254425048828,0.6704665422439575,0.002079244004562497,0.5308537483215332,0.6724550724029541,0.0016140557127073407,0.5221267342567444,0.6742364764213562,0.0007525145192630589,0.5335132479667664,0.7006233930587769,-0.0006256000488065183,0.5385099649429321,0.7002241611480713,0.0040795160457491875,0.5305148363113403,0.7002048492431641,0.004713256377726793,0.5227231979370117,0.7017406225204468,0.0030044580344110727,0.5318147540092468,0.7281638383865356,-0.0018716014456003904,0.5364547967910767,0.7256037592887878,0.002336065052077174,0.5290557146072388,0.7248138785362244,0.004399802535772324,0.5204380750656128,0.7252975702285767,0.0036753243766725063,0.5272395610809326,0.7535067200660706,-0.0033754268661141396,0.5343109369277954,0.7520520091056824,0.00027152878465130925,0.5275087356567383,0.7495595812797546,0.004368087742477655,0.5197385549545288,0.7488633394241333,0.006676933728158474
0.5037063956260681,0.34674152731895447,-0.7308760285377502,0.9998487830162048,0.5162561535835266,0.30384570360183716,-0.7057632803916931,0.999738335609436,0.5242530107498169,0.3017427623271942,-0.7058324813842773,0.9997473359107971,0.5311487913131714,0.30047929286956787,-0.7059251070022583,0.9997170567512512,0.4910969138145447,0.3069775104522705,-0.7068315744400024,0.9997605681419373,0.4830123782157898,0.30693408846855164,-0.706925630569458,0.9997707605361938,0.47472813725471497,0.3076411485671997,-0.7072025537490845,0.9997549653053284,0.5416668057441711,0.30939140915870667,-0.46613699197769165,0.9997642040252686,0.464107483625412,0.31641095876693726,-0.4637956917285919,0.999832034111023,0.5202925801277161,0.38292965292930603,-0.6327547430992126,0.9999478459358215,0.4884367287158966,0.3880988657474518,-0.6334232687950134,0.9999536871910095,0.6116960644721985,0.5163716077804565,-0.26912596821784973,0.9998621940612793,0.4000145196914673,0.5147997736930847,-0.28799524903297424,0.9998162984848022,0.6666882038116455,0.798377513885498,-0.1943567842245102,0.9902262091636658,0.33486559987068176,0.7746257781982422,-0.4324515163898468,0.9917094111442566,0.6155765652656555,0.9828975200653076,-0.3510977327823639,0.9484750032424927,0.44551363587379456,0.7640596628189087,-0.7812513709068298,0.9272421598434448,0.6165801882743835,1.0849193334579468,-0.3974628448486328,0.8752873539924622,0.4858204424381256,0.7801105380058289,-0.8614448308944702,0.8205555081367493,0.5944534540176392,1.0593675374984741,-0.440233439207077,0.8833387494087219,0.49339088797569275,0.7322859168052673,-0.8508403301239014,0.8335884213447571,0.5905376076698303,1.01280677318573,-0.3687404692173004,0.8745784163475037,0.48198068141937256,0.7235455513000488,-0.7796087861061096,0.8150809407234192,0.5676692724227905,1.027352213859558,-0.015507759526371956,0.8850107789039612,0.4403113126754761,1.02446711063385,0.016204772517085075,0.8679448366165161,0.5680558681488037,1.4483753442764282,0.0835898146033287,0.13791801035404205,0.4302176535129547,1.4342379570007324,0.09782680869102478,0.11223085224628448,0.5665704607963562,1.7921468019485474,0.47928744554519653,0.01615334302186966,0.43707600235939026,1.7877469062805176,0.3953954875469208,0.02366046980023384,0.5677805542945862,1.8375000953674316,0.5012296438217163,0.012511365115642548,0.43838754296302795,1.8365064859390259,0.4161434769630432,0.03280499204993248,0.5495378375053406,1.9181848764419556,0.22391024231910706,0.007483001332730055,0.45336389541625977,1.9086134433746338,0.11532799899578094,0.02022971399128437,0.0,0.0,0.0,0.0,0.0,0.0,0.0,0.0,0.0,0.0,0.0,0.0,0.0,0.0,0.0,0.0,0.0,0.0,0.0,0.0,0.0,0.0,0.0,0.0,0.0,0.0,0.0,0.0,0.0,0.0,0.0,0.0,0.0,0.0,0.0,0.0,0.0,0.0,0.0,0.0,0.0,0.0,0.0,0.0,0.0,0.0,0.0,0.0,0.0,0.0,0.0,0.0,0.0,0.0,0.0,0.0,0.0,0.0,0.0,0.0,0.0,0.0,0.0,0.4681401550769806,0.7341046333312988,-2.0555438595692976e-07,0.47975078225135803,0.6843507289886475,-0.00023253777180798352,0.4957897365093231,0.6507724523544312,-0.0026414559688419104,0.5094166398048401,0.6254230737686157,-0.005688937846571207,0.5145429372787476,0.6014209389686584,-0.008288375101983547,0.5321997404098511,0.687402069568634,0.00035381290945224464,0.5390746593475342,0.6827131509780884,0.0002978348929900676,0.5294694900512695,0.6859501600265503,-0.0015319427475333214,0.5205344557762146,0.6898888349533081,-0.00325325527228415,0.5362775921821594,0.7152547240257263,-0.0014193258248269558,0.5384587049484253,0.7131552696228027,0.0024517616257071495,0.5290768146514893,0.7128976583480835,0.002249736338853836,0.5211188197135925,0.715521514415741,-1.988517624340602e-06,0.5340461730957031,0.7427423596382141,-0.002864379668608308,0.5362436175346375,0.7390607595443726,0.000851556018460542,0.5279632806777954,0.7371372580528259,0.0026586048770695925,0.519302487373352,0.7380940318107605,0.0018224731320515275,0.5291829109191895,0.7673001885414124,-0.004611542914062738,0.5331677794456482,0.7640935182571411,-0.0007822696352377534,0.5253393054008484,0.7602106928825378,0.0035392416175454855,0.5173718929290771,0.7594660520553589,0.006013657432049513
0.503704845905304,0.3466865122318268,-0.7476333975791931,0.9998454451560974,0.516098141670227,0.30369576811790466,-0.7137299180030823,0.999732494354248,0.5240341424942017,0.301584929227829,-0.7139459252357483,0.9997419714927673,0.5308412313461304,0.30023398995399475,-0.7141467332839966,0.9997096657752991,0.4908705949783325,0.30689340829849243,-0.7182205319404602,0.9997567534446716,0.4828595221042633,0.30687615275382996,-0.7183340787887573,0.9997671842575073,0.4745370149612427,0.3075297176837921,-0.7185941934585571,0.9997521042823792,0.5416562557220459,0.3093925714492798,-0.4653469920158386,0.9997557997703552,0.46407753229141235,0.3165256679058075,-0.4669989347457886,0.9998275637626648,0.5203489065170288,0.38299962878227234,-0.6385751366615295,0.9999468326568604,0.48835283517837524,0.3879500925540924,-0.6429120302200317,0.9999542236328125,0.6116517782211304,0.5171235203742981,-0.2795630097389221,0.9998495578765869,0.39940527081489563,0.5148158669471741,-0.2934693694114685,0.9998160004615784,0.6649832129478455,0.7987416982650757,-0.18840794265270233,0.9896746873855591,0.334698349237442,0.780373215675354,-0.4126487672328949,0.9916309118270874,0.6156677603721619,0.9857706427574158,-0.3559548258781433,0.9417440295219421,0.44495031237602234,0.7793116569519043,-0.7324898838996887,0.927673876285553,0.6167178750038147,1.0871102809906006,-0.4039464592933655,0.8634063601493835,0.4862232804298401,0.7928310632705688,-0.8090761303901672,0.8192230463027954,0.5962747931480408,1.061395525932312,-0.44666433334350586,0.8721815943717957,0.4939838647842407,0.7454040050506592,-0.8005446791648865,0.8319453001022339,0.5917801260948181,1.0146292448043823,-0.3741042912006378,0.863739013671875,0.4823797345161438,0.7369775176048279,-0.7305485010147095,0.8114435076713562,0.5671195983886719,1.0272502899169922,-0.0114912623539567,0.880329430103302,0.4390973746776581,1.0242887735366821,0.012177646160125732,0.8667668104171753,0.5645872950553894,1.4478034973144531,0.09197879582643509,0.15371067821979523,0.42833247780799866,1.432639718055725,0.09096430987119675,0.1280841827392578,0.5628066658973694,1.7916619777679443,0.46917328238487244,0.019739339128136635,0.43491363525390625,1.788224697113037,0.367386132478714,0.030063467100262642,0.5640044808387756,1.8369210958480835,0.4886990487575531,0.01507069543004036,0.4355774223804474,1.8370522260665894,0.3860725462436676,0.04028331860899925,0.5455686450004578,1.9190850257873535,0.21181875467300415,0.009108461439609528,0.4499702453613281,1.911088466644287,0.08482898771762848,0.024549594148993492,0.0,0.0,0.0,0.0,0.0,0.0,0.0,0.0,0.0,0.0,0.0,0.0,0.0,0.0,0.0,0.0,0.0,0.0,0.0,0.0,0.0,0.0,0.0,0.0,0.0,0.0,0.0,0.0,0.0,0.0,0.0,0.0,0.0,0.0,0.0,0.0,0.0,0.0,0.0,0.0,0.0,0.0,0.0,0.0,0.0,0.0,0.0,0.0,0.0,0.0,0.0,0.0,0.0,0.0,0.0,0.0,0.0,0.0,0.0,0.0,0.0,0.0,0.0,0.46994340419769287,0.7433305382728577,-1.8828485792710126e-07,0.4815240502357483,0.6952022314071655,-0.0007392229163087904,0.49748513102531433,0.6622216105461121,-0.0027564752381294966,0.5108159184455872,0.6373199224472046,-0.0052841645665466785,0.516115128993988,0.6141585111618042,-0.007327116094529629,0.531856894493103,0.698512077331543,0.00017300558101851493,0.5399267077445984,0.6943110227584839,0.0006027747876942158,0.5316080451011658,0.6984131932258606,-0.0005917599191889167,0.5234118103981018,0.7025835514068604,-0.0019352610688656569,0.5365077257156372,0.7265904545783997,-0.0012035692343488336,0.5388444662094116,0.7245433330535889,0.0026898973155766726,0.5303184986114502,0.7254269123077393,0.002598678693175316,0.5226147174835205,0.7282693982124329,0.0005661367322318256,0.5347397923469543,0.7541666030883789,-0.002300041727721691,0.5364663004875183,0.7501528859138489,0.0009473396348766983,0.5285472869873047,0.7495293021202087,0.0023930883035063744,0.5202001929283142,0.7508195042610168,0.001576208625920117,0.5302940607070923,0.7794365286827087,-0.0037043211050331593,0.5353901982307434,0.7775412797927856,-0.0009156516171060503,0.5282703042030334,0.775311291217804,0.002763267606496811,0.520563542842865,0.7749150395393372,0.005040835123509169
0.5032141804695129,0.3465471565723419,-0.7389093041419983,0.9998438954353333,0.5156804323196411,0.30352771282196045,-0.7146313190460205,0.9997291564941406,0.5236729979515076,0.30136796832084656,-0.714672863483429,0.9997382164001465,0.5304979085922241,0.2999451458454132,-0.7147095203399658,0.9997033476829529,0.4903751313686371,0.3066290318965912,-0.7158997654914856,0.9997566342353821,0.482364296913147,0.30654188990592957,-0.7160242795944214,0.9997678995132446,0.47403615713119507,0.3070485591888428,-0.7163280248641968,0.9997538924217224,0.5413089990615845,0.30942562222480774,-0.4648502767086029,0.9997490048408508,0.46400249004364014,0.3164852261543274,-0.4675563871860504,0.9998264312744141,0.5201214551925659,0.3829725980758667,-0.6461469531059265,0.9999458193778992,0.48796945810317993,0.3876783549785614,-0.6464183330535889,0.999954879283905,0.6115953922271729,0.5181713700294495,-0.2796154022216797,0.9998358488082886,0.39947599172592163,0.5151139497756958,-0.2935575842857361,0.9998156428337097,0.6647127270698547,0.7996460199356079,-0.18841247260570526,0.989065945148468,0.3350307047367096,0.7793904542922974,-0.39858773350715637,0.9916744828224182,0.6155728697776794,0.9833132028579712,-0.35805436968803406,0.9356957674026489,0.44878020882606506,0.7911731004714966,-0.6983059644699097,0.9279504418373108,0.616750180721283,1.0858421325683594,-0.4078465402126312,0.8532475829124451,0.48807185888290405,0.8054320812225342,-0.7727668881416321,0.8179283738136292,0.595146119594574,1.059433102607727,-0.4508661925792694,0.8626145720481873,0.4959489405155182,0.758713960647583,-0.7660662531852722,0.8303680419921875,0.5906646847724915,1.0125216245651245,-0.37653857469558716,0.8543822169303894,0.4851400554180145,0.7514712810516357,-0.6965085864067078,0.8085809350013733,0.5666011571884155,1.026914358139038,-0.010581361129879951,0.8783689737319946,0.4382823407649994,1.024170994758606,0.011325804516673088,0.8675350546836853,0.5635699033737183,1.4471817016601562,0.09223976731300354,0.15689945220947266,0.4271177053451538,1.4331450462341309,0.0810212641954422,0.12984074652194977,0.5609285831451416,1.7917886972427368,0.4650349020957947,0.020644575357437134,0.43323925137519836,1.7886449098587036,0.35939648747444153,0.03114986978471279,0.5619214773178101,1.8371222019195557,0.4855401813983917,0.015616078861057758,0.43379396200180054,1.8378245830535889,0.37824946641921997,0.041522394865751266,0.5437271595001221,1.91938316822052,0.20910605788230896,0.009494887664914131,0.4477882981300354,1.9105923175811768,0.07791566103696823,0.025656139478087425,0.0,0.0,0.0,0.0,0.0,0.0,0.0,0.0,0.0,0.0,0.0,0.0,0.0,0.0,0.0,0.0,0.0,0.0,0.0,0.0,0.0,0.0,0.0,0.0,0.0,0.0,0.0,0.0,0.0,0.0,0.0,0.0,0.0,0.0,0.0,0.0,0.0,0.0,0.0,0.0,0.0,0.0,0.0,0.0,0.0,0.0,0.0,0.0,0.0,0.0,0.0,0.0,0.0,0.0,0.0,0.0,0.0,0.0,0.0,0.0,0.0,0.0,0.0,0.47070246934890747,0.7538591623306274,-1.661689879028927e-07,0.4826754927635193,0.7071343064308167,-0.0007788653019815683,0.4981251358985901,0.6737654209136963,-0.0027509788051247597,0.5105459094047546,0.6492016315460205,-0.005227938760071993,0.5158451199531555,0.6273244023323059,-0.007128825411200523,0.5321086645126343,0.7129650712013245,0.00028893075068481266,0.5404539108276367,0.7099003195762634,0.0016783192986622453,0.532304584980011,0.7117568850517273,0.0012768019223585725,0.5239642262458801,0.713535487651825,0.0003795800148509443,0.5356563925743103,0.7406847476959229,-0.0010970077710226178,0.540174126625061,0.7387343645095825,0.0033502639271318913,0.5320771336555481,0.7380754351615906,0.003598990151658654,0.5241450071334839,0.7399385571479797,0.0017051633913069963,0.5330260992050171,0.7677132487297058,-0.00215822272002697,0.5385346412658691,0.7643476724624634,0.0016071372665464878,0.5309870839118958,0.7621620893478394,0.003266402520239353,0.5222491025924683,0.7620498538017273,0.0024457299150526524,0.5274356603622437,0.7927983403205872,-0.0035031926818192005,0.537100613117218,0.7930049896240234,-0.0005642244359478354,0.5305550694465637,0.7891484498977661,0.003294197376817465,0.5223199725151062,0.7871183753013611,0.0055993953719735146
0.5039571523666382,0.34648260474205017,-0.7501552700996399,0.9998362064361572,0.5164808034896851,0.3032774329185486,-0.7298804521560669,0.9997124671936035,0.5242589116096497,0.30114102363586426,-0.7298488616943359,0.9997218251228333,0.5310176014900208,0.2996712327003479,-0.7298558950424194,0.9996815323829651,0.49126768112182617,0.3063647747039795,-0.7320476174354553,0.9997462034225464,0.48318737745285034,0.306123286485672,-0.7321749329566956,0.9997604489326477,0.4747922122478485,0.3064518868923187,-0.7325074076652527,0.9997465014457703,0.5415614247322083,0.30945077538490295,-0.4744287133216858,0.9997268915176392,0.46405595541000366,0.3162054419517517,-0.48255252838134766,0.9998193383216858,0.5204616785049438,0.38307225704193115,-0.6606069207191467,0.9999416470527649,0.4885175824165344,0.38753631711006165,-0.6620994210243225,0.9999539852142334,0.6116281151771545,0.5181642770767212,-0.29072195291519165,0.9998114705085754,0.3992885947227478,0.5151363015174866,-0.304294228553772,0.9998120069503784,0.6658194661140442,0.800550639629364,-0.18700583279132843,0.9879874587059021,0.334227591753006,0.7808794379234314,-0.39069610834121704,0.9916102290153503,0.6150177121162415,0.9853295087814331,-0.35128071904182434,0.9266820549964905,0.4508291482925415,0.7979878783226013,-0.6702777147293091,0.9253048896789551,0.6161836385726929,1.0865755081176758,-0.39998048543930054,0.8389927744865417,0.49164387583732605,0.8109833598136902,-0.7418830990791321,0.8097066283226013,0.5940958857536316,1.0581554174423218,-0.44453391432762146,0.8491792678833008,0.49838605523109436,0.7676257491111755,-0.7357833385467529,0.8223613500595093,0.5900927186012268,1.0113946199417114,-0.37033358216285706,0.8414955139160156,0.48693326115608215,0.7605937719345093,-0.6680117845535278,0.7993618845939636,0.567676305770874,1.0264904499053955,-0.010263084433972836,0.8724532127380371,0.4385349452495575,1.024211049079895,0.010983476415276527,0.8649101257324219,0.5673990845680237,1.4471988677978516,0.09379444271326065,0.15791301429271698,0.42821770906448364,1.4353169202804565,0.08347584307193756,0.12821578979492188,0.5640484094619751,1.7919684648513794,0.47029292583465576,0.021583763882517815,0.4344335198402405,1.7901177406311035,0.35746821761131287,0.03175818547606468,0.5648977160453796,1.8371129035949707,0.4908963739871979,0.016845904290676117,0.4351513087749481,1.838963270187378,0.375945121049881,0.04310071840882301,0.5467959642410278,1.9220916032791138,0.21658867597579956,0.009728750213980675,0.44969046115875244,1.9139896631240845,0.07710083574056625,0.02610000967979431,0.0,0.0,0.0,0.0,0.0,0.0,0.0,0.0,0.0,0.0,0.0,0.0,0.0,0.0,0.0,0.0,0.0,0.0,0.0,0.0,0.0,0.0,0.0,0.0,0.0,0.0,0.0,0.0,0.0,0.0,0.0,0.0,0.0,0.0,0.0,0.0,0.0,0.0,0.0,0.0,0.0,0.0,0.0,0.0,0.0,0.0,0.0,0.0,0.0,0.0,0.0,0.0,0.0,0.0,0.0,0.0,0.0,0.0,0.0,0.0,0.0,0.0,0.0,0.46894776821136475,0.7633000612258911,-1.8618591468566592e-07,0.48263734579086304,0.7172174453735352,0.00014720197941642255,0.4994548559188843,0.6850436329841614,-0.0015518632717430592,0.5128019452095032,0.6605395078659058,-0.004026156850159168,0.5182330012321472,0.6375751495361328,-0.0060361456125974655,0.531965970993042,0.7226882576942444,0.0010481845820322633,0.5412914752960205,0.7210065126419067,0.0016878993483260274,0.5329775214195251,0.7238916754722595,0.0006594055448658764,0.5240767002105713,0.7261158227920532,-0.0004765320918522775,0.5357121229171753,0.7506650686264038,-0.0008697304292581975,0.5398431420326233,0.750778317451477,0.003342950716614723,0.5315408706665039,0.7510035634040833,0.0033827503211796284,0.5234688520431519,0.7527504563331604,0.0013589895097538829,0.5332119464874268,0.7781907320022583,-0.0024650203995406628,0.5381041765213013,0.7765322923660278,0.000930040143430233,0.5303199887275696,0.7750771641731262,0.002498835092410445,0.5214377641677856,0.7751345038414001,0.0017257279250770807,0.5278970003128052,0.8033603429794312,-0.004267832264304161,0.5374566912651062,0.8052676916122437,-0.0015748970909044147,0.5307245254516602,0.8019261956214905,0.0023532556369900703,0.5223196148872375,0.8000826835632324,0.004816598724573851
0.5043467879295349,0.3462715446949005,-0.7349099516868591,0.9998219013214111,0.5168096423149109,0.3027852475643158,-0.7117270827293396,0.9996855854988098,0.5246003866195679,0.3006214201450348,-0.7117701768875122,0.9996950626373291,0.5313441157341003,0.29905906319618225,-0.7118040919303894,0.9996469616889954,0.4916086792945862,0.3060733675956726,-0.7135676741600037,0.9997266530990601,0.4834073781967163,0.30564752221107483,-0.713703453540802,0.9997447729110718,0.4749455451965332,0.3058568239212036,-0.714049220085144,0.9997311234474182,0.541763186454773,0.30938008427619934,-0.48068058490753174,0.9996928572654724,0.4639814794063568,0.31588026881217957,-0.4859306514263153,0.9998063445091248,0.5207568407058716,0.38288143277168274,-0.6427804827690125,0.9999355673789978,0.48889827728271484,0.3873597979545593,-0.6441348791122437,0.9999516606330872,0.6116737127304077,0.5183150768280029,-0.27406588196754456,0.9997783303260803,0.3991113007068634,0.5149050951004028,-0.29660293459892273,0.9998036026954651,0.6661749482154846,0.800790011882782,-0.1740017980337143,0.9871165752410889,0.3351641297340393,0.7813623547554016,-0.3792167901992798,0.9914630055427551,0.6153756976127625,0.9868507385253906,-0.3446211516857147,0.9199596047401428,0.4520551562309265,0.8040666580200195,-0.6604079008102417,0.9237703680992126,0.6167104244232178,1.0856177806854248,-0.39390918612480164,0.8279829621315002,0.4909130930900574,0.8212041854858398,-0.7322149872779846,0.8044160604476929,0.5940290689468384,1.0574421882629395,-0.43765369057655334,0.8387818932533264,0.4986792802810669,0.7772763967514038,-0.7272249460220337,0.8174123764038086,0.5895730257034302,1.0107711553573608,-0.3634679913520813,0.8311958909034729,0.48768651485443115,0.7689324617385864,-0.658406674861908,0.7931017875671387,0.5668030977249146,1.0257198810577393,-0.01351920422166586,0.8637933731079102,0.4378259479999542,1.0241093635559082,0.014197437092661858,0.8582054376602173,0.5633991956710815,1.4480252265930176,0.08859547972679138,0.15983089804649353,0.42501723766326904,1.4359514713287354,0.08392366766929626,0.1276022046804428,0.5597221255302429,1.7931721210479736,0.43993380665779114,0.023102859035134315,0.4298678934574127,1.7906919717788696,0.34072384238243103,0.03251302242279053,0.5606733560562134,1.8390872478485107,0.4591037631034851,0.018475739285349846,0.43012139201164246,1.8407783508300781,0.357599139213562,0.0455448217689991,0.5414984226226807,1.923081874847412,0.18255864083766937,0.010052005760371685,0.44313764572143555,1.9155888557434082,0.057276975363492966,0.026894541457295418,0.0,0.0,0.0,0.0,0.0,0.0,0.0,0.0,0.0,0.0,0.0,0.0,0.0,0.0,0.0,0.0,0.0,0.0,0.0,0.0,0.0,0.0,0.0,0.0,0.0,0.0,0.0,0.0,0.0,0.0,0.0,0.0,0.0,0.0,0.0,0.0,0.0,0.0,0.0,0.0,0.0,0.0,0.0,0.0,0.0,0.0,0.0,0.0,0.0,0.0,0.0,0.0,0.0,0.0,0.0,0.0,0.0,0.0,0.0,0.0,0.0,0.0,0.0,0.4681183099746704,0.7730087637901306,-1.9668682682549843e-07,0.4820599853992462,0.726488471031189,-0.0004568933218251914,0.4985593855381012,0.6951983571052551,-0.002668787958100438,0.5121713876724243,0.6712782979011536,-0.00554838078096509,0.5182270407676697,0.6478318572044373,-0.007847584784030914,0.5332275032997131,0.7339479327201843,0.0011036847718060017,0.5400785803794861,0.7322127819061279,0.0018263624515384436,0.5313597917556763,0.7352134585380554,0.0007277241093106568,0.5222021341323853,0.7380572557449341,-0.000541595509275794,0.5369231700897217,0.7615684866905212,-0.0008286917582154274,0.5389391779899597,0.7621124982833862,0.0033814937341958284,0.5299528241157532,0.7613401412963867,0.0029798003379255533,0.5217537879943848,0.762828528881073,0.0005851769237779081,0.5341781377792358,0.788792610168457,-0.0024776875507086515,0.537699818611145,0.787514865398407,0.0006755709182471037,0.5294767022132874,0.7848334312438965,0.0019828721415251493,0.5204266905784607,0.7844923138618469,0.001044207951053977,0.528354823589325,0.8135743737220764,-0.004398214630782604,0.5371056795120239,0.8160635828971863,-0.001962353941053152,0.5303276181221008,0.8119316697120667,0.0018903169548138976,0.5218469500541687,0.8095659017562866,0.00437478581443429
0.5038883090019226,0.3459925949573517,-0.7502509951591492,0.999804675579071,0.5164859294891357,0.30236682295799255,-0.7257043719291687,0.9996544718742371,0.524509847164154,0.3002236783504486,-0.7257736325263977,0.999664306640625,0.5313625335693359,0.29865697026252747,-0.7258171439170837,0.9996073842048645,0.49112358689308167,0.30555206537246704,-0.7273431420326233,0.9997020363807678,0.4829452931880951,0.30476683378219604,-0.7274563312530518,0.999724805355072,0.47447314858436584,0.3046681582927704,-0.7278270125389099,0.9997115731239319,0.5419924259185791,0.3091069459915161,-0.4909297227859497,0.9996564388275146,0.46396028995513916,0.3148556649684906,-0.4922376871109009,0.9997918009757996,0.5205284953117371,0.3824124336242676,-0.6556435823440552,0.9999287724494934,0.4883621037006378,0.38680726289749146,-0.6564370393753052,0.9999486207962036,0.6116500496864319,0.5177764892578125,-0.27946311235427856,0.9997440576553345,0.39894354343414307,0.5137357115745544,-0.2993197739124298,0.9997934699058533,0.6652107834815979,0.803219735622406,-0.18361037969589233,0.986393928527832,0.33495280146598816,0.7815130352973938,-0.38409915566444397,0.9914151430130005,0.6145052313804626,0.9930226802825928,-0.36012527346611023,0.9138630628585815,0.452851802110672,0.811333954334259,-0.666559100151062,0.9218563437461853,0.6159406900405884,1.0953142642974854,-0.4118891954421997,0.8180173635482788,0.4933655560016632,0.8284133672714233,-0.7393953204154968,0.7992082834243774,0.5927645564079285,1.0671906471252441,-0.4555632472038269,0.829552173614502,0.5017166137695312,0.784887969493866,-0.736914336681366,0.8124641180038452,0.5879992842674255,1.0180590152740479,-0.3794334828853607,0.8220877647399902,0.4899367094039917,0.7766631245613098,-0.6656176447868347,0.787278950214386,0.5657256841659546,1.0260027647018433,-0.01917150989174843,0.8487932682037354,0.4365164339542389,1.0242358446121216,0.019900627434253693,0.8450725078582764,0.5610088109970093,1.4516741037368774,0.07602737098932266,0.16234837472438812,0.422982782125473,1.4385422468185425,0.08997050672769547,0.12721122801303864,0.5562692880630493,1.7975088357925415,0.43643489480018616,0.024682272225618362,0.42678943276405334,1.7933698892593384,0.35272449254989624,0.03343912959098816,0.5573152303695679,1.8441253900527954,0.4556267559528351,0.020088810473680496,0.42660656571388245,1.8431237936019897,0.37022721767425537,0.04879647120833397,0.5370923280715942,1.9274868965148926,0.17102745175361633,0.01043202169239521,0.43889713287353516,1.9212684631347656,0.06347737461328506,0.027620607987046242,0.0,0.0,0.0,0.0,0.0,0.0,0.0,0.0,0.0,0.0,0.0,0.0,0.0,0.0,0.0,0.0,0.0,0.0,0.0,0.0,0.0,0.0,0.0,0.0,0.0,0.0,0.0,0.0,0.0,0.0,0.0,0.0,0.0,0.0,0.0,0.0,0.0,0.0,0.0,0.0,0.0,0.0,0.0,0.0,0.0,0.0,0.0,0.0,0.0,0.0,0.0,0.0,0.0,0.0,0.0,0.0,0.0,0.0,0.0,0.0,0.0,0.0,0.0,0.46783703565597534,0.7829341292381287,-2.0233770214872493e-07,0.482523113489151,0.7362871766090393,0.0003952923871111125,0.49962088465690613,0.7045845985412598,-0.0013703691074624658,0.5135706067085266,0.6801403760910034,-0.003951869904994965,0.5191115140914917,0.6567161083221436,-0.006095000542700291,0.5323228240013123,0.7444777488708496,0.0012825230369344354,0.5399630069732666,0.7400828003883362,0.0020812954753637314,0.5306961536407471,0.7425635457038879,0.0010417649755254388,0.5213463306427002,0.7457984089851379,-8.800837531452999e-05,0.5361317992210388,0.7721272110939026,-0.0007438610191456974,0.5388623476028442,0.7695303559303284,0.003550517838448286,0.5298022031784058,0.7683636546134949,0.0032368996180593967,0.5217120051383972,0.7710133194923401,0.0009477056446485221,0.5334930419921875,0.7991907596588135,-0.002343915170058608,0.5375941395759583,0.7951837182044983,0.000952889327891171,0.5293600559234619,0.7918753623962402,0.0020955733489245176,0.5201953649520874,0.7922781109809875,0.0011019597295671701,0.5280641913414001,0.8232709765434265,-0.004091369919478893,0.5370702743530273,0.8245410919189453,-0.0012455846881493926,0.5301173329353333,0.8196807503700256,0.002727547427639365,0.5212717056274414,0.8174439668655396,0.005281796678900719
0.5033605098724365,0.3458562195301056,-0.7317177653312683,0.9998040795326233,0.5161235928535461,0.3021358251571655,-0.7073231935501099,0.9996516108512878,0.5242473483085632,0.3000674843788147,-0.7074095010757446,0.9996616244316101,0.5312110185623169,0.2985903024673462,-0.7074457406997681,0.9996004700660706,0.49072131514549255,0.3051377534866333,-0.7080144882202148,0.999702513217926,0.48261478543281555,0.304173082113266,-0.7081227898597717,0.9997278451919556,0.47415831685066223,0.3039098381996155,-0.7084712982177734,0.9997149705886841,0.5422490239143372,0.3090096414089203,-0.47572091221809387,0.9996516704559326,0.46400344371795654,0.31399890780448914,-0.4727250039577484,0.9997935891151428,0.5201402306556702,0.38231179118156433,-0.6389758586883545,0.9999275207519531,0.487909734249115,0.3862670063972473,-0.638612687587738,0.9999489188194275,0.6116564869880676,0.5177180767059326,-0.27732694149017334,0.9997316002845764,0.3991716206073761,0.5130225419998169,-0.2833670973777771,0.9997925162315369,0.6653143763542175,0.8027229905128479,-0.189083531498909,0.9860032200813293,0.33490562438964844,0.7850555181503296,-0.37772560119628906,0.9912534952163696,0.6142524480819702,0.9919905066490173,-0.36518731713294983,0.9101274013519287,0.45154592394828796,0.8137224912643433,-0.6741600036621094,0.9161046147346497,0.6136496663093567,1.0927526950836182,-0.4182189702987671,0.8112366795539856,0.49117276072502136,0.8268917202949524,-0.7479580640792847,0.7882747054100037,0.5922127366065979,1.064596176147461,-0.4602418839931488,0.8232042789459229,0.4995866119861603,0.7828770279884338,-0.7440652847290039,0.8019934296607971,0.5883776545524597,1.0167453289031982,-0.383806973695755,0.8158763647079468,0.488116592168808,0.7760905623435974,-0.6731662750244141,0.7766100764274597,0.5648990273475647,1.0255029201507568,-0.023592602461576462,0.8373158574104309,0.4361460506916046,1.0237027406692505,0.02445303276181221,0.834206759929657,0.5610387325286865,1.4515026807785034,0.06828585267066956,0.1604687124490738,0.42265480756759644,1.4397305250167847,0.10643384605646133,0.12378382682800293,0.5565654635429382,1.8009017705917358,0.42229750752449036,0.0253851730376482,0.42721277475357056,1.7964458465576172,0.3690159022808075,0.03326982632279396,0.5582715272903442,1.8477834463119507,0.44099101424217224,0.020862452685832977,0.4275588393211365,1.8450424671173096,0.3868723511695862,0.05099854990839958,0.5369465947151184,1.9301493167877197,0.15852369368076324,0.01046529971063137,0.43951570987701416,1.9237257242202759,0.0837586373090744,0.027974972501397133,0.0,0.0,0.0,0.0,0.0,0.0,0.0,0.0,0.0,0.0,0.0,0.0,0.0,0.0,0.0,0.0,0.0,0.0,0.0,0.0,0.0,0.0,0.0,0.0,0.0,0.0,0.0,0.0,0.0,0.0,0.0,0.0,0.0,0.0,0.0,0.0,0.0,0.0,0.0,0.0,0.0,0.0,0.0,0.0,0.0,0.0,0.0,0.0,0.0,0.0,0.0,0.0,0.0,0.0,0.0,0.0,0.0,0.0,0.0,0.0,0.0,0.0,0.0,0.47036871314048767,0.786579966545105,-1.8446084482093283e-07,0.484310507774353,0.7414960861206055,0.0005668477388098836,0.501170814037323,0.7103380560874939,-0.0002694683789741248,0.5139704346656799,0.6863541007041931,-0.0018510621739551425,0.5190064311027527,0.6643719673156738,-0.0029434841126203537,0.5317543148994446,0.7521799206733704,0.002210305305197835,0.5407468676567078,0.7475883364677429,0.004575222730636597,0.5330105423927307,0.7469542622566223,0.004732269328087568,0.5245903134346008,0.7482528686523438,0.004159257281571627,0.5348784923553467,0.7795144319534302,0.0006310432800091803,0.5383234024047852,0.7760870456695557,0.006171967834234238,0.5306504964828491,0.7740561962127686,0.006631908472627401,0.5236254334449768,0.7762309908866882,0.004604520741850138,0.5317991375923157,0.805966317653656,-0.0005077266832813621,0.5369170904159546,0.801194965839386,0.00352578260935843,0.5296112298965454,0.7978515028953552,0.004995074588805437,0.5212764739990234,0.7978578209877014,0.00402024807408452,0.526106595993042,0.8300342559814453,-0.0017234323313459754,0.5373230576515198,0.8315167427062988,0.0010600024834275246,0.5318238735198975,0.8268473148345947,0.0047993129119277,0.5238492488861084,0.8242813944816589,0.007055992726236582
0.5026751756668091,0.34578076004981995,-0.7362439036369324,0.9998010993003845,0.5154397487640381,0.3021284341812134,-0.7122389674186707,0.9996447563171387,0.5237231254577637,0.3001715838909149,-0.712322473526001,0.9996551871299744,0.5309072136878967,0.2988104224205017,-0.7123671770095825,0.9995912909507751,0.4902183413505554,0.3048623204231262,-0.712919294834137,0.999699056148529,0.4820916950702667,0.3038298487663269,-0.7130358219146729,0.9997254014015198,0.47375592589378357,0.30348044633865356,-0.7133806347846985,0.9997130036354065,0.5421210527420044,0.308889240026474,-0.47823747992515564,0.9996451139450073,0.46410953998565674,0.31327226758003235,-0.4757349193096161,0.9997914433479309,0.5194852948188782,0.3822387158870697,-0.642512321472168,0.9999265074729919,0.4872363805770874,0.38585805892944336,-0.6420517563819885,0.999949038028717,0.6116215586662292,0.5170736908912659,-0.2751823365688324,0.9997174739837646,0.3991617262363434,0.5124880075454712,-0.2894727885723114,0.9997937083244324,0.6651498675346375,0.8036531805992126,-0.1854022592306137,0.9858179688453674,0.33563748002052307,0.7847394347190857,-0.37792882323265076,0.9913222193717957,0.6142374873161316,0.9969410300254822,-0.36284807324409485,0.9074881672859192,0.44917601346969604,0.8171420097351074,-0.669493556022644,0.9138108491897583,0.6138055920600891,1.0957834720611572,-0.4156917631626129,0.8066392540931702,0.4876991808414459,0.8300023674964905,-0.7430198788642883,0.7839531898498535,0.5918012261390686,1.0688412189483643,-0.4587167203426361,0.8187724351882935,0.4965493381023407,0.7863510251045227,-0.7407614588737488,0.7979080677032471,0.5875032544136047,1.0211020708084106,-0.38183385133743286,0.8116807341575623,0.4851488769054413,0.7802159786224365,-0.6690570116043091,0.7726666331291199,0.5640329718589783,1.025071620941162,-0.020388169214129448,0.8290532827377319,0.4355611205101013,1.0220415592193604,0.021196478977799416,0.8275855779647827,0.5604346394538879,1.448972463607788,0.06872942298650742,0.1537104845046997,0.4219684600830078,1.4363837242126465,0.09645465016365051,0.11723385006189346,0.5560682415962219,1.8010447025299072,0.4189138114452362,0.024754293262958527,0.4262530505657196,1.7968498468399048,0.36003369092941284,0.032032594084739685,0.557470977306366,1.84791898727417,0.437614768743515,0.02061053179204464,0.42641308903694153,1.846192479133606,0.37787672877311707,0.04966168478131294,0.5367106199264526,1.9302637577056885,0.15536309778690338,0.010134276002645493,0.4389437139034271,1.920709490776062,0.07423462718725204,0.027133315801620483,0.0,0.0,0.0,0.0,0.0,0.0,0.0,0.0,0.0,0.0,0.0,0.0,0.0,0.0,0.0,0.0,0.0,0.0,0.0,0.0,0.0,0.0,0.0,0.0,0.0,0.0,0.0,0.0,0.0,0.0,0.0,0.0,0.0,0.0,0.0,0.0,0.0,0.0,0.0,0.0,0.0,0.0,0.0,0.0,0.0,0.0,0.0,0.0,0.0,0.0,0.0,0.0,0.0,0.0,0.0,0.0,0.0,0.0,0.0,0.0,0.0,0.0,0.0,0.4701160490512848,0.7919599413871765,-1.8034332072147663e-07,0.48461049795150757,0.7468290328979492,5.239669917500578e-05,0.5009773969650269,0.7158693671226501,-0.0012233007000759244,0.51373690366745,0.6923401951789856,-0.003175975987687707,0.519210159778595,0.6704409718513489,-0.004624790512025356,0.5323834419250488,0.7573002576828003,0.0018494694959372282,0.5407142043113708,0.7552500367164612,0.0040824636816978455,0.5325064063072205,0.7555190324783325,0.004119731951504946,0.5239179730415344,0.7561128735542297,0.003470882074907422,0.5356726050376892,0.7853007912635803,0.0002815783955156803,0.5382300019264221,0.7837687730789185,0.005667177028954029,0.5300125479698181,0.782219409942627,0.005838362965732813,0.522540807723999,0.7836241126060486,0.0036528571508824825,0.5325820446014404,0.8122102618217468,-0.0008606261690147221,0.536838710308075,0.8087760210037231,0.0031614252366125584,0.5289437770843506,0.8060190677642822,0.004579646047204733,0.520238995552063,0.805688738822937,0.0035403678193688393,0.5267184376716614,0.8364970684051514,-0.002150265034288168,0.5369628667831421,0.8385549783706665,0.0007655276567675173,0.5303321480751038,0.8342559933662415,0.004746255464851856,0.5218188166618347,0.8316229581832886,0.0071980394423007965
0.5026877522468567,0.3453921973705292,-0.7590380311012268,0.9997985363006592,0.5152521729469299,0.3017764985561371,-0.736009418964386,0.9996364116668701,0.5235947966575623,0.2998340427875519,-0.736071765422821,0.9996479153633118,0.5309239029884338,0.2983851134777069,-0.7361158132553101,0.9995797872543335,0.4901788830757141,0.3047361969947815,-0.7363014221191406,0.9996957778930664,0.48197323083877563,0.30362313985824585,-0.736430823802948,0.9997252225875854,0.47370004653930664,0.3031935691833496,-0.7367824912071228,0.9997125864028931,0.5419806838035583,0.30836284160614014,-0.5122462511062622,0.9996337890625,0.46422097086906433,0.31298425793647766,-0.5048334002494812,0.999788224697113,0.5192742347717285,0.38194119930267334,-0.6681790947914124,0.9999236464500427,0.4871816635131836,0.3856777548789978,-0.6670915484428406,0.9999477863311768,0.6116324067115784,0.5162091851234436,-0.3115226924419403,0.999703049659729,0.3993056118488312,0.512334406375885,-0.30290111899375916,0.9997922778129578,0.6653775572776794,0.8032159209251404,-0.208191379904747,0.9855952262878418,0.33642011880874634,0.7841752171516418,-0.3763466775417328,0.9910966157913208,0.6137247085571289,0.9928863644599915,-0.3791939318180084,0.9036011099815369,0.4499482214450836,0.8248540163040161,-0.6536180377006531,0.9082235097885132,0.6147276163101196,1.0900768041610718,-0.43234777450561523,0.7990837097167969,0.4895455539226532,0.8363096117973328,-0.7250896692276001,0.7743167281150818,0.5923399329185486,1.06410551071167,-0.4763358235359192,0.811493456363678,0.4971066415309906,0.7964315414428711,-0.7237826585769653,0.7884352207183838,0.5883055329322815,1.0181540250778198,-0.3986063301563263,0.8044847846031189,0.48545631766319275,0.7920621037483215,-0.6531721949577332,0.762479305267334,0.5649233460426331,1.0244861841201782,-0.029009854421019554,0.8221439719200134,0.43637335300445557,1.0210955142974854,0.029763709753751755,0.8214402198791504,0.5637007355690002,1.44777512550354,0.06239169090986252,0.16198234260082245,0.4271083176136017,1.4376112222671509,0.1088571846485138,0.12061098963022232,0.5611668229103088,1.8001841306686401,0.4264492094516754,0.028023893013596535,0.43209177255630493,1.7962955236434937,0.38202497363090515,0.03544984012842178,0.5636587142944336,1.8474935293197632,0.44621819257736206,0.022202221676707268,0.4330635070800781,1.8460081815719604,0.40077701210975647,0.05563627555966377,0.5416105389595032,1.927470326423645,0.16421465575695038,0.011238259263336658,0.4431381821632385,1.9181278944015503,0.10079111158847809,0.029858820140361786,0.0,0.0,0.0,0.0,0.0,0.0,0.0,0.0,0.0,0.0,0.0,0.0,0.0,0.0,0.0,0.0,0.0,0.0,0.0,0.0,0.0,0.0,0.0,0.0,0.0,0.0,0.0,0.0,0.0,0.0,0.0,0.0,0.0,0.0,0.0,0.0,0.0,0.0,0.0,0.0,0.0,0.0,0.0,0.0,0.0,0.0,0.0,0.0,0.0,0.0,0.0,0.0,0.0,0.0,0.0,0.0,0.0,0.0,0.0,0.0,0.0,0.0,0.0,0.4705936312675476,0.7958949208259583,-1.7660514117778803e-07,0.4843124449253082,0.7509445548057556,0.000689551408868283,0.501432478427887,0.7194828987121582,-0.0001220524063683115,0.5144833922386169,0.6956363916397095,-0.0017545173177495599,0.519899845123291,0.6737962961196899,-0.00291967811062932,0.532512366771698,0.7605854868888855,0.0030697586480528116,0.5414319038391113,0.7565755844116211,0.005517450161278248,0.5338160395622253,0.7579943537712097,0.0057645533233881,0.5255860090255737,0.7603470683097839,0.005305448547005653,0.5354366302490234,0.7878414392471313,0.0013235535006970167,0.5387787222862244,0.7861282229423523,0.006927507929503918,0.5308256149291992,0.7848902344703674,0.007394710090011358,0.5234049558639526,0.786788821220398,0.005525589920580387,0.5322145819664001,0.8142805695533752,-6.740828393958509e-05,0.5368852615356445,0.8109952807426453,0.0038902179803699255,0.5292626619338989,0.8081211447715759,0.005257744342088699,0.5208380818367004,0.8078548312187195,0.004364905413240194,0.5262831449508667,0.8384462594985962,-0.0015300385421141982,0.5370386838912964,0.8399291634559631,0.0012562217889353633,0.5314030051231384,0.835277259349823,0.005032012704759836,0.523372232913971,0.8321816921234131,0.007389849051833153
0.503160834312439,0.3444114327430725,-0.7562539577484131,0.9997934699058533,0.5156619548797607,0.3005332946777344,-0.7314023971557617,0.999625027179718,0.5239143371582031,0.29850661754608154,-0.7314849495887756,0.9996371269226074,0.5311394333839417,0.29693490266799927,-0.7315253019332886,0.9995643496513367,0.4904468357563019,0.3040979206562042,-0.7326948642730713,0.9996882081031799,0.48222991824150085,0.3031008541584015,-0.732814610004425,0.9997202157974243,0.4739045798778534,0.30241096019744873,-0.7331746816635132,0.9997072815895081,0.5419132113456726,0.3074973225593567,-0.49953794479370117,0.9996196627616882,0.46431440114974976,0.31257548928260803,-0.4983352720737457,0.9997828602790833,0.5196420550346375,0.3807675540447235,-0.663727879524231,0.9999207258224487,0.48745548725128174,0.38528135418891907,-0.6638523936271667,0.9999464154243469,0.6116275191307068,0.5162498950958252,-0.2989252805709839,0.9996824264526367,0.39921820163726807,0.5122491717338562,-0.30494701862335205,0.9997881054878235,0.664246678352356,0.8065670132637024,-0.19959363341331482,0.9852747917175293,0.33657756447792053,0.7844354510307312,-0.3790664076805115,0.9908432364463806,0.6138827204704285,0.9982731342315674,-0.37345772981643677,0.8990488648414612,0.4524063467979431,0.8249881863594055,-0.6543419361114502,0.9032361507415771,0.6142074465751648,1.096123456954956,-0.4266416132450104,0.7916175723075867,0.49257904291152954,0.8367785811424255,-0.726098895072937,0.7654966711997986,0.5914314985275269,1.069405436515808,-0.4720238447189331,0.8042260408401489,0.4996444880962372,0.7974358201026917,-0.7255704998970032,0.7797483801841736,0.5878035426139832,1.0224074125289917,-0.3936929404735565,0.7980079650878906,0.488467276096344,0.7924385070800781,-0.6541357636451721,0.7540937662124634,0.5644775629043579,1.0254355669021606,-0.02670983225107193,0.8153664469718933,0.4365806579589844,1.0210868120193481,0.02748868800699711,0.8152942061424255,0.5632254481315613,1.4513732194900513,0.06634821742773056,0.15662017464637756,0.42567428946495056,1.44199538230896,0.1084594875574112,0.11576450616121292,0.5604100823402405,1.8022687435150146,0.4450460970401764,0.027908815070986748,0.4301493763923645,1.8001114130020142,0.37755367159843445,0.03513545170426369,0.5626732707023621,1.8494051694869995,0.4646967649459839,0.02203129045665264,0.43063151836395264,1.8487963676452637,0.3959816098213196,0.05629495158791542,0.5410858988761902,1.9307140111923218,0.18028376996517181,0.011139812879264355,0.44186800718307495,1.9253404140472412,0.09033793956041336,0.030545048415660858,0.0,0.0,0.0,0.0,0.0,0.0,0.0,0.0,0.0,0.0,0.0,0.0,0.0,0.0,0.0,0.0,0.0,0.0,0.0,0.0,0.0,0.0,0.0,0.0,0.0,0.0,0.0,0.0,0.0,0.0,0.0,0.0,0.0,0.0,0.0,0.0,0.0,0.0,0.0,0.0,0.0,0.0,0.0,0.0,0.0,0.0,0.0,0.0,0.0,0.0,0.0,0.0,0.0,0.0,0.0,0.0,0.0,0.0,0.0,0.0,0.0,0.0,0.0,0.4693286120891571,0.7987487316131592,-1.9313068833071156e-07,0.48370665311813354,0.7537634968757629,0.00021324073895812035,0.5012753009796143,0.722410261631012,-0.0008117877296172082,0.5144943594932556,0.6983243823051453,-0.0026484900154173374,0.5198943614959717,0.6756092309951782,-0.00393452076241374,0.5313376784324646,0.7629044651985168,0.002140275202691555,0.541061520576477,0.7584847807884216,0.0036913801450282335,0.5337443351745605,0.7592018842697144,0.0036083438899368048,0.5250288248062134,0.7612485885620117,0.0030663202051073313,0.5340553522109985,0.7899441123008728,0.00041541337850503623,0.5387121438980103,0.787611722946167,0.005002113990485668,0.5308144688606262,0.7856486439704895,0.005253750365227461,0.5231925249099731,0.7871909141540527,0.003306905273348093,0.5309865474700928,0.8164321184158325,-0.0010268817422911525,0.5373779535293579,0.8128461241722107,0.002032725838944316,0.5297285914421082,0.8094843029975891,0.0035574089270085096,0.5209802985191345,0.8092981576919556,0.0028405257035046816,0.5252034664154053,0.8407564163208008,-0.0025618192739784718,0.5371689796447754,0.8418315052986145,-0.0003921017632819712,0.5318788886070251,0.8370774984359741,0.0033454454969614744,0.5239653587341309,0.8347547650337219,0.005683605093508959
0.5030603408813477,0.34327083826065063,-0.7510589957237244,0.9997901320457458,0.5153053402900696,0.2990768253803253,-0.7258108258247375,0.999616801738739,0.5236955881118774,0.29700666666030884,-0.7258930802345276,0.9996289610862732,0.5310655832290649,0.29536888003349304,-0.7259151935577393,0.9995523691177368,0.49018779397010803,0.3032974302768707,-0.7270813584327698,0.9996827244758606,0.4819279909133911,0.30256417393684387,-0.727189838886261,0.9997159838676453,0.4737169146537781,0.30174779891967773,-0.7275456786155701,0.9997028112411499,0.5416432619094849,0.3063441514968872,-0.4910474121570587,0.9996082186698914,0.4644086956977844,0.31222835183143616,-0.4900446832180023,0.9997785091400146,0.5197258591651917,0.37942105531692505,-0.6577469110488892,0.9999187588691711,0.4873896539211273,0.384821355342865,-0.6579160094261169,0.9999455213546753,0.6116604208946228,0.516014575958252,-0.2895306944847107,0.9996712803840637,0.3990851938724518,0.512373149394989,-0.30067721009254456,0.9997860789299011,0.6644030809402466,0.8077074885368347,-0.19404740631580353,0.9848222136497498,0.33521920442581177,0.785662829875946,-0.38052400946617126,0.9908053278923035,0.6151229739189148,0.9941639304161072,-0.3717707097530365,0.8959640860557556,0.45051130652427673,0.8258108496665955,-0.6601334810256958,0.8991618156433105,0.614605724811554,1.0917316675186157,-0.4251483678817749,0.7869889140129089,0.49030905961990356,0.8377538919448853,-0.7329928278923035,0.7582551836967468,0.5922527313232422,1.0633747577667236,-0.4701259434223175,0.7998023629188538,0.4970620572566986,0.797239363193512,-0.7321822643280029,0.7728154063224792,0.5891508460044861,1.0173213481903076,-0.3919795751571655,0.7943188548088074,0.48611757159233093,0.7919353246688843,-0.6600450873374939,0.7480632662773132,0.5655272006988525,1.0261497497558594,-0.024300049990415573,0.8068522810935974,0.43721944093704224,1.021357774734497,0.02515609748661518,0.8073287010192871,0.5671646595001221,1.452559471130371,0.07258765399456024,0.14634007215499878,0.4288492798805237,1.4438155889511108,0.10514023154973984,0.10756951570510864,0.564672589302063,1.8040447235107422,0.46479332447052,0.02643709070980549,0.43383076786994934,1.8026655912399292,0.38030844926834106,0.03305122256278992,0.5667990446090698,1.85126793384552,0.4852379858493805,0.02096378244459629,0.43398773670196533,1.8516180515289307,0.39937859773635864,0.054578136652708054,0.5459702610969543,1.9329110383987427,0.19941021502017975,0.010543319396674633,0.4473063349723816,1.927607536315918,0.09144925326108932,0.029849905520677567,0.0,0.0,0.0,0.0,0.0,0.0,0.0,0.0,0.0,0.0,0.0,0.0,0.0,0.0,0.0,0.0,0.0,0.0,0.0,0.0,0.0,0.0,0.0,0.0,0.0,0.0,0.0,0.0,0.0,0.0,0.0,0.0,0.0,0.0,0.0,0.0,0.0,0.0,0.0,0.0,0.0,0.0,0.0,0.0,0.0,0.0,0.0,0.0,0.0,0.0,0.0,0.0,0.0,0.0,0.0,0.0,0.0,0.0,0.0,0.0,0.0,0.0,0.0,0.47034403681755066,0.7983856201171875,-1.8329467366129393e-07,0.4842146635055542,0.7536226511001587,0.0004936691257171333,0.5014483332633972,0.7226673364639282,-0.00032050881418399513,0.5142440795898438,0.6989254951477051,-0.0018528277287259698,0.5194065570831299,0.6772028803825378,-0.002874561585485935,0.5319424271583557,0.7640150785446167,0.0024690874852240086,0.540492832660675,0.7586485147476196,0.004906130954623222,0.533246636390686,0.7586355209350586,0.005214595701545477,0.5251978635787964,0.7606014609336853,0.004755853209644556,0.534763514995575,0.791349470615387,0.0008572740480303764,0.5379506349563599,0.7875420451164246,0.006391705479472876,0.5304304361343384,0.785410463809967,0.0069601950235664845,0.5234066247940063,0.7872894406318665,0.005072763655334711,0.5315461158752441,0.8177450895309448,-0.0003713793121278286,0.5363075137138367,0.8124657273292542,0.0034977211616933346,0.5290509462356567,0.8092403411865234,0.005012765992432833,0.5208559036254883,0.8093501925468445,0.004158524330705404,0.5257115364074707,0.8418571352958679,-0.0016774346586316824,0.5365384221076965,0.8418187499046326,0.0009626816026866436,0.531409740447998,0.8372793793678284,0.004681995138525963,0.5238736867904663,0.8349777460098267,0.006965811364352703
0.5021519064903259,0.3427339196205139,-0.7768518328666687,0.9997880458831787,0.5144374966621399,0.298716276884079,-0.7523114681243896,0.9996134638786316,0.5229540467262268,0.29676589369773865,-0.7523833513259888,0.9996255040168762,0.5306411981582642,0.29524892568588257,-0.7524141073226929,0.9995477795600891,0.48938924074172974,0.30291634798049927,-0.7525777220726013,0.9996795654296875,0.48097994923591614,0.3022495210170746,-0.7526758313179016,0.9997125267982483,0.47306302189826965,0.30124667286872864,-0.7530313730239868,0.9996986389160156,0.5411840081214905,0.3060012459754944,-0.5165714621543884,0.9996042251586914,0.46442851424217224,0.3118732273578644,-0.5101538896560669,0.9997742772102356,0.5192488431930542,0.37890103459358215,-0.6827388405799866,0.99991774559021,0.4865111708641052,0.3845219612121582,-0.6814910769462585,0.9999445676803589,0.6116454601287842,0.5160903930664062,-0.3110579252243042,0.999669075012207,0.39900699257850647,0.5122426152229309,-0.30959469079971313,0.9997856616973877,0.6641562581062317,0.8063980937004089,-0.2102426141500473,0.98481684923172,0.3349860906600952,0.7869963645935059,-0.38419151306152344,0.9907103180885315,0.6154129505157471,0.9953927397727966,-0.38509276509284973,0.8939684629440308,0.44990238547325134,0.8258962631225586,-0.6662657856941223,0.895363986492157,0.6151041388511658,1.0917325019836426,-0.43925538659095764,0.7826169729232788,0.4896610975265503,0.8388469219207764,-0.7391616106033325,0.7517251968383789,0.593305230140686,1.06454336643219,-0.48366278409957886,0.7955562472343445,0.49673551321029663,0.7981880903244019,-0.7397027611732483,0.7664497494697571,0.5898736119270325,1.0185271501541138,-0.4049426019191742,0.7905659675598145,0.4857153296470642,0.7924297451972961,-0.6666213274002075,0.7423592805862427,0.5651668906211853,1.0258809328079224,-0.030727483332157135,0.8010363578796387,0.43657243251800537,1.0213261842727661,0.031614650040864944,0.8014318943023682,0.5665838122367859,1.4512680768966675,0.07481564581394196,0.13824677467346191,0.42950108647346497,1.4432399272918701,0.13503029942512512,0.10118942707777023,0.5650143027305603,1.8039934635162354,0.46087390184402466,0.025428570806980133,0.4347206950187683,1.8026310205459595,0.4221828579902649,0.03164003789424896,0.5677441358566284,1.85185968875885,0.48131152987480164,0.0202321894466877,0.43517550826072693,1.852442979812622,0.4427209496498108,0.05366671085357666,0.5452572703361511,1.9315155744552612,0.19252055883407593,0.010097787715494633,0.44629237055778503,1.925501823425293,0.1345539093017578,0.029483875259757042,0.0,0.0,0.0,0.0,0.0,0.0,0.0,0.0,0.0,0.0,0.0,0.0,0.0,0.0,0.0,0.0,0.0,0.0,0.0,0.0,0.0,0.0,0.0,0.0,0.0,0.0,0.0,0.0,0.0,0.0,0.0,0.0,0.0,0.0,0.0,0.0,0.0,0.0,0.0,0.0,0.0,0.0,0.0,0.0,0.0,0.0,0.0,0.0,0.0,0.0,0.0,0.0,0.0,0.0,0.0,0.0,0.0,0.0,0.0,0.0,0.0,0.0,0.0,0.4690745174884796,0.7980771660804749,-1.8434430160141346e-07,0.4837974011898041,0.7539530992507935,0.00010624478454701602,0.501327633857727,0.7229207754135132,-0.000843028596136719,0.514411449432373,0.6996250152587891,-0.00244507216848433,0.5198619365692139,0.6779618859291077,-0.0034585739485919476,0.5314129590988159,0.7644326686859131,0.001764750573784113,0.5410137176513672,0.7596495151519775,0.0035428337287157774,0.5337592959403992,0.7588857412338257,0.0036597985308617353,0.5254883766174316,0.7597751617431641,0.0032280958257615566,0.5337073802947998,0.7919873595237732,0.00031028472585603595,0.5389061570167542,0.7884597182273865,0.004859697073698044,0.5312950611114502,0.7858912944793701,0.0053527578711509705,0.5237853527069092,0.7874035835266113,0.0037328817415982485,0.5304051041603088,0.8182327151298523,-0.0008162326994352043,0.5372194647789001,0.8136898875236511,0.0022197163198143244,0.5299274921417236,0.8100260496139526,0.0037624535616487265,0.5212087631225586,0.8099178075790405,0.00323469121940434,0.5244863629341125,0.8422807455062866,-0.0020270366221666336,0.536614179611206,0.8432002663612366,-4.718983473139815e-05,0.5317984223365784,0.8383228182792664,0.0035071796737611294,0.5242361426353455,0.835858941078186,0.00586891220882535
0.5024639368057251,0.3421500623226166,-0.7749654650688171,0.9997860789299011,0.5147685408592224,0.2983323633670807,-0.7501912713050842,0.9996122717857361,0.5232640504837036,0.2965065538883209,-0.7502514123916626,0.9996235370635986,0.5310032963752747,0.2950947880744934,-0.7502816915512085,0.9995473623275757,0.48980844020843506,0.3024623394012451,-0.751092255115509,0.9996767640113831,0.48135119676589966,0.30192556977272034,-0.7511588335037231,0.9997079968452454,0.4734375774860382,0.3007543087005615,-0.7514921426773071,0.9996946454048157,0.5414105653762817,0.3058803081512451,-0.5110408663749695,0.9996047019958496,0.4645805060863495,0.31144577264785767,-0.5078306794166565,0.9997702240943909,0.5195094347000122,0.37847664952278137,-0.6794086694717407,0.999918520450592,0.48666808009147644,0.384172648191452,-0.6789944767951965,0.9999446868896484,0.6116394400596619,0.5162318348884583,-0.3075031042098999,0.9996788501739502,0.3988541066646576,0.5125421285629272,-0.3131023645401001,0.9997856020927429,0.6646124124526978,0.8075515031814575,-0.20816420018672943,0.9849944710731506,0.33612632751464844,0.7889877557754517,-0.39430323243141174,0.9907306432723999,0.6156834363937378,0.9972899556159973,-0.38439542055130005,0.8943756222724915,0.44873693585395813,0.8252358436584473,-0.6839932799339294,0.8924874067306519,0.6143811941146851,1.094862461090088,-0.43928441405296326,0.78216552734375,0.4884030520915985,0.8363445997238159,-0.7593338489532471,0.7472043037414551,0.5931771397590637,1.066939353942871,-0.4860698878765106,0.7953266501426697,0.49513939023017883,0.7958229184150696,-0.7597328424453735,0.7621576189994812,0.5906458497047424,1.018371343612671,-0.40516725182533264,0.7908754348754883,0.4840485453605652,0.7906333804130554,-0.6847115755081177,0.7390925288200378,0.5655036568641663,1.0278456211090088,-0.02530388906598091,0.7996406555175781,0.4360468089580536,1.0219860076904297,0.026210842654109,0.7996185421943665,0.5676727890968323,1.454411506652832,0.08232817053794861,0.12955079972743988,0.4294585883617401,1.4452905654907227,0.12469274550676346,0.09433304518461227,0.5640693306922913,1.8043919801712036,0.5079313516616821,0.023886704817414284,0.43322256207466125,1.8026719093322754,0.4403684437274933,0.02949943020939827,0.5663016438484192,1.8514541387557983,0.5306808352470398,0.01925949566066265,0.43332338333129883,1.852577567100525,0.4636397063732147,0.05125870555639267,0.5443534255027771,1.9335530996322632,0.24035634100437164,0.009511806070804596,0.4450988471508026,1.9269038438796997,0.14984816312789917,0.02829611673951149,0.0,0.0,0.0,0.0,0.0,0.0,0.0,0.0,0.0,0.0,0.0,0.0,0.0,0.0,0.0,0.0,0.0,0.0,0.0,0.0,0.0,0.0,0.0,0.0,0.0,0.0,0.0,0.0,0.0,0.0,0.0,0.0,0.0,0.0,0.0,0.0,0.0,0.0,0.0,0.0,0.0,0.0,0.0,0.0,0.0,0.0,0.0,0.0,0.0,0.0,0.0,0.0,0.0,0.0,0.0,0.0,0.0,0.0,0.0,0.0,0.0,0.0,0.0,0.46904313564300537,0.7980982065200806,-1.7687025888335484e-07,0.48440060019493103,0.7540068030357361,0.0004969325964339077,0.5013786554336548,0.7231035828590393,-0.0006443320889957249,0.5142298936843872,0.6991817355155945,-0.002560385735705495,0.5196327567100525,0.6777403950691223,-0.0039691622368991375,0.5311898589134216,0.7666898369789124,0.0017757165478542447,0.5411462783813477,0.7606560587882996,0.0037686051800847054,0.5327838659286499,0.7591910362243652,0.003756956197321415,0.5241038203239441,0.7605671286582947,0.003164544003084302,0.5339810252189636,0.7945514917373657,0.0002775351458694786,0.5392661094665527,0.7878305912017822,0.005242514424026012,0.5313101410865784,0.7846695780754089,0.005742340348660946,0.5236129760742188,0.7873023152351379,0.003984146751463413,0.5308005809783936,0.8203058838844299,-0.0007696987595409155,0.5374378561973572,0.8127694129943848,0.003191433846950531,0.5300135016441345,0.8080631494522095,0.004861897323280573,0.5211652517318726,0.8082719445228577,0.004153589252382517,0.524960458278656,0.8435142040252686,-0.0019033488351851702,0.5371111631393433,0.8436877727508545,0.0011561232386156917,0.5315171480178833,0.83709317445755,0.005181530024856329,0.5230921506881714,0.8333811163902283,0.007681017275899649
0.5009525418281555,0.34205684065818787,-0.7450569868087769,0.9997835159301758,0.512991189956665,0.2985239028930664,-0.721225917339325,0.9996097683906555,0.5214702486991882,0.2967558205127716,-0.7212876677513123,0.9996205568313599,0.529664158821106,0.2954327464103699,-0.7213311791419983,0.9995452761650085,0.4887043237686157,0.3022751808166504,-0.721501350402832,0.9996750950813293,0.48018878698349,0.30182862281799316,-0.7215861678123474,0.999705970287323,0.4728674590587616,0.3007167875766754,-0.7219151854515076,0.9996938705444336,0.540218710899353,0.3060566186904907,-0.49048230051994324,0.9996028542518616,0.4646640419960022,0.31147119402885437,-0.48504146933555603,0.9997691512107849,0.5183143019676208,0.378488689661026,-0.652492344379425,0.9999181628227234,0.4856274425983429,0.3840334713459015,-0.6513707637786865,0.9999446272850037,0.6116235852241516,0.5164958238601685,-0.2917577028274536,0.9996805191040039,0.3989101052284241,0.5125702619552612,-0.2954283654689789,0.9997859597206116,0.664115846157074,0.8053882122039795,-0.19608180224895477,0.9849581718444824,0.3349498510360718,0.7867313027381897,-0.3730977475643158,0.9909190535545349,0.6135922074317932,0.9938493371009827,-0.36539050936698914,0.8939207792282104,0.44755929708480835,0.8237726092338562,-0.6521727442741394,0.8913589119911194,0.6132107973098755,1.0918619632720947,-0.4183551073074341,0.7811329960823059,0.4874652326107025,0.8374024629592896,-0.7251160740852356,0.7453798055648804,0.5922592282295227,1.0659092664718628,-0.46513834595680237,0.7943780422210693,0.494446724653244,0.7978382110595703,-0.7233631014823914,0.7605457901954651,0.589049756526947,1.019331932067871,-0.3859271705150604,0.7905239462852478,0.48308616876602173,0.7918766736984253,-0.6518591046333313,0.7377852201461792,0.5656090974807739,1.0273840427398682,-0.021044038236141205,0.804452121257782,0.4358570873737335,1.0219541788101196,0.021908167749643326,0.8036496043205261,0.5669600963592529,1.4524493217468262,0.07606836408376694,0.12383251637220383,0.42882075905799866,1.442063331604004,0.10194279253482819,0.09023433178663254,0.5641677975654602,1.8024154901504517,0.46810832619667053,0.022818828001618385,0.43329766392707825,1.8001174926757812,0.3955809473991394,0.02802087739109993,0.5666010975837708,1.8490029573440552,0.490439236164093,0.018633821979165077,0.43353453278541565,1.8502342700958252,0.4166698157787323,0.04904790595173836,0.5441325306892395,1.9312275648117065,0.20913974940776825,0.009095282293856144,0.44593778252601624,1.9240182638168335,0.11134935915470123,0.02718779258430004,0.0,0.0,0.0,0.0,0.0,0.0,0.0,0.0,0.0,0.0,0.0,0.0,0.0,0.0,0.0,0.0,0.0,0.0,0.0,0.0,0.0,0.0,0.0,0.0,0.0,0.0,0.0,0.0,0.0,0.0,0.0,0.0,0.0,0.0,0.0,0.0,0.0,0.0,0.0,0.0,0.0,0.0,0.0,0.0,0.0,0.0,0.0,0.0,0.0,0.0,0.0,0.0,0.0,0.0,0.0,0.0,0.0,0.0,0.0,0.0,0.0,0.0,0.0,0.4688412845134735,0.7979006171226501,-1.7788427442155808e-07,0.48376399278640747,0.7540686130523682,-0.0003984533541370183,0.5005503296852112,0.7230235934257507,-0.0019834167324006557,0.5135929584503174,0.6999165415763855,-0.00429051136597991,0.5196552276611328,0.6782581806182861,-0.0060760085470974445,0.530767023563385,0.7640982270240784,0.0014432049356400967,0.5402361750602722,0.7617005705833435,0.0024503141175955534,0.5322779417037964,0.7625107765197754,0.001674592844210565,0.5235373973846436,0.7634556293487549,0.0006793634966015816,0.5337299108505249,0.7918626666069031,-0.00022865127539262176,0.5382133722305298,0.7900614142417908,0.003676365129649639,0.530051052570343,0.788720428943634,0.003383536823093891,0.5220282673835754,0.7902399897575378,0.0013324548490345478,0.5308501124382019,0.8183314204216003,-0.0016554569592699409,0.5368077158927917,0.8153190612792969,0.0011140963761135936,0.5289653539657593,0.8122886419296265,0.0022295727394521236,0.5199276804924011,0.8119277358055115,0.0014555086381733418,0.5251470804214478,0.8424400687217712,-0.003271255875006318,0.5364899039268494,0.8451871275901794,-0.0012659663334488869,0.530164897441864,0.8401737213134766,0.002345341956242919,0.5215287804603577,0.8368245363235474,0.004801562055945396
0.5007218718528748,0.34203892946243286,-0.7484878301620483,0.9997785687446594,0.5128169059753418,0.29852741956710815,-0.7248804569244385,0.9996021389961243,0.5213568806648254,0.29679080843925476,-0.7249437570571899,0.9996125102043152,0.529657244682312,0.2955344021320343,-0.7249901294708252,0.999538779258728,0.4885747730731964,0.30201008915901184,-0.7252698540687561,0.9996682405471802,0.47993597388267517,0.30170807242393494,-0.7253620028495789,0.9996980428695679,0.4728909134864807,0.300541490316391,-0.7256917357444763,0.9996864199638367,0.540142297744751,0.3061433434486389,-0.49222561717033386,0.999597430229187,0.46486181020736694,0.3112178146839142,-0.48904889822006226,0.9997619390487671,0.5180108547210693,0.3786686062812805,-0.655691385269165,0.9999176263809204,0.4855220913887024,0.38391080498695374,-0.6547864079475403,0.9999437928199768,0.6116257905960083,0.5166789293289185,-0.29743677377700806,0.9996808171272278,0.39891237020492554,0.5126309990882874,-0.3010391592979431,0.9997856616973877,0.6643578410148621,0.8061742782592773,-0.20472274720668793,0.9850065112113953,0.3359541893005371,0.7873081564903259,-0.3820593059062958,0.9909539222717285,0.6140465140342712,0.9949749112129211,-0.3740638494491577,0.8932186365127563,0.44813117384910583,0.8227314949035645,-0.6665681600570679,0.8885125517845154,0.61336749792099,1.0940778255462646,-0.4270918667316437,0.7794010043144226,0.4870202839374542,0.8366174697875977,-0.73990797996521,0.7416369318962097,0.5915616154670715,1.0684247016906738,-0.4728824496269226,0.7927001118659973,0.4944319427013397,0.7962309718132019,-0.7379168272018433,0.7569676637649536,0.5883299708366394,1.020421028137207,-0.39413172006607056,0.7891333699226379,0.483163982629776,0.789703905582428,-0.6662047505378723,0.7348597645759583,0.5658226609230042,1.0272908210754395,-0.020762156695127487,0.8039528727531433,0.43624624609947205,1.0219130516052246,0.02161502279341221,0.8029014468193054,0.5658723711967468,1.450904369354248,0.08150777965784073,0.11582041531801224,0.42776378989219666,1.440621018409729,0.10828936845064163,0.0848739966750145,0.5627850294113159,1.8007034063339233,0.4777999520301819,0.02137022837996483,0.43156999349594116,1.7980356216430664,0.40406739711761475,0.026468666270375252,0.565151572227478,1.8471367359161377,0.5003619194030762,0.017525987699627876,0.43171942234039307,1.8482592105865479,0.42525240778923035,0.046292949467897415,0.5426062345504761,1.929513931274414,0.2203897386789322,0.008563115261495113,0.443694144487381,1.9211057424545288,0.1216794028878212,0.025927240028977394,0.0,0.0,0.0,0.0,0.0,0.0,0.0,0.0,0.0,0.0,0.0,0.0,0.0,0.0,0.0,0.0,0.0,0.0,0.0,0.0,0.0,0.0,0.0,0.0,0.0,0.0,0.0,0.0,0.0,0.0,0.0,0.0,0.0,0.0,0.0,0.0,0.0,0.0,0.0,0.0,0.0,0.0,0.0,0.0,0.0,0.0,0.0,0.0,0.0,0.0,0.0,0.0,0.0,0.0,0.0,0.0,0.0,0.0,0.0,0.0,0.0,0.0,0.0,0.47065630555152893,0.7976406812667847,-1.72093663763917e-07,0.48429223895072937,0.7528430819511414,-0.0011512251803651452,0.5006399154663086,0.7225046157836914,-0.0031492963898926973,0.5130860805511475,0.6992217302322388,-0.005689111538231373,0.5186540484428406,0.6768397092819214,-0.0076753743924200535,0.5313855409622192,0.7664426565170288,0.0009474833495914936,0.5400972962379456,0.7607983350753784,0.002064306056126952,0.531074047088623,0.7595217227935791,0.0008753683650866151,0.5222381949424744,0.7611371278762817,-0.0006048309151083231,0.5340734720230103,0.7942138314247131,-0.00023104781575966626,0.5381510853767395,0.7879855036735535,0.0037999472115188837,0.5298311710357666,0.7857521772384644,0.003413517726585269,0.5222256779670715,0.7890332341194153,0.0011470250319689512,0.530627965927124,0.8199649453163147,-0.0011684143682941794,0.5362973213195801,0.8130910992622375,0.0018430527998134494,0.5287255048751831,0.8093627691268921,0.003125707618892193,0.5200645923614502,0.8099930286407471,0.002342265797778964,0.5246228575706482,0.843254029750824,-0.0023615676909685135,0.5360904932022095,0.8432576656341553,-0.000200589100131765,0.5305256247520447,0.8379981517791748,0.003487379988655448,0.5225268602371216,0.8355872631072998,0.005910190287977457
0.5000211596488953,0.3422822058200836,-0.7533713579177856,0.9997737407684326,0.5125841498374939,0.2988152801990509,-0.7299692630767822,0.9995949268341064,0.5212181806564331,0.29702264070510864,-0.7300338745117188,0.9996054172515869,0.5296190977096558,0.2957751750946045,-0.730076253414154,0.9995325803756714,0.48806583881378174,0.30196309089660645,-0.7297056317329407,0.9996607899665833,0.47937873005867004,0.3016824722290039,-0.7297985553741455,0.9996892809867859,0.4725548028945923,0.3006039559841156,-0.7301361560821533,0.9996775984764099,0.5403375625610352,0.30636560916900635,-0.4987671673297882,0.9995923042297363,0.46503883600234985,0.31138741970062256,-0.4922340214252472,0.9997547268867493,0.5175665020942688,0.37925583124160767,-0.6610337495803833,0.9999171495437622,0.48490697145462036,0.38388052582740784,-0.6593305468559265,0.9999430775642395,0.6116629838943481,0.5175779461860657,-0.30269476771354675,0.9996768832206726,0.3991290032863617,0.5125622153282166,-0.30283018946647644,0.9997830390930176,0.6641881465911865,0.8089828491210938,-0.20679797232151031,0.984819233417511,0.3348220884799957,0.7858545780181885,-0.3854703903198242,0.9908294677734375,0.6152147650718689,0.9974949359893799,-0.3728029131889343,0.8926883339881897,0.44685763120651245,0.8217868804931641,-0.6709194183349609,0.8873282670974731,0.6144512295722961,1.0997517108917236,-0.4254058301448822,0.7786053419113159,0.48545041680336,0.83645099401474,-0.7445146441459656,0.7398382425308228,0.5928938984870911,1.070374608039856,-0.47105148434638977,0.7918766736984253,0.49374499917030334,0.7959575057029724,-0.741904616355896,0.7551500797271729,0.5897253751754761,1.0217992067337036,-0.3927474319934845,0.788979172706604,0.48228663206100464,0.7894179224967957,-0.6704452037811279,0.734015941619873,0.5656259655952454,1.0275297164916992,-0.020830634981393814,0.8052731156349182,0.4366835653781891,1.0219870805740356,0.021687669679522514,0.8042917847633362,0.5670098066329956,1.4507390260696411,0.09000809490680695,0.10816759616136551,0.42733776569366455,1.4403165578842163,0.11975745856761932,0.07935287058353424,0.5635845065116882,1.799243688583374,0.49178823828697205,0.01983601041138172,0.43098750710487366,1.7964509725570679,0.42640694975852966,0.024707570672035217,0.5657913088798523,1.8456428050994873,0.5146908164024353,0.016579536721110344,0.43111804127693176,1.8468693494796753,0.4489341974258423,0.043370574712753296,0.5437676906585693,1.9285606145858765,0.23418818414211273,0.008015811443328857,0.4436531662940979,1.9192595481872559,0.14619991183280945,0.024679504334926605,0.0,0.0,0.0,0.0,0.0,0.0,0.0,0.0,0.0,0.0,0.0,0.0,0.0,0.0,0.0,0.0,0.0,0.0,0.0,0.0,0.0,0.0,0.0,0.0,0.0,0.0,0.0,0.0,0.0,0.0,0.0,0.0,0.0,0.0,0.0,0.0,0.0,0.0,0.0,0.0,0.0,0.0,0.0,0.0,0.0,0.0,0.0,0.0,0.0,0.0,0.0,0.0,0.0,0.0,0.0,0.0,0.0,0.0,0.0,0.0,0.0,0.0,0.0,0.46981409192085266,0.7985330820083618,-1.7995108692048234e-07,0.48392924666404724,0.7540881037712097,-0.0006128712557256222,0.5010634660720825,0.7224583625793457,-0.0023045840207487345,0.5136967301368713,0.6990110874176025,-0.004600405227392912,0.5187385678291321,0.6769731640815735,-0.006360320374369621,0.5307579636573792,0.7649878263473511,0.0006122862105257809,0.5406856536865234,0.7606750130653381,0.0013787508942186832,0.532425582408905,0.7596001625061035,0.00043487269431352615,0.5235781669616699,0.7606968879699707,-0.0007261758437380195,0.5333508849143982,0.7927915453910828,-0.0008753176662139595,0.5380071401596069,0.7886738181114197,0.0027400075923651457,0.5299851298332214,0.7866203188896179,0.002692824462428689,0.5223986506462097,0.7892292737960815,0.0007867820677347481,0.530282735824585,0.8189195394515991,-0.0021204976364970207,0.5359064936637878,0.8137723803520203,0.00035387268872000277,0.528303861618042,0.8104791641235352,0.0017084338469430804,0.5195744037628174,0.8111758828163147,0.001132872886955738,0.5247785449028015,0.8427092432975769,-0.0035564396530389786,0.5357491374015808,0.8429206013679504,-0.001843733130954206,0.5299615263938904,0.8381636738777161,0.0016948195407167077,0.5219038128852844,0.8364472389221191,0.004092159681022167
0.49978888034820557,0.34284859895706177,-0.7669209837913513,0.9997744560241699,0.5125144124031067,0.2995653748512268,-0.7435649633407593,0.9995961785316467,0.5211719274520874,0.2977980971336365,-0.7436333298683167,0.9996061325073242,0.5295653343200684,0.29661092162132263,-0.74367356300354,0.9995329976081848,0.4878057539463043,0.3021192252635956,-0.7423058152198792,0.9996611475944519,0.47914010286331177,0.3016931116580963,-0.7424183487892151,0.9996891021728516,0.47238442301750183,0.3008747100830078,-0.7427540421485901,0.9996773600578308,0.5403871536254883,0.3068503737449646,-0.5085753798484802,0.9995930790901184,0.46508434414863586,0.311815470457077,-0.4977526366710663,0.9997541308403015,0.5174052715301514,0.3802662193775177,-0.6730525493621826,0.9999173283576965,0.48470720648765564,0.38389211893081665,-0.6700671911239624,0.9999432563781738,0.6117069721221924,0.5183050036430359,-0.31165239214897156,0.9996756911277771,0.39920690655708313,0.5125373005867004,-0.3007901906967163,0.9997848868370056,0.6645471453666687,0.8074988722801208,-0.21948394179344177,0.9846720695495605,0.3330249488353729,0.7857652902603149,-0.38415971398353577,0.9908812046051025,0.615669846534729,0.994924008846283,-0.38870105147361755,0.8908059000968933,0.4458789527416229,0.8204257488250732,-0.6776793003082275,0.8880079388618469,0.6157203912734985,1.0938137769699097,-0.4429989457130432,0.7758340835571289,0.4853019416332245,0.8354417085647583,-0.7516597509384155,0.7399844527244568,0.5940225124359131,1.066694974899292,-0.48636797070503235,0.7892528772354126,0.49377545714378357,0.7935029864311218,-0.7506811022758484,0.7551870942115784,0.5911654233932495,1.0186676979064941,-0.40788349509239197,0.7866235375404358,0.4821394085884094,0.7870201468467712,-0.6779464483261108,0.7345197796821594,0.5663025379180908,1.027335286140442,-0.027196330949664116,0.8038616180419922,0.4371807277202606,1.0220654010772705,0.02810158021748066,0.8042135238647461,0.5691340565681458,1.451072335243225,0.08892998099327087,0.10389578342437744,0.4302222430706024,1.4415576457977295,0.13588957488536835,0.0759410485625267,0.5660415887832642,1.799517273902893,0.4951143264770508,0.018936969339847565,0.43321219086647034,1.7978349924087524,0.449832946062088,0.023752382025122643,0.568498969078064,1.8461412191390991,0.5183445811271667,0.016000283882021904,0.43342575430870056,1.8485054969787598,0.47307586669921875,0.041982151567935944,0.5459259748458862,1.929124355316162,0.23415641486644745,0.007700417656451464,0.44551941752433777,1.9208555221557617,0.1676759123802185,0.024122832342982292,0.0,0.0,0.0,0.0,0.0,0.0,0.0,0.0,0.0,0.0,0.0,0.0,0.0,0.0,0.0,0.0,0.0,0.0,0.0,0.0,0.0,0.0,0.0,0.0,0.0,0.0,0.0,0.0,0.0,0.0,0.0,0.0,0.0,0.0,0.0,0.0,0.0,0.0,0.0,0.0,0.0,0.0,0.0,0.0,0.0,0.0,0.0,0.0,0.0,0.0,0.0,0.0,0.0,0.0,0.0,0.0,0.0,0.0,0.0,0.0,0.0,0.0,0.0,0.46940138936042786,0.797900915145874,-1.7409897168363386e-07,0.4839489459991455,0.7536153197288513,-0.00013729189231526107,0.5004715323448181,0.7222146987915039,-0.0016728679183870554,0.5133565068244934,0.6991086006164551,-0.00386372534558177,0.5193473100662231,0.6776257753372192,-0.005568493157625198,0.5316192507743835,0.7651078104972839,0.001378130167722702,0.5398365259170532,0.7618939280509949,0.003423560643568635,0.5314120054244995,0.7615177631378174,0.0033911645878106356,0.5225468277931213,0.7619261145591736,0.002764336299151182,0.5342170000076294,0.7935758829116821,-0.00017005119298119098,0.537356436252594,0.7896565198898315,0.00486142048612237,0.5292919278144836,0.7872013449668884,0.005059842951595783,0.5214090943336487,0.7887389063835144,0.0030737011693418026,0.5306221842765808,0.819790780544281,-0.0013049631379544735,0.5356472730636597,0.8144481778144836,0.0024855188094079494,0.527898907661438,0.810492992401123,0.003932667430490255,0.5190269947052002,0.8100095987319946,0.0030939842108637094,0.5242923498153687,0.8432247042655945,-0.0025974835734814405,0.5352969765663147,0.844306468963623,0.00015876081306487322,0.5290597081184387,0.8385990858078003,0.004194706212729216,0.520551860332489,0.8351616263389587,0.006774705369025469
0.4997901916503906,0.34287217259407043,-0.7519351840019226,0.9997767210006714,0.5125738978385925,0.29940328001976013,-0.7290219664573669,0.9996013641357422,0.521208643913269,0.29755449295043945,-0.729085385799408,0.9996111392974854,0.5296165943145752,0.29632535576820374,-0.7291311621665955,0.9995380640029907,0.48774346709251404,0.3020583391189575,-0.728137731552124,0.9996660351753235,0.4790283441543579,0.30167505145072937,-0.728244960308075,0.9996931552886963,0.4722907245159149,0.3009226620197296,-0.728577733039856,0.9996814131736755,0.5405123233795166,0.3067043721675873,-0.5003891587257385,0.9995999336242676,0.4650583267211914,0.31201106309890747,-0.4903486371040344,0.9997578859329224,0.5174620747566223,0.3801647424697876,-0.6600793600082397,0.9999183416366577,0.4847477972507477,0.3838726282119751,-0.6575742363929749,0.9999440312385559,0.6117135286331177,0.5186387896537781,-0.30042555928230286,0.9996760487556458,0.39927101135253906,0.5124212503433228,-0.29649627208709717,0.9997889399528503,0.6646828055381775,0.8085375428199768,-0.20641618967056274,0.9845887422561646,0.3315940499305725,0.784913182258606,-0.38165128231048584,0.9908719658851624,0.6143960952758789,0.9962299466133118,-0.37723857164382935,0.8899816274642944,0.4429454803466797,0.8173915147781372,-0.6749707460403442,0.8890112042427063,0.6140555739402771,1.0932235717773438,-0.4301135838031769,0.7750178575515747,0.4822634756565094,0.8334999084472656,-0.7488183379173279,0.7421437501907349,0.5924580693244934,1.0655875205993652,-0.473895400762558,0.7882727980613708,0.49110156297683716,0.7908796668052673,-0.7456201910972595,0.7573508620262146,0.5893681049346924,1.0188642740249634,-0.3965241014957428,0.7860722541809082,0.4795439839363098,0.7840385437011719,-0.6743675470352173,0.7369697690010071,0.5655127763748169,1.0270626544952393,-0.02433978207409382,0.8086544275283813,0.43658819794654846,1.021908164024353,0.02518150582909584,0.8096532821655273,0.5668703317642212,1.4513647556304932,0.08787264674901962,0.1055702492594719,0.4299846887588501,1.4409544467926025,0.1164492666721344,0.07549960166215897,0.5644883513450623,1.7992157936096191,0.47891297936439514,0.018907196819782257,0.4341735243797302,1.7962620258331299,0.4111258089542389,0.02329125441610813,0.5671760439872742,1.8458373546600342,0.501031219959259,0.015969568863511086,0.4345661401748657,1.8467780351638794,0.43240347504615784,0.041438885033130646,0.5441948175430298,1.927703857421875,0.22116389870643616,0.007641729433089495,0.4456833302974701,1.9190260171890259,0.13020189106464386,0.023768233135342598,0.0,0.0,0.0,0.0,0.0,0.0,0.0,0.0,0.0,0.0,0.0,0.0,0.0,0.0,0.0,0.0,0.0,0.0,0.0,0.0,0.0,0.0,0.0,0.0,0.0,0.0,0.0,0.0,0.0,0.0,0.0,0.0,0.0,0.0,0.0,0.0,0.0,0.0,0.0,0.0,0.0,0.0,0.0,0.0,0.0,0.0,0.0,0.0,0.0,0.0,0.0,0.0,0.0,0.0,0.0,0.0,0.0,0.0,0.0,0.0,0.0,0.0,0.0,0.4688548445701599,0.7977716326713562,-1.7027367960054107e-07,0.48301976919174194,0.7538952827453613,-0.0013197518419474363,0.4995099902153015,0.7229799628257751,-0.004184966441243887,0.5123403072357178,0.6995024085044861,-0.007509178016334772,0.5186437964439392,0.6775282025337219,-0.010278289206326008,0.5315260291099548,0.7664185762405396,-0.0007445053779520094,0.5395788550376892,0.7596633434295654,-0.0005319826304912567,0.5298677086830139,0.7596848607063293,-0.0019559692591428757,0.5203669667243958,0.7617874145507812,-0.003376605222001672,0.5339959859848022,0.7940633296966553,-0.00220309104770422,0.5375277400016785,0.7882221341133118,0.0012815798399969935,0.528824508190155,0.7861089706420898,0.0008827244164422154,0.5205077528953552,0.7885884642601013,-0.0013336162082850933,0.5304298996925354,0.8195116519927979,-0.003364180913195014,0.5352217555046082,0.8134570121765137,-0.0005403005634434521,0.5274809002876282,0.8092617988586426,0.0009719561785459518,0.5184906125068665,0.8090839982032776,0.0002938618999905884,0.5243546962738037,0.8424689769744873,-0.004826416727155447,0.5344205498695374,0.8424932956695557,-0.0027450532652437687,0.527971625328064,0.8367898464202881,0.0012028733035549521,0.5195663571357727,0.8339377641677856,0.0038238856941461563
0.4995005428791046,0.3425333797931671,-0.7481012940406799,0.9997788667678833,0.5123880505561829,0.2989632189273834,-0.7253764271736145,0.9996052980422974,0.5210004448890686,0.29703187942504883,-0.7254518270492554,0.9996151924133301,0.5294301509857178,0.29578056931495667,-0.7254914045333862,0.999542772769928,0.4875395894050598,0.30182456970214844,-0.7248197197914124,0.9996697902679443,0.4788372814655304,0.30158352851867676,-0.7249311208724976,0.999695897102356,0.47216781973838806,0.3007661700248718,-0.725267767906189,0.9996838569641113,0.5403847098350525,0.3063611090183258,-0.4948853850364685,0.9996064901351929,0.4650421738624573,0.3118414282798767,-0.4863181710243225,0.9997612237930298,0.5172093510627747,0.37953582406044006,-0.6554426550865173,0.999919593334198,0.48452281951904297,0.3836962878704071,-0.6532644033432007,0.9999449253082275,0.611705482006073,0.5182172060012817,-0.29509589076042175,0.9996749758720398,0.39931541681289673,0.5121753811836243,-0.2953835725784302,0.999794065952301,0.664347767829895,0.8072273135185242,-0.20156632363796234,0.9843407273292542,0.331722617149353,0.7836031317710876,-0.3800954222679138,0.9909142851829529,0.6130079030990601,0.9922129511833191,-0.3750534951686859,0.8887461423873901,0.442430704832077,0.8163638114929199,-0.6720955967903137,0.8886932730674744,0.6136799454689026,1.0899351835250854,-0.4286874234676361,0.7746849060058594,0.4812702536582947,0.8335955739021301,-0.7462970614433289,0.7430720925331116,0.5917811989784241,1.061456561088562,-0.4742753207683563,0.7879382371902466,0.49052441120147705,0.7903536558151245,-0.744202196598053,0.7584150433540344,0.588164746761322,1.0135265588760376,-0.39523401856422424,0.7859847545623779,0.4788554906845093,0.7829861044883728,-0.6720245480537415,0.7385734915733337,0.5652260184288025,1.0267597436904907,-0.022041073068976402,0.807074785232544,0.4365566372871399,1.021496057510376,0.02286788634955883,0.8091399073600769,0.567132830619812,1.447683334350586,0.09037349373102188,0.10301873832941055,0.43058615922927856,1.4377386569976807,0.1198480874300003,0.07286900281906128,0.5644344687461853,1.7954280376434326,0.4793986976146698,0.018561948090791702,0.43480122089385986,1.7928937673568726,0.41707414388656616,0.02264781855046749,0.5668805837631226,1.8418773412704468,0.501532793045044,0.015767762437462807,0.4352322816848755,1.8434216976165771,0.4386904835700989,0.04087945073843002,0.5444717407226562,1.9227186441421509,0.2216172218322754,0.007518704980611801,0.44599881768226624,1.9141583442687988,0.1365223228931427,0.023399285972118378,0.0,0.0,0.0,0.0,0.0,0.0,0.0,0.0,0.0,0.0,0.0,0.0,0.0,0.0,0.0,0.0,0.0,0.0,0.0,0.0,0.0,0.0,0.0,0.0,0.0,0.0,0.0,0.0,0.0,0.0,0.0,0.0,0.0,0.0,0.0,0.0,0.0,0.0,0.0,0.0,0.0,0.0,0.0,0.0,0.0,0.0,0.0,0.0,0.0,0.0,0.0,0.0,0.0,0.0,0.0,0.0,0.0,0.0,0.0,0.0,0.0,0.0,0.0,0.46851956844329834,0.7977837920188904,-1.7130277285559714e-07,0.4822019338607788,0.7534844875335693,-0.0010015121661126614,0.4983818233013153,0.7227111458778381,-0.0034695479553192854,0.511594295501709,0.6990752816200256,-0.006438102573156357,0.5183688998222351,0.6770864725112915,-0.008897535502910614,0.5317208766937256,0.765938937664032,0.0007999734370969236,0.5393838882446289,0.7598374485969543,0.002033804077655077,0.5305421948432922,0.7601670622825623,0.001322851050645113,0.5216105580329895,0.7621216177940369,0.0003118967288173735,0.5348148941993713,0.7929245233535767,-0.0006083918851800263,0.5364161133766174,0.7878545522689819,0.003911041188985109,0.5275596380233765,0.7856808304786682,0.003482535947114229,0.5195894837379456,0.7881042957305908,0.0011377829359844327,0.5314185619354248,0.8182426691055298,-0.0016959182685241103,0.5342689156532288,0.811781644821167,0.0017316867597401142,0.5261048674583435,0.807639479637146,0.0028096851892769337,0.5173733234405518,0.8075390458106995,0.0017823372036218643,0.5252994894981384,0.8414391279220581,-0.0030522015877068043,0.5341975092887878,0.8407471179962158,-0.0006274058250710368,0.527617871761322,0.8355860114097595,0.0031894748099148273,0.5194787383079529,0.8331871032714844,0.005725369788706303
0.49995747208595276,0.3424147367477417,-0.7515246868133545,0.9997807145118713,0.5127667784690857,0.2988588809967041,-0.728825569152832,0.9996122717857361,0.5213380455970764,0.29695090651512146,-0.728890597820282,0.9996214509010315,0.5296318531036377,0.29570645093917847,-0.72894686460495,0.999553382396698,0.48788657784461975,0.3016361594200134,-0.7285587787628174,0.9996741414070129,0.47914642095565796,0.3014882802963257,-0.7286316752433777,0.9996972680091858,0.47231820225715637,0.3006637990474701,-0.7289489507675171,0.9996851682662964,0.5403639674186707,0.30635660886764526,-0.4965704381465912,0.999617338180542,0.46493515372276306,0.31169816851615906,-0.48952627182006836,0.9997638463973999,0.5173901915550232,0.3793296217918396,-0.6581169962882996,0.9999222755432129,0.4848107397556305,0.38355064392089844,-0.6563692092895508,0.9999462366104126,0.6116845011711121,0.51776522397995,-0.3006037771701813,0.9996886253356934,0.3991595506668091,0.5120205283164978,-0.2975672781467438,0.9998005032539368,0.6640924215316772,0.8056777119636536,-0.20511062443256378,0.984618067741394,0.33130770921707153,0.7834951281547546,-0.38477545976638794,0.9910394549369812,0.6134870052337646,0.9959280490875244,-0.3746446967124939,0.8897824883460999,0.44285285472869873,0.8170263171195984,-0.6774600148200989,0.8901106119155884,0.6142869591712952,1.0929672718048096,-0.42884430289268494,0.7759448289871216,0.4821206331253052,0.8344636559486389,-0.7516535520553589,0.7455108761787415,0.5930671691894531,1.0667959451675415,-0.474107950925827,0.789020299911499,0.4912596642971039,0.7907930612564087,-0.7498639822006226,0.7607020735740662,0.5893080234527588,1.0190470218658447,-0.39454200863838196,0.7874982953071594,0.47963422536849976,0.7830700874328613,-0.6775314211845398,0.7415207028388977,0.5653925538063049,1.0270413160324097,-0.023238057270646095,0.8138858675956726,0.4368385374546051,1.0221837759017944,0.024086738005280495,0.8155214786529541,0.5683102011680603,1.448216199874878,0.08942598849534988,0.10065605491399765,0.43163537979125977,1.438878059387207,0.1345483809709549,0.07065262645483017,0.5659579634666443,1.7951902151107788,0.4846678674221039,0.01791504956781864,0.436211496591568,1.7919596433639526,0.45191556215286255,0.02175288274884224,0.568636953830719,1.8417065143585205,0.5073680281639099,0.01535676047205925,0.43666908144950867,1.8420324325561523,0.4756067991256714,0.0396561436355114,0.545785129070282,1.9225882291793823,0.2256966531276703,0.0072629195638000965,0.44737130403518677,1.9141656160354614,0.17447885870933533,0.02268442139029503,0.0,0.0,0.0,0.0,0.0,0.0,0.0,0.0,0.0,0.0,0.0,0.0,0.0,0.0,0.0,0.0,0.0,0.0,0.0,0.0,0.0,0.0,0.0,0.0,0.0,0.0,0.0,0.0,0.0,0.0,0.0,0.0,0.0,0.0,0.0,0.0,0.0,0.0,0.0,0.0,0.0,0.0,0.0,0.0,0.0,0.0,0.0,0.0,0.0,0.0,0.0,0.0,0.0,0.0,0.0,0.0,0.0,0.0,0.0,0.0,0.0,0.0,0.0,0.468009889125824,0.7962939739227295,-1.7980704569708905e-07,0.48214542865753174,0.7515010237693787,-0.0008027440635487437,0.4986339509487152,0.7206000089645386,-0.003101225011050701,0.5118329524993896,0.6980238556861877,-0.005984812509268522,0.5182322859764099,0.675875723361969,-0.00833900086581707,0.5314105749130249,0.7639530301094055,0.0008238926529884338,0.5393079519271851,0.7598820924758911,0.0019717563409358263,0.5304836630821228,0.760501503944397,0.0011560691054910421,0.5213857293128967,0.7623556852340698,4.9871196097228676e-05,0.5339363217353821,0.7919419407844543,-0.0008803574019111693,0.5370694994926453,0.7887436151504517,0.0034769910853356123,0.528520405292511,0.7866082191467285,0.0033180874306708574,0.5202903747558594,0.7883743047714233,0.0011410467559471726,0.530396580696106,0.8180009126663208,-0.0023089235182851553,0.5353127121925354,0.8135623335838318,0.0008441130630671978,0.5272409319877625,0.8097944855690002,0.0022706121671944857,0.518156111240387,0.8097561001777649,0.001506164437159896,0.5241925716400146,0.8413194417953491,-0.003991344012320042,0.5349488258361816,0.841953694820404,-0.0017586629837751389,0.5285554528236389,0.8363384008407593,0.002221151255071163,0.5200222134590149,0.8334395885467529,0.004842790775001049
0.5007128119468689,0.34214940667152405,-0.7539306282997131,0.9997820258140564,0.5134180188179016,0.29846227169036865,-0.7307955026626587,0.99961256980896,0.5220018029212952,0.296527624130249,-0.7308652997016907,0.9996217489242554,0.5301087498664856,0.2952520251274109,-0.7309210896492004,0.9995517730712891,0.48859283328056335,0.30143579840660095,-0.730917751789093,0.9996763467788696,0.47979211807250977,0.3013944923877716,-0.731012225151062,0.9997006058692932,0.47276630997657776,0.30049216747283936,-0.7313510179519653,0.999688982963562,0.5406351089477539,0.3061617314815521,-0.49814125895500183,0.9996169209480286,0.46495765447616577,0.3115631639957428,-0.4930723011493683,0.9997678995132446,0.5179712176322937,0.3790280222892761,-0.6604435443878174,0.999921977519989,0.4854101836681366,0.3834228813648224,-0.6592098474502563,0.9999467134475708,0.6116489171981812,0.5176523923873901,-0.2950814962387085,0.9996771812438965,0.39896389842033386,0.5118617415428162,-0.30390170216560364,0.9998023509979248,0.6640086770057678,0.8054540157318115,-0.20036275684833527,0.9842126965522766,0.3315752446651459,0.7833775877952576,-0.3916160464286804,0.9910367131233215,0.6123524904251099,0.9998394846916199,-0.36806878447532654,0.8870994448661804,0.4449252784252167,0.8179104924201965,-0.6805616021156311,0.8886595964431763,0.6133550405502319,1.096367597579956,-0.41987842321395874,0.77292400598526,0.4848651587963104,0.8334532976150513,-0.7545842528343201,0.7434496283531189,0.5913398861885071,1.0717289447784424,-0.4647687077522278,0.786024272441864,0.49308526515960693,0.7895691990852356,-0.75140380859375,0.7586814761161804,0.5872578024864197,1.0228612422943115,-0.3877902626991272,0.784386157989502,0.48156365752220154,0.7817530035972595,-0.6800350546836853,0.7395229339599609,0.5645076036453247,1.0275269746780396,-0.01977781020104885,0.8114798665046692,0.43627122044563293,1.0224512815475464,0.020600784569978714,0.8142294883728027,0.5657411813735962,1.4497991800308228,0.09201917797327042,0.10041027516126633,0.4291907846927643,1.439465880393982,0.11414207518100739,0.07053636014461517,0.5632669925689697,1.7959318161010742,0.48498013615608215,0.01806100271642208,0.4338224530220032,1.7933716773986816,0.4104197323322296,0.021880492568016052,0.5652021169662476,1.8423508405685425,0.5067267417907715,0.01539554912596941,0.4342975318431854,1.8430111408233643,0.43171679973602295,0.03998797386884689,0.5442325472831726,1.9240427017211914,0.22421839833259583,0.0073500219732522964,0.4452308714389801,1.9168267250061035,0.12728963792324066,0.02295084297657013,0.0,0.0,0.0,0.0,0.0,0.0,0.0,0.0,0.0,0.0,0.0,0.0,0.0,0.0,0.0,0.0,0.0,0.0,0.0,0.0,0.0,0.0,0.0,0.0,0.0,0.0,0.0,0.0,0.0,0.0,0.0,0.0,0.0,0.0,0.0,0.0,0.0,0.0,0.0,0.0,0.0,0.0,0.0,0.0,0.0,0.0,0.0,0.0,0.0,0.0,0.0,0.0,0.0,0.0,0.0,0.0,0.0,0.0,0.0,0.0,0.0,0.0,0.0,0.4664355218410492,0.7944946885108948,-1.89357777458099e-07,0.48224082589149475,0.7499351501464844,-0.00017569448391441256,0.5002459287643433,0.718411922454834,-0.0016876402078196406,0.5137922763824463,0.6956641674041748,-0.004046949557960033,0.5194602012634277,0.6742022633552551,-0.005898518953472376,0.5297996997833252,0.7611197233200073,0.0014072178164497018,0.5401574969291687,0.7580925822257996,0.001368434401229024,0.5314278602600098,0.7579396367073059,-0.0002478908863849938,0.5220650434494019,0.7596462965011597,-0.0016671407502144575,0.5320810079574585,0.7893092036247253,-0.0005368123529478908,0.537754237651825,0.7863714098930359,0.0025091608986258507,0.5293408632278442,0.7844054102897644,0.0022075132001191378,0.5211409330368042,0.787027895450592,0.00027041221619583666,0.5287885069847107,0.8158151507377625,-0.002338328631594777,0.5356107950210571,0.8116875290870667,-0.00032928824657574296,0.5276991724967957,0.8080414533615112,0.0010993870673701167,0.5185233354568481,0.8086885213851929,0.0007332251989282668,0.5229451060295105,0.839949905872345,-0.0043338509276509285,0.5353063344955444,0.8412345051765442,-0.002756125759333372,0.5291534662246704,0.8355458378791809,0.0010136294877156615,0.5204178690910339,0.8330876231193542,0.003646476659923792
0.5010810494422913,0.3423423767089844,-0.765083909034729,0.9997799396514893,0.513784646987915,0.29883670806884766,-0.7408683896064758,0.999608039855957,0.5223983526229858,0.29697588086128235,-0.7409560084342957,0.999617338180542,0.5303750038146973,0.2957681715488434,-0.741019606590271,0.9995472431182861,0.48883965611457825,0.30146661400794983,-0.7412490248680115,0.9996710419654846,0.48013290762901306,0.30136680603027344,-0.7413482069969177,0.9996954202651978,0.47294196486473083,0.30052676796913147,-0.7416978478431702,0.9996836185455322,0.5406497716903687,0.30669596791267395,-0.5023230910301208,0.9996135830879211,0.4648074209690094,0.31188470125198364,-0.49854177236557007,0.9997647404670715,0.5181115865707397,0.3795962333679199,-0.6695550084114075,0.9999215602874756,0.4855266511440277,0.38341572880744934,-0.6686952114105225,0.9999462962150574,0.6116303205490112,0.5185651779174805,-0.2987247407436371,0.9996691346168518,0.39882591366767883,0.5117281079292297,-0.3071863055229187,0.9997991919517517,0.6635980606079102,0.8096539974212646,-0.20877617597579956,0.9841300249099731,0.33205318450927734,0.7850253582000732,-0.3956138789653778,0.9909164905548096,0.6125264763832092,1.0017073154449463,-0.3787769079208374,0.8848844170570374,0.4464767575263977,0.8212305903434753,-0.6903710961341858,0.8864559531211853,0.6117770671844482,1.097733736038208,-0.4316153824329376,0.7692680954933167,0.4870012700557709,0.8333554863929749,-0.7651533484458923,0.738410472869873,0.5904114246368408,1.0732423067092896,-0.47492676973342896,0.7823211550712585,0.49492040276527405,0.7891231179237366,-0.7637091875076294,0.753777027130127,0.5909000635147095,1.0428074598312378,-0.3978983759880066,0.7807190418243408,0.48323407769203186,0.7824588418006897,-0.6906468868255615,0.7349188923835754,0.5640215277671814,1.0277001857757568,-0.02042960561811924,0.8066669702529907,0.4352823495864868,1.0229259729385376,0.021278658881783485,0.8093351721763611,0.5639364123344421,1.4521074295043945,0.10444220155477524,0.0964028462767601,0.4262273609638214,1.4412416219711304,0.12801583111286163,0.06847592443227768,0.5615821480751038,1.7987992763519287,0.49067819118499756,0.017525015398859978,0.43130552768707275,1.7962965965270996,0.4342401921749115,0.02152499184012413,0.5634843111038208,1.8456933498382568,0.5121839642524719,0.0150162223726511,0.43182989954948425,1.8462985754013062,0.45629140734672546,0.038871828466653824,0.5424549579620361,1.9285777807235718,0.2262781411409378,0.00717832101508975,0.4433048963546753,1.9206699132919312,0.1490020602941513,0.022777147591114044,0.0,0.0,0.0,0.0,0.0,0.0,0.0,0.0,0.0,0.0,0.0,0.0,0.0,0.0,0.0,0.0,0.0,0.0,0.0,0.0,0.0,0.0,0.0,0.0,0.0,0.0,0.0,0.0,0.0,0.0,0.0,0.0,0.0,0.0,0.0,0.0,0.0,0.0,0.0,0.0,0.0,0.0,0.0,0.0,0.0,0.0,0.0,0.0,0.0,0.0,0.0,0.0,0.0,0.0,0.0,0.0,0.0,0.0,0.0,0.0,0.0,0.0,0.0,0.46577614545822144,0.7933853268623352,-2.0401111555656826e-07,0.48158711194992065,0.7498180270195007,0.0005554162198677659,0.4996768534183502,0.7191565036773682,-0.0008040136890485883,0.513365626335144,0.6961480379104614,-0.0031144944950938225,0.519094705581665,0.6741278171539307,-0.004965712781995535,0.5296762585639954,0.7597718238830566,0.0017764988588169217,0.5395761728286743,0.7577598690986633,0.002215005923062563,0.531122624874115,0.7595998048782349,0.001161722932010889,0.5216913819313049,0.7617369294166565,0.00010093204764416441,0.5323712825775146,0.7874740362167358,-0.0004372888070065528,0.535943865776062,0.7876598834991455,0.0032570050098001957,0.5274548530578613,0.7863366007804871,0.0029566753655672073,0.519170343875885,0.7875105142593384,0.0008506908779963851,0.5293208956718445,0.8140877485275269,-0.002364879008382559,0.533898651599884,0.8125078082084656,0.00015341381367761642,0.525777280330658,0.8093507289886475,0.0014393802266567945,0.5167434811592102,0.8089249730110168,0.0007781028980389237,0.5237735509872437,0.8384696245193481,-0.004401632584631443,0.5339719653129578,0.8405588865280151,-0.002554079284891486,0.5279216170310974,0.8361755609512329,0.001161029445938766,0.5197160840034485,0.8340195417404175,0.0036902488209307194
0.5006445646286011,0.34134674072265625,-0.7738227844238281,0.9997764229774475,0.5135347843170166,0.29791122674942017,-0.7492043375968933,0.999596118927002,0.5220931172370911,0.2960694432258606,-0.7492890954017639,0.9996054768562317,0.5300736427307129,0.2949065864086151,-0.7493387460708618,0.999532163143158,0.48849543929100037,0.3010091781616211,-0.7504765391349792,0.999663233757019,0.4798577129840851,0.30107635259628296,-0.7505978345870972,0.9996894001960754,0.4725744128227234,0.30016833543777466,-0.7509588003158569,0.9996779561042786,0.5405480861663818,0.3064938485622406,-0.5058746933937073,0.999597430229187,0.4646539092063904,0.311689555644989,-0.508111834526062,0.9997602105140686,0.5178540945053101,0.37843963503837585,-0.6774529814720154,0.9999188184738159,0.4850066602230072,0.3829716444015503,-0.6778286099433899,0.9999451637268066,0.6115962266921997,0.5189464092254639,-0.3007591664791107,0.9996456503868103,0.39859089255332947,0.5123850107192993,-0.32111260294914246,0.9997967481613159,0.6633997559547424,0.8086692094802856,-0.20602941513061523,0.9838932752609253,0.3333585858345032,0.7883023023605347,-0.3990631699562073,0.9910123944282532,0.6145561933517456,1.0053517818450928,-0.37528231739997864,0.8820394277572632,0.45047372579574585,0.8218138813972473,-0.6743113398551941,0.8882586359977722,0.615358293056488,1.1108732223510742,-0.42616719007492065,0.7653705477714539,0.49046704173088074,0.8337550163269043,-0.7464141249656677,0.7396746277809143,0.5942613482475281,1.0860536098480225,-0.471971720457077,0.7784335017204285,0.49827906489372253,0.7909855246543884,-0.7452400922775269,0.7550157308578491,0.5933315753936768,1.0485976934432983,-0.39528900384902954,0.7771784663200378,0.4872654974460602,0.7842740416526794,-0.6738763451576233,0.7362278699874878,0.5650044679641724,1.0277084112167358,-0.01802177168428898,0.8012704849243164,0.43577316403388977,1.0242093801498413,0.01882595755159855,0.8057392239570618,0.5662863254547119,1.4552792310714722,0.09380347281694412,0.0920141339302063,0.4281941056251526,1.445167899131775,0.11224119365215302,0.06639426201581955,0.5639321804046631,1.804023265838623,0.46900880336761475,0.016886303201317787,0.4327206015586853,1.8035874366760254,0.4078863561153412,0.02144782245159149,0.5655514001846313,1.8513977527618408,0.48963022232055664,0.014502231031656265,0.43294912576675415,1.854056715965271,0.42868268489837646,0.03769448772072792,0.5453945398330688,1.9351164102554321,0.20490308105945587,0.007013679016381502,0.4458601176738739,1.9288567304611206,0.12114012986421585,0.022815586999058723,0.0,0.0,0.0,0.0,0.0,0.0,0.0,0.0,0.0,0.0,0.0,0.0,0.0,0.0,0.0,0.0,0.0,0.0,0.0,0.0,0.0,0.0,0.0,0.0,0.0,0.0,0.0,0.0,0.0,0.0,0.0,0.0,0.0,0.0,0.0,0.0,0.0,0.0,0.0,0.0,0.0,0.0,0.0,0.0,0.0,0.0,0.0,0.0,0.0,0.0,0.0,0.0,0.0,0.0,0.0,0.0,0.0,0.0,0.0,0.0,0.0,0.0,0.0,0.46684423089027405,0.7929940819740295,-1.8814192515037576e-07,0.4816409945487976,0.7482166886329651,0.0002518445544410497,0.4996311068534851,0.7166483402252197,-0.0006837916444055736,0.5129910707473755,0.6936749219894409,-0.002459059003740549,0.5185485482215881,0.67217618227005,-0.003686650423333049,0.5299462080001831,0.7592910528182983,0.00280062691308558,0.5398178100585938,0.7553302049636841,0.0040119243785738945,0.5323718190193176,0.7552409768104553,0.0033239119220525026,0.5236297845840454,0.7570546865463257,0.0024097098503261805,0.532386839389801,0.7867480516433716,0.0010129015427082777,0.5368989706039429,0.7840551733970642,0.005439950153231621,0.5292658805847168,0.7819280624389648,0.005545908585190773,0.5216609239578247,0.7840474247932434,0.0036117604468017817,0.5292148590087891,0.8130473494529724,-0.0005987377371639013,0.5352675318717957,0.8092538714408875,0.0023715177085250616,0.5278217196464539,0.8056827187538147,0.0038550077006220818,0.5191415548324585,0.8060449361801147,0.003267057938501239,0.5234384536743164,0.8373162150382996,-0.0023540991824120283,0.5350982546806335,0.8379676342010498,-0.0003126727824565023,0.5297002792358398,0.8331747055053711,0.003374079242348671,0.5216611623764038,0.8314181566238403,0.005815485492348671
0.5008639693260193,0.34101730585098267,-0.7707102298736572,0.9997789859771729,0.5135204195976257,0.29769986867904663,-0.7461774945259094,0.9995999932289124,0.5220197439193726,0.29598468542099,-0.7462524175643921,0.9996086359024048,0.529973566532135,0.2949168086051941,-0.7463093400001526,0.9995373487472534,0.4887823760509491,0.3007832169532776,-0.7474786043167114,0.999666690826416,0.4801276624202728,0.30090034008026123,-0.7475914359092712,0.9996923208236694,0.47278639674186707,0.29983091354370117,-0.7479358315467834,0.999681293964386,0.5403301119804382,0.30660003423690796,-0.5050272345542908,0.9996007084846497,0.4646793603897095,0.31155550479888916,-0.5073938369750977,0.9997618794441223,0.5179421901702881,0.3781464993953705,-0.6749467253684998,0.9999192953109741,0.48534488677978516,0.38273048400878906,-0.6753858923912048,0.9999455213546753,0.6115525364875793,0.5194422602653503,-0.3013435900211334,0.9996421337127686,0.3982020318508148,0.5132021903991699,-0.3164566159248352,0.9997963905334473,0.6629794239997864,0.8076872825622559,-0.21751999855041504,0.9839708209037781,0.33353573083877563,0.7886139750480652,-0.3972858190536499,0.9910894632339478,0.6154152154922485,1.0041686296463013,-0.38890570402145386,0.8804404139518738,0.44872674345970154,0.8185589909553528,-0.6792477369308472,0.888778030872345,0.6156964898109436,1.1069090366363525,-0.44148674607276917,0.7625632286071777,0.48845380544662476,0.8314031958580017,-0.751259446144104,0.739242672920227,0.5954181551933289,1.0830755233764648,-0.4856860339641571,0.775545597076416,0.49614185094833374,0.7885299324989319,-0.7499973177909851,0.754535436630249,0.5940701961517334,1.0449638366699219,-0.4082964062690735,0.7745195031166077,0.4849044978618622,0.7812898755073547,-0.6789697408676147,0.7356196641921997,0.5649186968803406,1.0278280973434448,-0.0185612253844738,0.803051769733429,0.43587610125541687,1.024718165397644,0.019403167068958282,0.8076086640357971,0.5654049515724182,1.453629493713379,0.089396171271801,0.08864783495664597,0.42868995666503906,1.4438576698303223,0.11390605568885803,0.06485316157341003,0.5628625154495239,1.8024152517318726,0.46897345781326294,0.01653369888663292,0.43240758776664734,1.8013933897018433,0.4280480742454529,0.02151302993297577,0.564865231513977,1.8498601913452148,0.49020370841026306,0.01407006848603487,0.43250179290771484,1.852480173110962,0.45046281814575195,0.03672507777810097,0.5435554385185242,1.9307349920272827,0.20861610770225525,0.006925932131707668,0.4440224766731262,1.923248529434204,0.1442420482635498,0.022799529135227203,0.0,0.0,0.0,0.0,0.0,0.0,0.0,0.0,0.0,0.0,0.0,0.0,0.0,0.0,0.0,0.0,0.0,0.0,0.0,0.0,0.0,0.0,0.0,0.0,0.0,0.0,0.0,0.0,0.0,0.0,0.0,0.0,0.0,0.0,0.0,0.0,0.0,0.0,0.0,0.0,0.0,0.0,0.0,0.0,0.0,0.0,0.0,0.0,0.0,0.0,0.0,0.0,0.0,0.0,0.0,0.0,0.0,0.0,0.0,0.0,0.0,0.0,0.0,0.4663613438606262,0.7921870946884155,-1.8371916610249173e-07,0.4816758334636688,0.7479149699211121,-0.00023838858760427684,0.4997241497039795,0.7165271043777466,-0.0014647385105490685,0.512880265712738,0.6931262016296387,-0.003407442243769765,0.5183092951774597,0.6713667511940002,-0.004763827659189701,0.5294350385665894,0.759394109249115,0.0018120082095265388,0.539776086807251,0.7550400495529175,0.0029231542721390724,0.5317270159721375,0.7532616257667542,0.0022590693552047014,0.5228509306907654,0.7542413473129272,0.0013361058663576841,0.5315428972244263,0.7874284386634827,0.0002719848707783967,0.5369859933853149,0.7831206321716309,0.004318433813750744,0.5290912985801697,0.7800467014312744,0.004487897735089064,0.5214192867279053,0.7824645638465881,0.002698318101465702,0.5281397700309753,0.8136203289031982,-0.0010727610206231475,0.5351354479789734,0.8085867166519165,0.0015139348106458783,0.5276710391044617,0.8040761947631836,0.00295999669469893,0.5187209248542786,0.8045061826705933,0.0025038165040314198,0.5222554206848145,0.8374472260475159,-0.002561702160164714,0.5349568128585815,0.8376114368438721,-0.0008759978227317333,0.5297414660453796,0.8316425085067749,0.002713941503316164,0.5214456915855408,0.8293570280075073,0.00518727907910943
0.5013521909713745,0.34111934900283813,-0.751931369304657,0.999776303768158,0.5136616826057434,0.29802146553993225,-0.7276178598403931,0.9995976686477661,0.5221067070960999,0.2963164746761322,-0.727688729763031,0.9996044039726257,0.5299646854400635,0.295169472694397,-0.7277372479438782,0.9995346665382385,0.48904016613960266,0.30083000659942627,-0.7287060022354126,0.9996650218963623,0.48040661215782166,0.3008500039577484,-0.728829026222229,0.9996903538703918,0.4728773534297943,0.2998802363872528,-0.729163408279419,0.9996803998947144,0.5402040481567383,0.3068104684352875,-0.49329039454460144,0.9995976686477661,0.46446284651756287,0.3119092285633087,-0.49255096912384033,0.9997619390487671,0.5182464122772217,0.37827780842781067,-0.6574337482452393,0.999919056892395,0.48599785566329956,0.382522851228714,-0.6577391028404236,0.9999454021453857,0.6115370988845825,0.5194702744483948,-0.28704121708869934,0.9996461272239685,0.39799296855926514,0.5139880180358887,-0.3034782111644745,0.9997953176498413,0.6641795635223389,0.8048253059387207,-0.19766610860824585,0.9840496182441711,0.3335050642490387,0.7879940271377563,-0.3832675814628601,0.991118848323822,0.6174312829971313,0.9970627427101135,-0.3740634620189667,0.882127046585083,0.4501301348209381,0.8198866248130798,-0.6639763116836548,0.889704167842865,0.6170331835746765,1.0919740200042725,-0.427421897649765,0.7646793723106384,0.4903729259967804,0.8353176712989807,-0.7372490167617798,0.7404077649116516,0.5966687798500061,1.064866304397583,-0.47238409519195557,0.7774855494499207,0.4978964030742645,0.7918275594711304,-0.7353855967521667,0.7557690143585205,0.5928167700767517,1.0149035453796387,-0.3937752842903137,0.7758212685585022,0.48680582642555237,0.7844840288162231,-0.6636055707931519,0.7366130948066711,0.565238893032074,1.0286660194396973,-0.016810355708003044,0.8123387098312378,0.43658098578453064,1.0252927541732788,0.017616746947169304,0.8163813948631287,0.5666669011116028,1.454140543937683,0.08615468442440033,0.09084462374448776,0.42949214577674866,1.4447402954101562,0.09989169239997864,0.06750163435935974,0.5643417835235596,1.8017908334732056,0.4749586880207062,0.01664057932794094,0.4337638020515442,1.8005702495574951,0.39455699920654297,0.02221486158668995,0.5660210251808167,1.8488825559616089,0.49738723039627075,0.014025104232132435,0.4337364137172699,1.8515541553497314,0.415561318397522,0.03638960048556328,0.5462671518325806,1.9300012588500977,0.21949145197868347,0.007060726173222065,0.4472898840904236,1.9224157333374023,0.11418352276086807,0.023297639563679695,0.0,0.0,0.0,0.0,0.0,0.0,0.0,0.0,0.0,0.0,0.0,0.0,0.0,0.0,0.0,0.0,0.0,0.0,0.0,0.0,0.0,0.0,0.0,0.0,0.0,0.0,0.0,0.0,0.0,0.0,0.0,0.0,0.0,0.0,0.0,0.0,0.0,0.0,0.0,0.0,0.0,0.0,0.0,0.0,0.0,0.0,0.0,0.0,0.0,0.0,0.0,0.0,0.0,0.0,0.0,0.0,0.0,0.0,0.0,0.0,0.0,0.0,0.0,0.46648988127708435,0.791110098361969,-1.8708118432186893e-07,0.48163124918937683,0.7467377781867981,-5.22034679306671e-05,0.49934399127960205,0.7154095768928528,-0.001327986130490899,0.5125818252563477,0.6923661231994629,-0.003404078306630254,0.5181925296783447,0.6708810329437256,-0.004919053521007299,0.5289853811264038,0.7573075294494629,0.001563610159792006,0.5395797491073608,0.7541627883911133,0.002298000268638134,0.5317317247390747,0.7542487978935242,0.0015537213766947389,0.5227227807044983,0.7559325695037842,0.0006899578729644418,0.5311148762702942,0.7848479747772217,-0.00021118181757628918,0.5369603633880615,0.7835309505462646,0.0036719904746860266,0.5289945006370544,0.7815566062927246,0.0038644878659397364,0.5211322903633118,0.78305983543396,0.002058049663901329,0.5278165936470032,0.8111990690231323,-0.0017890752060338855,0.5352413654327393,0.8086076974868774,0.0007145379204303026,0.5275923609733582,0.8052130937576294,0.002396959811449051,0.5186708569526672,0.8050340414047241,0.0020228249486535788,0.5218822360038757,0.8352608680725098,-0.0035026329569518566,0.5350580215454102,0.837009072303772,-0.0018507959321141243,0.5293359756469727,0.8321269750595093,0.001953467261046171,0.5208458304405212,0.8296607732772827,0.00453265942633152
0.5036706924438477,0.34245923161506653,-0.7525732517242432,0.999775230884552,0.5155379772186279,0.299593448638916,-0.7285357713699341,0.9995944499969482,0.5237663388252258,0.29780080914497375,-0.7286177277565002,0.9996005296707153,0.5310161709785461,0.296504408121109,-0.7286774516105652,0.9995298981666565,0.49101683497428894,0.301662802696228,-0.7312198877334595,0.9996639490127563,0.4826051592826843,0.30117326974868774,-0.7313462495803833,0.999690592288971,0.4743015170097351,0.3001187741756439,-0.7316846251487732,0.9996815919876099,0.5406597256660461,0.307699590921402,-0.4906695783138275,0.999593198299408,0.464467316865921,0.31242644786834717,-0.49857059121131897,0.9997648000717163,0.5194637179374695,0.3800905644893646,-0.6568549275398254,0.9999186396598816,0.48818865418434143,0.3828415274620056,-0.6592519283294678,0.9999459385871887,0.6115103960037231,0.5186631083488464,-0.28337422013282776,0.9996467232704163,0.3978263735771179,0.5143505930900574,-0.3101843297481537,0.9997963309288025,0.6638134717941284,0.8045923709869385,-0.1873246133327484,0.9839387536048889,0.3336403965950012,0.7876940965652466,-0.38823753595352173,0.9910224080085754,0.6174619197845459,0.9980000853538513,-0.3656567335128784,0.8833638429641724,0.4491581320762634,0.8179624080657959,-0.6657106280326843,0.8850977420806885,0.6178460717201233,1.0946029424667358,-0.4184752106666565,0.7658628821372986,0.49038171768188477,0.8350900411605835,-0.7381210923194885,0.7337063550949097,0.5965319871902466,1.0674903392791748,-0.4655904471874237,0.7785281538963318,0.4985552132129669,0.7910891771316528,-0.7373574376106262,0.7495607137680054,0.5920800566673279,1.0167642831802368,-0.3863820433616638,0.7761391401290894,0.486916720867157,0.7825029492378235,-0.6655341982841492,0.7304185628890991,0.5648866891860962,1.0285027027130127,-0.013873448595404625,0.8160911202430725,0.43712329864501953,1.0258443355560303,0.014617993496358395,0.81901615858078,0.5667751431465149,1.4533400535583496,0.10058137029409409,0.09121329337358475,0.4293370544910431,1.444727897644043,0.09875280410051346,0.06853868067264557,0.5643852949142456,1.8006430864334106,0.4778531491756439,0.016589516773819923,0.433956116437912,1.80075204372406,0.39569881558418274,0.022338896989822388,0.5655462145805359,1.8472033739089966,0.4993164837360382,0.014046703465282917,0.4340941607952118,1.8513575792312622,0.41654664278030396,0.035988278687000275,0.5465977191925049,1.9307258129119873,0.22139301896095276,0.0070767709985375404,0.4477390944957733,1.9236721992492676,0.1133633628487587,0.023269502446055412,0.0,0.0,0.0,0.0,0.0,0.0,0.0,0.0,0.0,0.0,0.0,0.0,0.0,0.0,0.0,0.0,0.0,0.0,0.0,0.0,0.0,0.0,0.0,0.0,0.0,0.0,0.0,0.0,0.0,0.0,0.0,0.0,0.0,0.0,0.0,0.0,0.0,0.0,0.0,0.0,0.0,0.0,0.0,0.0,0.0,0.0,0.0,0.0,0.0,0.0,0.0,0.0,0.0,0.0,0.0,0.0,0.0,0.0,0.0,0.0,0.0,0.0,0.0,0.4661976397037506,0.7906232476234436,-1.9010904850347288e-07,0.4817505478858948,0.7457966208457947,-4.6914428821764886e-05,0.4993266463279724,0.7142395973205566,-0.0015667940024286509,0.5125579833984375,0.6912277936935425,-0.00398797495290637,0.5185267329216003,0.6697707772254944,-0.005859971512109041,0.5284774303436279,0.7553812265396118,0.0012785184662789106,0.539766252040863,0.7532145977020264,0.0010467953979969025,0.5311030745506287,0.7530752420425415,-0.0004595870850607753,0.5214695334434509,0.7545947432518005,-0.0017190377693623304,0.530950665473938,0.7835043668746948,-0.0007834701100364327,0.5375301837921143,0.7817540764808655,0.002226995537057519,0.5291346311569214,0.7797454595565796,0.002136003691703081,0.5208461880683899,0.7818836569786072,0.0003187647380400449,0.5281233787536621,0.810234010219574,-0.0027236156165599823,0.5356622338294983,0.8070994019508362,-0.000727253791410476,0.5277479290962219,0.8035303950309753,0.0010054619051516056,0.5184613466262817,0.8039839267730713,0.0007990512531250715,0.5226287841796875,0.8346808552742004,-0.004845899064093828,0.5352979302406311,0.8362507820129395,-0.003200703766196966,0.5290384292602539,0.8306189179420471,0.0007721350993961096,0.5202404260635376,0.8281976580619812,0.0035120819229632616
0.5038846135139465,0.34415459632873535,-0.7310753464698792,0.9997749924659729,0.5158601403236389,0.3013623058795929,-0.7067512273788452,0.9995933175086975,0.5240496397018433,0.29940539598464966,-0.7068449258804321,0.9995989203453064,0.5311142206192017,0.297921359539032,-0.7069027423858643,0.9995279312133789,0.4911802113056183,0.3029661178588867,-0.7090871334075928,0.9996631145477295,0.4829097390174866,0.30191704630851746,-0.709198534488678,0.999690055847168,0.4744476079940796,0.30061984062194824,-0.7095409035682678,0.9996816515922546,0.5407496094703674,0.3083885908126831,-0.4718437194824219,0.9995931386947632,0.46429768204689026,0.31297799944877625,-0.4770030081272125,0.9997666478157043,0.5195462703704834,0.3821913003921509,-0.6366097927093506,0.9999188780784607,0.48846253752708435,0.3837626278400421,-0.6383788585662842,0.9999464750289917,0.6114753484725952,0.5182659029960632,-0.2698576748371124,0.9996488690376282,0.39768069982528687,0.5146403908729553,-0.29158177971839905,0.9997978806495667,0.663396418094635,0.8048770427703857,-0.17786476016044617,0.9836905002593994,0.3334013819694519,0.7880359292030334,-0.37864363193511963,0.991100549697876,0.617073118686676,0.9960669875144958,-0.35820484161376953,0.8844784498214722,0.44849976897239685,0.817242443561554,-0.6634294390678406,0.8837805986404419,0.6182642579078674,1.093958854675293,-0.4113823175430298,0.7681094408035278,0.48966485261917114,0.8326745629310608,-0.7365253567695618,0.732447624206543,0.5969102382659912,1.068457007408142,-0.4575631022453308,0.7806614637374878,0.497312992811203,0.7881760597229004,-0.7350490689277649,0.7485281229019165,0.5920190811157227,1.0172346830368042,-0.37875837087631226,0.778022825717926,0.4854266345500946,0.7797510623931885,-0.6632320880889893,0.7297360301017761,0.5646412372589111,1.028381109237671,-0.013906624168157578,0.815264880657196,0.4372446835041046,1.0262727737426758,0.01472033653408289,0.8176688551902771,0.5671732425689697,1.4539105892181396,0.09639661014080048,0.08891117572784424,0.4291420578956604,1.4453816413879395,0.09742178022861481,0.0673837959766388,0.5643648505210876,1.8015373945236206,0.4676070213317871,0.016039257869124413,0.43368053436279297,1.801503300666809,0.38360291719436646,0.021775275468826294,0.5655630230903625,1.8477238416671753,0.488336443901062,0.013561788946390152,0.4337679445743561,1.8519099950790405,0.403507262468338,0.034889016300439835,0.5464446544647217,1.9325851202011108,0.21054238080978394,0.00686888862401247,0.44758278131484985,1.924508810043335,0.10125208646059036,0.022626079618930817,0.0,0.0,0.0,0.0,0.0,0.0,0.0,0.0,0.0,0.0,0.0,0.0,0.0,0.0,0.0,0.0,0.0,0.0,0.0,0.0,0.0,0.0,0.0,0.0,0.0,0.0,0.0,0.0,0.0,0.0,0.0,0.0,0.0,0.0,0.0,0.0,0.0,0.0,0.0,0.0,0.0,0.0,0.0,0.0,0.0,0.0,0.0,0.0,0.0,0.0,0.0,0.0,0.0,0.0,0.0,0.0,0.0,0.0,0.0,0.0,0.0,0.0,0.0,0.4664830267429352,0.7892724871635437,-1.8826904124580324e-07,0.48165401816368103,0.7444255352020264,0.00034397884155623615,0.4991838335990906,0.7133747935295105,-0.0007124608382582664,0.5123024582862854,0.6905148029327393,-0.0025617368519306183,0.5179104804992676,0.6692453622817993,-0.0038763820193707943,0.5290260910987854,0.7550264000892639,0.0013874147552996874,0.5394641757011414,0.7522976398468018,0.002550804289057851,0.5316565036773682,0.7521865367889404,0.002304328139871359,0.522697925567627,0.7536752223968506,0.0017342799110338092,0.5312344431877136,0.7825779914855957,-0.00043084504432044923,0.5368481874465942,0.7811548709869385,0.003833628026768565,0.52900630235672,0.7790993452072144,0.004326438065618277,0.5212863683700562,0.780724287033081,0.0026279555168002844,0.5278747081756592,0.8090078234672546,-0.0019435302820056677,0.5348737239837646,0.8059980273246765,0.0009378674440085888,0.5273268222808838,0.8026306629180908,0.0027347966097295284,0.5185190439224243,0.8025554418563843,0.0022876327857375145,0.5219242572784424,0.8332395553588867,-0.003550988156348467,0.5344780087471008,0.8347878456115723,-0.001677889609709382,0.5288007855415344,0.8299661874771118,0.0021251908037811518,0.5205535888671875,0.827637791633606,0.004616589285433292
0.5042600035667419,0.34468862414360046,-0.7448477149009705,0.9997745752334595,0.5162976980209351,0.30173149704933167,-0.7203593850135803,0.9995927214622498,0.5244596004486084,0.29971015453338623,-0.7204521894454956,0.9995982050895691,0.5313507318496704,0.29819226264953613,-0.7205075621604919,0.9995266199111938,0.49156877398490906,0.3033267557621002,-0.7223921418190002,0.9996613264083862,0.4832976460456848,0.30215027928352356,-0.7225021123886108,0.999688446521759,0.4747946858406067,0.3007667362689972,-0.7228444218635559,0.9996803998947144,0.5408857464790344,0.308788001537323,-0.48295316100120544,0.9995939135551453,0.4643092751502991,0.31324031949043274,-0.4863746464252472,0.9997669458389282,0.5196388959884644,0.3827277421951294,-0.649385392665863,0.9999194741249084,0.48853883147239685,0.38429126143455505,-0.650744616985321,0.9999470114707947,0.6114875078201294,0.5183921456336975,-0.2806796729564667,0.9996523261070251,0.3975137770175934,0.5148247480392456,-0.2986481487751007,0.9997979998588562,0.662886381149292,0.8072216510772705,-0.18831558525562286,0.983434796333313,0.33251744508743286,0.7880553007125854,-0.3894485533237457,0.9910563826560974,0.6162697076797485,0.9995876550674438,-0.3692065179347992,0.8854007124900818,0.44770893454551697,0.8158268332481384,-0.6794329881668091,0.8835304379463196,0.6162378787994385,1.098296880722046,-0.4233403503894806,0.7699706554412842,0.48908308148384094,0.8327900767326355,-0.754149317741394,0.7321644425392151,0.595819890499115,1.0733181238174438,-0.46915721893310547,0.782504141330719,0.4973217844963074,0.7878887057304382,-0.752549946308136,0.7482713460922241,0.5936879515647888,1.037750005722046,-0.3896750509738922,0.7797731161117554,0.4853934943675995,0.7790838479995728,-0.6794712543487549,0.7298309206962585,0.5647639632225037,1.029215693473816,-0.016587330028414726,0.8154813647270203,0.43748533725738525,1.026524543762207,0.017442183569073677,0.8172324895858765,0.567013144493103,1.4556143283843994,0.0962986946105957,0.08779343962669373,0.4279349148273468,1.4459670782089233,0.10866320133209229,0.06617432832717896,0.5640019774436951,1.8015620708465576,0.49560052156448364,0.01557416096329689,0.4327504336833954,1.8009134531021118,0.41293567419052124,0.02119366079568863,0.5652828812599182,1.8476115465164185,0.518703043460846,0.013272185809910297,0.43284544348716736,1.8512864112854004,0.43490472435951233,0.03410246968269348,0.5461123585700989,1.9328714609146118,0.23846983909606934,0.006701369304209948,0.4469742476940155,1.9246677160263062,0.12998828291893005,0.022190572693943977,0.0,0.0,0.0,0.0,0.0,0.0,0.0,0.0,0.0,0.0,0.0,0.0,0.0,0.0,0.0,0.0,0.0,0.0,0.0,0.0,0.0,0.0,0.0,0.0,0.0,0.0,0.0,0.0,0.0,0.0,0.0,0.0,0.0,0.0,0.0,0.0,0.0,0.0,0.0,0.0,0.0,0.0,0.0,0.0,0.0,0.0,0.0,0.0,0.0,0.0,0.0,0.0,0.0,0.0,0.0,0.0,0.0,0.0,0.0,0.0,0.0,0.0,0.0,0.46550020575523376,0.789400041103363,-1.9077585022841959e-07,0.4809076189994812,0.7449100017547607,0.0002787088742479682,0.4988599121570587,0.713994562625885,-0.0007930165156722069,0.5122056603431702,0.6910089254379272,-0.0027694925665855408,0.5178186297416687,0.6690999865531921,-0.004193958360701799,0.5280721187591553,0.7545067667961121,0.001733448007144034,0.5398684740066528,0.7518314123153687,0.002003258327022195,0.5321453809738159,0.7514199018478394,0.0011408424470573664,0.5228222608566284,0.7527979016304016,0.0003186370013281703,0.5299928784370422,0.781902015209198,-0.00030989188235253096,0.5377385020256042,0.781083881855011,0.003143790876492858,0.5297991633415222,0.7784032225608826,0.0035186652094125748,0.5216759443283081,0.7797795534133911,0.001976568019017577,0.5267093777656555,0.8082455992698669,-0.0022160743828862906,0.5357523560523987,0.8060444593429565,-0.00017069959721993655,0.5280112028121948,0.8020098209381104,0.0017407821724191308,0.5188692212104797,0.801956057548523,0.001650812802836299,0.5207535028457642,0.8324904441833496,-0.004230531398206949,0.5349709987640381,0.8348588347434998,-0.002881512977182865,0.5292294025421143,0.8293190002441406,0.000983022153377533,0.5206260681152344,0.8269879817962646,0.0036502513103187084
0.5040231943130493,0.3454758822917938,-0.7491472959518433,0.9997735023498535,0.5161625146865845,0.30251970887184143,-0.7248185276985168,0.9995922446250916,0.5243551135063171,0.30048617720603943,-0.7249009609222412,0.9995976090431213,0.5312726497650146,0.29893800616264343,-0.724949300289154,0.9995250701904297,0.4914436936378479,0.3040043115615845,-0.7268500924110413,0.9996598958969116,0.4831428527832031,0.3026132583618164,-0.7269738912582397,0.9996871948242188,0.47473856806755066,0.3010830581188202,-0.7273141145706177,0.9996793866157532,0.5408110022544861,0.30937618017196655,-0.4885641932487488,0.9995951652526855,0.4643290936946869,0.31364333629608154,-0.4922921061515808,0.9997676610946655,0.5194127559661865,0.3836437463760376,-0.6540271639823914,0.9999194145202637,0.48833972215652466,0.38493674993515015,-0.6554362773895264,0.9999473690986633,0.611524224281311,0.518710732460022,-0.2829802334308624,0.9996530413627625,0.39735710620880127,0.5150309205055237,-0.3036750555038452,0.999797523021698,0.6633188724517822,0.8074402809143066,-0.18855424225330353,0.9830533862113953,0.3327420949935913,0.7883936762809753,-0.39206981658935547,0.9909858703613281,0.6161326766014099,1.0008816719055176,-0.3688092827796936,0.8847358822822571,0.44780367612838745,0.8174355626106262,-0.6820195317268372,0.8833987712860107,0.6166083216667175,1.0999468564987183,-0.4218007028102875,0.7700380086898804,0.4889731705188751,0.8328765034675598,-0.7564313411712646,0.7320167422294617,0.5957863926887512,1.0741583108901978,-0.4677290618419647,0.7826808094978333,0.4966023862361908,0.7880838513374329,-0.7542256712913513,0.7483197450637817,0.5934696197509766,1.0385147333145142,-0.38918229937553406,0.7797512412071228,0.48476648330688477,0.7798330187797546,-0.6817073225975037,0.7299129962921143,0.5645580887794495,1.0289971828460693,-0.01465523149818182,0.8181904554367065,0.4369376003742218,1.0265278816223145,0.015461763367056847,0.8195667862892151,0.5672025084495544,1.4557890892028809,0.09660591185092926,0.08953090012073517,0.4278424084186554,1.4454160928726196,0.09885840862989426,0.0671587809920311,0.5643466114997864,1.8009438514709473,0.49279171228408813,0.015588851645588875,0.43284904956817627,1.7999414205551147,0.3961696922779083,0.021214624866843224,0.5654773116111755,1.8467847108840942,0.5155571699142456,0.013318542391061783,0.43292295932769775,1.8502622842788696,0.4172205626964569,0.03386220708489418,0.5469581484794617,1.932424545288086,0.2364688515663147,0.00671331537887454,0.44804006814956665,1.9239054918289185,0.11347276717424393,0.02205725945532322,0.0,0.0,0.0,0.0,0.0,0.0,0.0,0.0,0.0,0.0,0.0,0.0,0.0,0.0,0.0,0.0,0.0,0.0,0.0,0.0,0.0,0.0,0.0,0.0,0.0,0.0,0.0,0.0,0.0,0.0,0.0,0.0,0.0,0.0,0.0,0.0,0.0,0.0,0.0,0.0,0.0,0.0,0.0,0.0,0.0,0.0,0.0,0.0,0.0,0.0,0.0,0.0,0.0,0.0,0.0,0.0,0.0,0.0,0.0,0.0,0.0,0.0,0.0,0.46674662828445435,0.7891010642051697,-1.8357420117354195e-07,0.48140498995780945,0.7441335320472717,0.0005707537638954818,0.49877306818962097,0.7126926779747009,-0.0003181661304552108,0.511934220790863,0.6894842982292175,-0.0020477804355323315,0.5175074934959412,0.6679486036300659,-0.003235699376091361,0.528876543045044,0.7539651989936829,0.002034729113802314,0.539484977722168,0.7512722015380859,0.003774118609726429,0.5323522686958313,0.7519000768661499,0.003987180534750223,0.5237963199615479,0.7534229755401611,0.0036997958086431026,0.5313721299171448,0.7815216779708862,0.0002929765614680946,0.5367487668991089,0.7803637981414795,0.0051350779831409454,0.5292263031005859,0.7784123420715332,0.005821381229907274,0.5216909646987915,0.7799599766731262,0.004201317206025124,0.5281752347946167,0.8080005049705505,-0.0011211007367819548,0.534970223903656,0.8050805926322937,0.0022855151910334826,0.5276555418968201,0.8016492128372192,0.004038691055029631,0.5189931988716125,0.8015127182006836,0.003484618617221713,0.5223801732063293,0.8321858048439026,-0.002613432239741087,0.5347269773483276,0.833794355392456,-0.00024020863929763436,0.5295494794845581,0.8288236260414124,0.0035692232195287943,0.5216031670570374,0.8262633681297302,0.0059818606823682785
0.5035808682441711,0.3456386625766754,-0.7342211008071899,0.9997700452804565,0.5159038305282593,0.30259862542152405,-0.709891140460968,0.9995874762535095,0.5241380929946899,0.3006402254104614,-0.7099798321723938,0.9995927214622498,0.5310911536216736,0.2991812825202942,-0.7100270986557007,0.9995185136795044,0.49113962054252625,0.3041001558303833,-0.7116334438323975,0.9996548891067505,0.4828376770019531,0.3027346432209015,-0.7117500901222229,0.9996823668479919,0.474545955657959,0.3011758625507355,-0.7120958566665649,0.9996753931045532,0.5408332943916321,0.30980202555656433,-0.4754200577735901,0.9995905160903931,0.4643787443637848,0.31385913491249084,-0.47770625352859497,0.9997650980949402,0.51906418800354,0.38381120562553406,-0.6397894024848938,0.999918520450592,0.48776352405548096,0.38522401452064514,-0.6408481001853943,0.9999470710754395,0.6115326285362244,0.5189403891563416,-0.2706134021282196,0.9996488690376282,0.39726489782333374,0.5153645873069763,-0.29101139307022095,0.9997944235801697,0.6629310250282288,0.8076744079589844,-0.17682228982448578,0.9825846552848816,0.333105206489563,0.7885366082191467,-0.38267889618873596,0.990885317325592,0.6157369613647461,0.9990769028663635,-0.35707128047943115,0.8850394487380981,0.44710448384284973,0.8165835738182068,-0.6728523969650269,0.8843687176704407,0.6169541478157043,1.0983773469924927,-0.4095492362976074,0.7719042897224426,0.4887884259223938,0.8317953944206238,-0.7473418712615967,0.7340199947357178,0.5961970686912537,1.072605013847351,-0.45558977127075195,0.784595251083374,0.49616774916648865,0.7873460054397583,-0.7446926236152649,0.7502870559692383,0.5933910608291626,1.0372663736343384,-0.3775086998939514,0.7814094424247742,0.48431074619293213,0.7791621088981628,-0.6724769473075867,0.7320541143417358,0.5646119713783264,1.0291932821273804,-0.014214781112968922,0.8208491206169128,0.4367128312587738,1.026701807975769,0.015034674666821957,0.8217863440513611,0.567413866519928,1.457034707069397,0.08989352732896805,0.09046812355518341,0.4273037910461426,1.4463486671447754,0.08959801495075226,0.0682731419801712,0.5651268362998962,1.8019250631332397,0.4792313873767853,0.015402776189148426,0.432837575674057,1.8015034198760986,0.380109041929245,0.021245429292321205,0.5662503838539124,1.8476771116256714,0.5015749335289001,0.013249783776700497,0.4329637289047241,1.8516433238983154,0.40048733353614807,0.03350340202450752,0.5479450821876526,1.9347007274627686,0.22290341556072235,0.006716293282806873,0.4488304853439331,1.9266316890716553,0.09682481735944748,0.022099053487181664,0.0,0.0,0.0,0.0,0.0,0.0,0.0,0.0,0.0,0.0,0.0,0.0,0.0,0.0,0.0,0.0,0.0,0.0,0.0,0.0,0.0,0.0,0.0,0.0,0.0,0.0,0.0,0.0,0.0,0.0,0.0,0.0,0.0,0.0,0.0,0.0,0.0,0.0,0.0,0.0,0.0,0.0,0.0,0.0,0.0,0.0,0.0,0.0,0.0,0.0,0.0,0.0,0.0,0.0,0.0,0.0,0.0,0.0,0.0,0.0,0.0,0.0,0.0,0.46488359570503235,0.7891219854354858,-1.8725195616298151e-07,0.48058122396469116,0.7437635064125061,0.0007728232885710895,0.49842774868011475,0.7129768133163452,0.00018148505478166044,0.5120612382888794,0.6899329423904419,-0.0012865355238318443,0.5182105302810669,0.6686345934867859,-0.002213739790022373,0.5280786156654358,0.7543781399726868,0.0027309833094477654,0.5395777821540833,0.7511851787567139,0.004454241134226322,0.5322718620300293,0.75059974193573,0.004661071114242077,0.5235623717308044,0.7516516447067261,0.004453806672245264,0.5304392576217651,0.7821831703186035,0.0010818422306329012,0.5370804071426392,0.7798040509223938,0.005822156555950642,0.5294507145881653,0.7765579223632812,0.006494111847132444,0.5217502117156982,0.7780373096466064,0.004998579155653715,0.5272272825241089,0.8086032867431641,-0.0002697659656405449,0.5350866317749023,0.8044041991233826,0.0030280190985649824,0.527714729309082,0.799938976764679,0.0046927668154239655,0.5188746452331543,0.79998779296875,0.004215338733047247,0.5214923620223999,0.8324851393699646,-0.001659391331486404,0.5345004200935364,0.8334381580352783,0.0007728381315246224,0.5291096568107605,0.8274616003036499,0.00460077403113246,0.5208229422569275,0.8249621391296387,0.007089528255164623
0.5035954117774963,0.34544387459754944,-0.7477471232414246,0.9997687339782715,0.515981912612915,0.3024635314941406,-0.72357577085495,0.9995874166488647,0.5241690278053284,0.30061060190200806,-0.7236607074737549,0.9995924234390259,0.5310988426208496,0.2992640733718872,-0.7237275838851929,0.9995179176330566,0.49132686853408813,0.3039416968822479,-0.7248709797859192,0.9996539354324341,0.48296812176704407,0.30269208550453186,-0.7249985337257385,0.9996813535690308,0.47470521926879883,0.30121833086013794,-0.7253370881080627,0.9996749758720398,0.5407208204269409,0.3101291358470917,-0.48847445845603943,0.9995900392532349,0.4644666910171509,0.3137366771697998,-0.48878440260887146,0.9997631311416626,0.5189501643180847,0.38345691561698914,-0.6530320048332214,0.99991774559021,0.48752468824386597,0.38523709774017334,-0.6534845232963562,0.9999468326568604,0.6115333437919617,0.5202183723449707,-0.28472986817359924,0.9996417760848999,0.39716461300849915,0.51572585105896,-0.2960672378540039,0.9997912645339966,0.6635376811027527,0.8093252182006836,-0.18970949947834015,0.9827276468276978,0.3326389491558075,0.7880243062973022,-0.38224655389785767,0.9907121062278748,0.6165390610694885,1.0062977075576782,-0.36484894156455994,0.8838251233100891,0.44620707631111145,0.8179682493209839,-0.6700106859207153,0.883639931678772,0.6165869832038879,1.1019145250320435,-0.4161529242992401,0.7704140543937683,0.4880211651325226,0.8326008915901184,-0.7429782748222351,0.7332448959350586,0.5966405272483826,1.0771615505218506,-0.4616789221763611,0.7830861210823059,0.4953534007072449,0.7877606153488159,-0.7402999997138977,0.7495530247688293,0.5919196605682373,1.0260487794876099,-0.3846744894981384,0.7795870304107666,0.4831956624984741,0.7798315286636353,-0.6693150401115417,0.730930507183075,0.5642287135124207,1.0299105644226074,-0.018618730828166008,0.8251847624778748,0.4357304871082306,1.0268292427062988,0.019391903653740883,0.8250970244407654,0.5644434690475464,1.4581925868988037,0.08951950818300247,0.09572403877973557,0.426659494638443,1.446931004524231,0.09919138252735138,0.07332278043031693,0.5625647306442261,1.8029366731643677,0.4762803912162781,0.01683848537504673,0.43211111426353455,1.801938772201538,0.38622650504112244,0.023473508656024933,0.564057469367981,1.8490618467330933,0.4981901943683624,0.014346235431730747,0.43253612518310547,1.8518905639648438,0.4060613512992859,0.03630976378917694,0.5447190999984741,1.9342570304870605,0.22084784507751465,0.007346271071583033,0.4453662633895874,1.9267116785049438,0.1049463227391243,0.024051131680607796,0.0,0.0,0.0,0.0,0.0,0.0,0.0,0.0,0.0,0.0,0.0,0.0,0.0,0.0,0.0,0.0,0.0,0.0,0.0,0.0,0.0,0.0,0.0,0.0,0.0,0.0,0.0,0.0,0.0,0.0,0.0,0.0,0.0,0.0,0.0,0.0,0.0,0.0,0.0,0.0,0.0,0.0,0.0,0.0,0.0,0.0,0.0,0.0,0.0,0.0,0.0,0.0,0.0,0.0,0.0,0.0,0.0,0.0,0.0,0.0,0.0,0.0,0.0,0.4646444618701935,0.789272665977478,-1.8887318731231062e-07,0.48019731044769287,0.7437320947647095,0.0011188191128894687,0.49817365407943726,0.7129496335983276,0.0007712006918154657,0.5119245648384094,0.6897340416908264,-0.00048475078074261546,0.5181432962417603,0.6683678030967712,-0.0012447598855942488,0.5282710194587708,0.7545929551124573,0.003470467869192362,0.5392283797264099,0.7504457831382751,0.005981258116662502,0.5318464040756226,0.7500333189964294,0.006580145098268986,0.5233254432678223,0.7514536380767822,0.006511831656098366,0.5308225750923157,0.7822645902633667,0.0018515337724238634,0.5364333391189575,0.7792162895202637,0.0072620585560798645,0.5286604166030884,0.7759755849838257,0.007909825071692467,0.520975649356842,0.7776104211807251,0.0062894271686673164,0.5275176167488098,0.8085916042327881,0.0006276910426095128,0.5345490574836731,0.8038403391838074,0.004427045583724976,0.5270292162895203,0.7993043661117554,0.005866958759725094,0.5181209444999695,0.7993267178535461,0.005142392124980688,0.5217428207397461,0.8323173522949219,-0.0005894431378692389,0.5341851711273193,0.8331701159477234,0.0021543013863265514,0.528836190700531,0.8272592425346375,0.005911624524742365,0.5205403566360474,0.8246666789054871,0.008312446065247059
0.5044298768043518,0.34524983167648315,-0.7500104308128357,0.9997705221176147,0.5165712237358093,0.3022006154060364,-0.7252652049064636,0.9995929002761841,0.5246320962905884,0.30041128396987915,-0.7253363132476807,0.9995973706245422,0.5313757061958313,0.299122154712677,-0.7254063487052917,0.999525249004364,0.49203595519065857,0.30365821719169617,-0.727462887763977,0.9996575117111206,0.48359784483909607,0.30262064933776855,-0.7275838255882263,0.9996838569641113,0.47527024149894714,0.3011518716812134,-0.7279131412506104,0.9996780157089233,0.5407050251960754,0.31017112731933594,-0.487142950296402,0.9995971322059631,0.4645669162273407,0.3135715425014496,-0.4918273389339447,0.9997653365135193,0.5194340944290161,0.3831241726875305,-0.6541755199432373,0.9999192953109741,0.4882010519504547,0.3852093517780304,-0.655832052230835,0.9999477863311768,0.611531674861908,0.5205911993980408,-0.2841334640979767,0.9996485114097595,0.3969953656196594,0.516173779964447,-0.3019106984138489,0.9997922778129578,0.6639969944953918,0.807176947593689,-0.19363223016262054,0.9829316735267639,0.33231082558631897,0.7879871726036072,-0.3899447023868561,0.9907769560813904,0.6178883910179138,1.0028878450393677,-0.3717423677444458,0.883206307888031,0.44670331478118896,0.8186220526695251,-0.6756597757339478,0.8850693702697754,0.6174175143241882,1.0985770225524902,-0.42417946457862854,0.769787609577179,0.48829472064971924,0.8339802026748657,-0.7492393255233765,0.7351970672607422,0.5969353914260864,1.0705002546310425,-0.46904367208480835,0.7826097011566162,0.4956669211387634,0.7889142036437988,-0.7463853359222412,0.7514975070953369,0.5926712155342102,1.018562912940979,-0.39146479964256287,0.7785720825195312,0.4838719069957733,0.7806576490402222,-0.6749051809310913,0.7324205040931702,0.5650073289871216,1.0294866561889648,-0.01777658239006996,0.8276040554046631,0.4357638657093048,1.0269025564193726,0.018541865050792694,0.8270439505577087,0.5660849213600159,1.458707571029663,0.08656594902276993,0.09975837171077728,0.42757174372673035,1.4479997158050537,0.09683313965797424,0.07638474553823471,0.5642667412757874,1.803356409072876,0.4843349754810333,0.01788247749209404,0.43262237310409546,1.801861047744751,0.39210250973701477,0.024871233850717545,0.5657788515090942,1.8495979309082031,0.5075145959854126,0.014969062991440296,0.43289464712142944,1.8516309261322021,0.41293591260910034,0.03775333613157272,0.546897828578949,1.9334651231765747,0.2299637496471405,0.007753654848784208,0.44716018438339233,1.926179051399231,0.111414335668087,0.0250332560390234,0.0,0.0,0.0,0.0,0.0,0.0,0.0,0.0,0.0,0.0,0.0,0.0,0.0,0.0,0.0,0.0,0.0,0.0,0.0,0.0,0.0,0.0,0.0,0.0,0.0,0.0,0.0,0.0,0.0,0.0,0.0,0.0,0.0,0.0,0.0,0.0,0.0,0.0,0.0,0.0,0.0,0.0,0.0,0.0,0.0,0.0,0.0,0.0,0.0,0.0,0.0,0.0,0.0,0.0,0.0,0.0,0.0,0.0,0.0,0.0,0.0,0.0,0.0,0.4644126296043396,0.7902092933654785,-1.9904382497770712e-07,0.4795982539653778,0.7454602718353271,0.0012940820306539536,0.4978348910808563,0.7141501903533936,0.0007006066152825952,0.5115344524383545,0.6905325651168823,-0.0008764591766521335,0.517245888710022,0.6683375835418701,-0.0019394251285120845,0.5283041000366211,0.7536309957504272,0.002648603171110153,0.539298415184021,0.7505098581314087,0.004279484041035175,0.5316904187202454,0.751321017742157,0.004446697421371937,0.5225356221199036,0.7531658411026001,0.004179783631116152,0.5309993624687195,0.7808973789215088,0.0005488758906722069,0.5360831618309021,0.7802063226699829,0.005565982311964035,0.5282068848609924,0.7785614132881165,0.006253437139093876,0.5204355716705322,0.7803148627281189,0.0045815445482730865,0.5279553532600403,0.8075514435768127,-0.0011843674583360553,0.5341320037841797,0.8054801821708679,0.0023718727752566338,0.5263372659683228,0.8020222187042236,0.004133202135562897,0.5174846649169922,0.8018773794174194,0.0035083943512290716,0.522278368473053,0.831882119178772,-0.0029396782629191875,0.5337702631950378,0.8336347937583923,-0.0003911294334102422,0.5279379487037659,0.8287551403045654,0.0034830609802156687,0.5196136236190796,0.8265925645828247,0.0059128510765731335
0.5043704509735107,0.3453277051448822,-0.7674747109413147,0.9997740983963013,0.51621413230896,0.3022759258747101,-0.7426608800888062,0.9995982050895691,0.5242905020713806,0.3005050718784332,-0.7427317500114441,0.9996031522750854,0.5310676693916321,0.2992006242275238,-0.7428043484687805,0.9995313286781311,0.49180448055267334,0.30364304780960083,-0.7448181509971619,0.9996616244316101,0.4834154546260834,0.3026144504547119,-0.7449581027030945,0.9996877908706665,0.4751434028148651,0.3013303279876709,-0.7452934980392456,0.9996808171272278,0.540354311466217,0.31023192405700684,-0.5012050271034241,0.9996020197868347,0.46455293893814087,0.3138524293899536,-0.5075367093086243,0.9997672438621521,0.5194424986839294,0.3831224739551544,-0.6710147857666016,0.9999198317527771,0.48834696412086487,0.3852112591266632,-0.672707736492157,0.9999483823776245,0.611509382724762,0.5215025544166565,-0.29935216903686523,0.9996429681777954,0.39712128043174744,0.5167371034622192,-0.3140401542186737,0.9997910857200623,0.6640689373016357,0.8086491823196411,-0.2045908123254776,0.9830198287963867,0.331886351108551,0.7869963049888611,-0.3920903503894806,0.9905760288238525,0.6178467869758606,1.0104293823242188,-0.376308798789978,0.8809541463851929,0.444872111082077,0.8184776306152344,-0.6688710451126099,0.8840822577476501,0.618529736995697,1.1088523864746094,-0.42802754044532776,0.766684353351593,0.4857942461967468,0.8325233459472656,-0.7408734560012817,0.7329240441322327,0.5971387624740601,1.0812944173812866,-0.47353485226631165,0.779686689376831,0.493793785572052,0.7887011766433716,-0.7393738627433777,0.7493404150009155,0.5929872393608093,1.049309492111206,-0.3961518108844757,0.7752640843391418,0.48205307126045227,0.7809471487998962,-0.6682637929916382,0.7296884655952454,0.5646580457687378,1.0292575359344482,-0.018782325088977814,0.8258442878723145,0.43554192781448364,1.0270241498947144,0.019529936835169792,0.826077401638031,0.5666905045509338,1.4585950374603271,0.08928187191486359,0.10553453117609024,0.42975032329559326,1.448583722114563,0.10769746452569962,0.08018802106380463,0.5652790665626526,1.80303955078125,0.49291715025901794,0.019588029012084007,0.4342409372329712,1.8020354509353638,0.406395822763443,0.027320638298988342,0.5668423771858215,1.849729061126709,0.5151111483573914,0.016041042283177376,0.43447479605674744,1.8521332740783691,0.42720744013786316,0.04108956828713417,0.5477526783943176,1.9317423105239868,0.2379327118396759,0.008351129479706287,0.44789132475852966,1.9246485233306885,0.1273205578327179,0.026790427044034004,0.0,0.0,0.0,0.0,0.0,0.0,0.0,0.0,0.0,0.0,0.0,0.0,0.0,0.0,0.0,0.0,0.0,0.0,0.0,0.0,0.0,0.0,0.0,0.0,0.0,0.0,0.0,0.0,0.0,0.0,0.0,0.0,0.0,0.0,0.0,0.0,0.0,0.0,0.0,0.0,0.0,0.0,0.0,0.0,0.0,0.0,0.0,0.0,0.0,0.0,0.0,0.0,0.0,0.0,0.0,0.0,0.0,0.0,0.0,0.0,0.0,0.0,0.0,0.465496301651001,0.7883157730102539,-1.9076219359703828e-07,0.48072612285614014,0.7442446947097778,0.0005456200451590121,0.4983741044998169,0.7132667303085327,-0.0005756630562245846,0.5117114782333374,0.6901973485946655,-0.002656544093042612,0.5176293253898621,0.6687268614768982,-0.004270773380994797,0.5287125706672668,0.7538689970970154,0.0026114615611732006,0.5390391945838928,0.7506653666496277,0.003650589380413294,0.5311655402183533,0.7512760162353516,0.0028884410858154297,0.5223354697227478,0.7531446218490601,0.00195686100050807,0.5311884880065918,0.7815847992897034,0.0006196546601131558,0.5359609127044678,0.7799676060676575,0.004934984724968672,0.5280541181564331,0.777832567691803,0.004887812305241823,0.5201264023780823,0.7797918319702148,0.0028704949654638767,0.5279365181922913,0.8080968856811523,-0.0011291789123788476,0.5341060161590576,0.8052183389663696,0.0017547080060467124,0.5262305736541748,0.8013290166854858,0.003053348045796156,0.5172224640846252,0.8013809323310852,0.0023663067258894444,0.5221664905548096,0.832400381565094,-0.002976844785735011,0.5338008403778076,0.8336429595947266,-0.0009907889179885387,0.5281180143356323,0.8285650014877319,0.002669960493221879,0.519821286201477,0.8265791535377502,0.005124121904373169
0.5049612522125244,0.3456012010574341,-0.7735496163368225,0.9997738003730774,0.5166844129562378,0.30244946479797363,-0.7483764290809631,0.9995962977409363,0.5247260332107544,0.3006643056869507,-0.7484580278396606,0.9996014833450317,0.531343936920166,0.2993515133857727,-0.7485470175743103,0.9995276927947998,0.4921565651893616,0.3037177622318268,-0.7510101795196533,0.9996610283851624,0.4836297631263733,0.30263546109199524,-0.7511654496192932,0.9996883869171143,0.47528016567230225,0.3014768064022064,-0.7515085935592651,0.9996809959411621,0.5405079126358032,0.3102759122848511,-0.501922070980072,0.9995987415313721,0.46449533104896545,0.31411147117614746,-0.511700451374054,0.9997669458389282,0.5197995901107788,0.38332533836364746,-0.6752737760543823,0.9999184012413025,0.48873335123062134,0.38526275753974915,-0.6777247190475464,0.9999479651451111,0.6114703416824341,0.5214521288871765,-0.3014656901359558,0.9996256828308105,0.397129625082016,0.5171594619750977,-0.3186481297016144,0.9997872710227966,0.6636888980865479,0.8104730844497681,-0.20901750028133392,0.9829146862030029,0.3318272531032562,0.7855618596076965,-0.3993397653102875,0.9904716610908508,0.6178117394447327,1.012558937072754,-0.3806493580341339,0.87734055519104,0.4461591839790344,0.819388747215271,-0.6768170595169067,0.8845269680023193,0.6186050176620483,1.1099070310592651,-0.43160295486450195,0.7621380090713501,0.48823729157447815,0.8314787149429321,-0.7484222054481506,0.7330328822135925,0.5973077416419983,1.083565354347229,-0.4769200086593628,0.7752805948257446,0.4950859248638153,0.7886448502540588,-0.7465217113494873,0.7494010329246521,0.59245365858078,1.050737977027893,-0.40036678314208984,0.7703748941421509,0.4831806421279907,0.7812813520431519,-0.6760260462760925,0.7286253571510315,0.5640981793403625,1.0297578573226929,-0.021030955016613007,0.822293758392334,0.4357701539993286,1.0271269083023071,0.0217609703540802,0.8236792087554932,0.5651488900184631,1.4588804244995117,0.08732123672962189,0.11335337162017822,0.429921954870224,1.4484220743179321,0.10720537602901459,0.0852060317993164,0.5635761022567749,1.8035496473312378,0.48361924290657043,0.02151927538216114,0.4345083236694336,1.8023408651351929,0.40105465054512024,0.03044145368039608,0.5652858018875122,1.8504729270935059,0.5055821537971497,0.017197800800204277,0.4351803958415985,1.852553367614746,0.42142876982688904,0.04523171856999397,0.5453787446022034,1.931763768196106,0.22745688259601593,0.009102744050323963,0.445322722196579,1.9246830940246582,0.12078234553337097,0.029094869270920753,0.0,0.0,0.0,0.0,0.0,0.0,0.0,0.0,0.0,0.0,0.0,0.0,0.0,0.0,0.0,0.0,0.0,0.0,0.0,0.0,0.0,0.0,0.0,0.0,0.0,0.0,0.0,0.0,0.0,0.0,0.0,0.0,0.0,0.0,0.0,0.0,0.0,0.0,0.0,0.0,0.0,0.0,0.0,0.0,0.0,0.0,0.0,0.0,0.0,0.0,0.0,0.0,0.0,0.0,0.0,0.0,0.0,0.0,0.0,0.0,0.0,0.0,0.0,0.46433332562446594,0.7887020707130432,-1.9597720779529482e-07,0.47990939021110535,0.7447896599769592,0.0012999771861359477,0.4979091286659241,0.713975727558136,0.0006520398892462254,0.5112290978431702,0.6909313201904297,-0.0010303528979420662,0.5168980360031128,0.6694604158401489,-0.002222431590780616,0.5280947685241699,0.7539620399475098,0.0032387489918619394,0.5389175415039062,0.7511610984802246,0.004685165826231241,0.5315284729003906,0.7525955438613892,0.00454065203666687,0.5225597023963928,0.7544723153114319,0.004089328460395336,0.5308060050010681,0.7814369201660156,0.0010098415659740567,0.535589337348938,0.7810841798782349,0.0056230127811431885,0.5276089906692505,0.7796765565872192,0.0058023096062242985,0.5196614861488342,0.7809022665023804,0.003968877252191305,0.5278923511505127,0.8082350492477417,-0.0008960181148722768,0.5335622429847717,0.8060961961746216,0.002290399745106697,0.5255579948425293,0.8031599521636963,0.0036585088819265366,0.5166714787483215,0.802735447883606,0.0029656942933797836,0.5223919749259949,0.8329600095748901,-0.0028208154253661633,0.5336421728134155,0.8343989849090576,-0.0006686758133582771,0.5275847315788269,0.830421507358551,0.003040480660274625,0.5192984342575073,0.8284496068954468,0.00552076892927289
0.5044920444488525,0.34560835361480713,-0.7881289720535278,0.99977707862854,0.516220211982727,0.3024443984031677,-0.7633076906204224,0.9995990991592407,0.5243384838104248,0.300558865070343,-0.7633795142173767,0.9996051788330078,0.531050443649292,0.2991342842578888,-0.7634762525558472,0.999529242515564,0.49174463748931885,0.30389323830604553,-0.7652245759963989,0.9996639490127563,0.48330965638160706,0.3027287423610687,-0.7653824687004089,0.9996922612190247,0.4750571846961975,0.3016311228275299,-0.7657237648963928,0.9996838569641113,0.5402982831001282,0.31018126010894775,-0.5097819566726685,0.9996010661125183,0.46452948451042175,0.31450358033180237,-0.5213529467582703,0.9997691512107849,0.5195587873458862,0.38311389088630676,-0.6894192099571228,0.9999182820320129,0.48844191431999207,0.38531091809272766,-0.6910526752471924,0.999948263168335,0.6114453673362732,0.5218783020973206,-0.3164297938346863,0.9996138215065002,0.3972533047199249,0.5173219442367554,-0.3257804811000824,0.9997867941856384,0.6640450954437256,0.8122349381446838,-0.22193486988544464,0.9831312894821167,0.3310528099536896,0.7848941087722778,-0.4045165181159973,0.9903468489646912,0.617584228515625,1.022638201713562,-0.3899397850036621,0.8745706081390381,0.4437161982059479,0.8199443817138672,-0.6819314360618591,0.8852614164352417,0.6192885637283325,1.123488187789917,-0.4419955015182495,0.7588595151901245,0.48562467098236084,0.832112729549408,-0.7532093524932861,0.7339627742767334,0.5982989072799683,1.0978730916976929,-0.4881691336631775,0.7721486687660217,0.4933708906173706,0.7891721129417419,-0.7530339360237122,0.7502642869949341,0.5920169353485107,1.06551992893219,-0.41006705164909363,0.7673930525779724,0.48116371035575867,0.7816727161407471,-0.6817788481712341,0.7290886640548706,0.5630075931549072,1.0309160947799683,-0.02299966849386692,0.8184463977813721,0.4353391230106354,1.0273759365081787,0.023746393620967865,0.8210257291793823,0.5647796988487244,1.4604748487472534,0.09085547924041748,0.11717270314693451,0.4304406940937042,1.4504749774932861,0.11713896691799164,0.08689999580383301,0.5632346272468567,1.804106593132019,0.4995741546154022,0.02277337945997715,0.43508386611938477,1.803298830986023,0.4266578257083893,0.032056067138910294,0.5650022625923157,1.8508849143981934,0.5219359993934631,0.01798243634402752,0.4358915686607361,1.8530607223510742,0.4480341374874115,0.04768448695540428,0.5446924567222595,1.933534026145935,0.2403588593006134,0.009518373757600784,0.4443613290786743,1.9269723892211914,0.1442725956439972,0.030112626031041145,0.0,0.0,0.0,0.0,0.0,0.0,0.0,0.0,0.0,0.0,0.0,0.0,0.0,0.0,0.0,0.0,0.0,0.0,0.0,0.0,0.0,0.0,0.0,0.0,0.0,0.0,0.0,0.0,0.0,0.0,0.0,0.0,0.0,0.0,0.0,0.0,0.0,0.0,0.0,0.0,0.0,0.0,0.0,0.0,0.0,0.0,0.0,0.0,0.0,0.0,0.0,0.0,0.0,0.0,0.0,0.0,0.0,0.0,0.0,0.0,0.0,0.0,0.0,0.46469998359680176,0.7881066203117371,-1.7991946776874101e-07,0.48056262731552124,0.7434829473495483,0.00012050451914547011,0.4981311857700348,0.7133365869522095,-0.0013267261674627662,0.5118139386177063,0.6907752752304077,-0.0037331918720155954,0.5179338455200195,0.6693611145019531,-0.0056982822716236115,0.5280953049659729,0.7555397152900696,0.002626921981573105,0.5388298034667969,0.7523680329322815,0.0031473138369619846,0.5306437015533447,0.7523759007453918,0.0017693786649033427,0.5217832922935486,0.7540534138679504,0.0004961396334692836,0.5302971601486206,0.7839158773422241,0.0008442681864835322,0.5360180139541626,0.7811071276664734,0.004518354311585426,0.5278100371360779,0.778873860836029,0.004156874492764473,0.519844114780426,0.7813987135887146,0.0021408654283732176,0.5267539620399475,0.810276448726654,-0.0007765353657305241,0.5337808132171631,0.8063116669654846,0.0017252020770683885,0.5260453820228577,0.8024416565895081,0.002906202804297209,0.517025351524353,0.8027918934822083,0.00235176389105618,0.5208244323730469,0.8341343402862549,-0.00253465143032372,0.5333491563796997,0.8352274894714355,-0.0005270818364806473,0.5276057720184326,0.8296905755996704,0.003272131085395813,0.5191249251365662,0.8272716403007507,0.005913276690989733
0.5041858553886414,0.3462243676185608,-0.7926666736602783,0.9997751116752625,0.5158953070640564,0.303182452917099,-0.7691752314567566,0.999596357345581,0.5240634679794312,0.30121350288391113,-0.7692524194717407,0.999602198600769,0.5309151411056519,0.29966968297958374,-0.7693396806716919,0.999525785446167,0.4914238750934601,0.3044937252998352,-0.7694833278656006,0.9996598958969116,0.483007550239563,0.3030049502849579,-0.7696609497070312,0.9996880292892456,0.4747282564640045,0.3022244870662689,-0.770012617111206,0.999679446220398,0.540449321269989,0.3104422092437744,-0.5181301832199097,0.9995989203453064,0.4644218981266022,0.3151489198207855,-0.5268308520317078,0.999765157699585,0.519485592842102,0.38372722268104553,-0.696421205997467,0.9999173879623413,0.4881979823112488,0.38552019000053406,-0.6956592202186584,0.999947726726532,0.6114362478256226,0.5218672752380371,-0.32763364911079407,0.9996028542518616,0.3975990116596222,0.5174878835678101,-0.3226531744003296,0.9997835755348206,0.6638457179069519,0.8143863081932068,-0.22537216544151306,0.9829734563827515,0.33073270320892334,0.7853729724884033,-0.40150684118270874,0.9902671575546265,0.6174359917640686,1.0217622518539429,-0.39045456051826477,0.8720030784606934,0.4441237151622772,0.8198904991149902,-0.6818605065345764,0.8867392539978027,0.621521532535553,1.12766695022583,-0.44296982884407043,0.7559536099433899,0.4860144555568695,0.8317484259605408,-0.7535123229026794,0.7356635332107544,0.6000824570655823,1.0989903211593628,-0.4897880554199219,0.7694426774978638,0.493661105632782,0.7893811464309692,-0.7536129355430603,0.7520150542259216,0.5937525629997253,1.0663578510284424,-0.4108065664768219,0.7647774815559387,0.4816960096359253,0.7821919918060303,-0.6819880604743958,0.730249285697937,0.5637590289115906,1.0311667919158936,-0.026883698999881744,0.8181096911430359,0.43603193759918213,1.028368592262268,0.027634471654891968,0.8210611939430237,0.5659984350204468,1.461118221282959,0.08722014725208282,0.1226039007306099,0.4307442307472229,1.4510539770126343,0.12551233172416687,0.09042266011238098,0.5646011829376221,1.8043310642242432,0.5001522898674011,0.024170951917767525,0.43579211831092834,1.8033827543258667,0.43739748001098633,0.03392855450510979,0.5666178464889526,1.85101318359375,0.5239976048469543,0.018928419798612595,0.4367036819458008,1.8530828952789307,0.4598325192928314,0.05043815076351166,0.546128511428833,1.9337743520736694,0.24382399022579193,0.009976190514862537,0.4457194209098816,1.9271570444107056,0.15812714397907257,0.03160646930336952,0.0,0.0,0.0,0.0,0.0,0.0,0.0,0.0,0.0,0.0,0.0,0.0,0.0,0.0,0.0,0.0,0.0,0.0,0.0,0.0,0.0,0.0,0.0,0.0,0.0,0.0,0.0,0.0,0.0,0.0,0.0,0.0,0.0,0.0,0.0,0.0,0.0,0.0,0.0,0.0,0.0,0.0,0.0,0.0,0.0,0.0,0.0,0.0,0.0,0.0,0.0,0.0,0.0,0.0,0.0,0.0,0.0,0.0,0.0,0.0,0.0,0.0,0.0,0.46462881565093994,0.7900111675262451,-1.9114990834623313e-07,0.479831725358963,0.7449291348457336,0.0003985056537203491,0.4980071485042572,0.7142541408538818,-0.0004629127215594053,0.5118369460105896,0.6911895275115967,-0.0021007710602134466,0.5177156329154968,0.6697314977645874,-0.003247829619795084,0.5287231802940369,0.7560341954231262,0.002394192386418581,0.5386515259742737,0.752351701259613,0.004140313249081373,0.5305234789848328,0.7521891593933105,0.003997081890702248,0.5217702984809875,0.7537039518356323,0.0033972207456827164,0.5311943292617798,0.7841474413871765,0.0008369811112061143,0.5354035496711731,0.7813127040863037,0.005669690668582916,0.5274028182029724,0.7789802551269531,0.005995413288474083,0.5197216272354126,0.781156599521637,0.004216920118778944,0.5277007222175598,0.8106129169464111,-0.0003897239512298256,0.5331302285194397,0.8058443069458008,0.0030170155223459005,0.5253610014915466,0.8020503520965576,0.00437194062396884,0.5166261792182922,0.8023632764816284,0.0036439213436096907,0.5218243598937988,0.8344411253929138,-0.0017050300957635045,0.5325627326965332,0.8343262076377869,0.0006842671427875757,0.5268118381500244,0.8292837142944336,0.0043647633865475655,0.5187047123908997,0.8271844983100891,0.006784406490623951
0.5044692754745483,0.34591788053512573,-0.8011178374290466,0.9997749924659729,0.5161134600639343,0.30267587304115295,-0.7756904363632202,0.9995948076248169,0.5242456793785095,0.30059677362442017,-0.7758464813232422,0.9996001720428467,0.5310371518135071,0.2989673614501953,-0.7760288715362549,0.999521791934967,0.4916570782661438,0.3045386075973511,-0.7771456241607666,0.999657928943634,0.48322752118110657,0.30306297540664673,-0.7773174047470093,0.9996872544288635,0.474915087223053,0.30244144797325134,-0.7776682376861572,0.9996776580810547,0.5404348969459534,0.3100080192089081,-0.5210412740707397,0.9995947480201721,0.4643864929676056,0.3151918649673462,-0.5263586044311523,0.999763011932373,0.5197011232376099,0.38307222723960876,-0.6963303685188293,0.9999162554740906,0.4885145127773285,0.3855498731136322,-0.6998509764671326,0.9999471306800842,0.6114150881767273,0.5218765139579773,-0.3281475007534027,0.9995872378349304,0.3976336121559143,0.5174389481544495,-0.32791897654533386,0.9997783899307251,0.6639890074729919,0.814422607421875,-0.22988033294677734,0.9828667044639587,0.3308187425136566,0.7856544256210327,-0.41149643063545227,0.9901408553123474,0.6172094345092773,1.0193203687667847,-0.3934137225151062,0.8712760806083679,0.44447189569473267,0.8180510401725769,-0.6969807147979736,0.8876243233680725,0.6219760179519653,1.125946283340454,-0.4458779990673065,0.7549245357513428,0.48638325929641724,0.8286117315292358,-0.7692444920539856,0.7368138432502747,0.6004917025566101,1.0967620611190796,-0.49124112725257874,0.7684210538864136,0.4936281740665436,0.7863405346870422,-0.7699233889579773,0.7532228231430054,0.5942294001579285,1.0639363527297974,-0.413139283657074,0.7635621428489685,0.481763631105423,0.7788966298103333,-0.6974744200706482,0.7306081056594849,0.5638083219528198,1.031291127204895,-0.027814725413918495,0.814997136592865,0.43617337942123413,1.0291181802749634,0.028646912425756454,0.8184238076210022,0.5658750534057617,1.4600610733032227,0.08625531196594238,0.12882369756698608,0.4310833513736725,1.4499541521072388,0.1250608265399933,0.09370806813240051,0.5644956827163696,1.803908348083496,0.4981634318828583,0.025542020797729492,0.4364393353462219,1.8026591539382935,0.44235554337501526,0.035841938108205795,0.5663562417030334,1.8508118391036987,0.5213210582733154,0.01977977156639099,0.4374710023403168,1.8528690338134766,0.46511271595954895,0.05355685204267502,0.546208918094635,1.9324582815170288,0.2377585768699646,0.010445622727274895,0.4465053677558899,1.9242757558822632,0.1610918790102005,0.03327474743127823,0.0,0.0,0.0,0.0,0.0,0.0,0.0,0.0,0.0,0.0,0.0,0.0,0.0,0.0,0.0,0.0,0.0,0.0,0.0,0.0,0.0,0.0,0.0,0.0,0.0,0.0,0.0,0.0,0.0,0.0,0.0,0.0,0.0,0.0,0.0,0.0,0.0,0.0,0.0,0.0,0.0,0.0,0.0,0.0,0.0,0.0,0.0,0.0,0.0,0.0,0.0,0.0,0.0,0.0,0.0,0.0,0.0,0.0,0.0,0.0,0.0,0.0,0.0,0.465308278799057,0.788741946220398,-1.8401465240458492e-07,0.48070240020751953,0.744300901889801,9.303545994043816e-06,0.49781638383865356,0.7144172191619873,-0.0018490176880732179,0.5116091966629028,0.6919714212417603,-0.004568025004118681,0.5176542401313782,0.670473575592041,-0.0068631479516625404,0.5283387303352356,0.7555579543113708,0.0013054474256932735,0.5386403203010559,0.7535045742988586,0.0015915627591311932,0.5300146341323853,0.7543966174125671,0.00019043602515012026,0.5210339426994324,0.7561178803443909,-0.0011157408589497209,0.5308928489685059,0.7839950323104858,-0.00054602837190032,0.5355070233345032,0.782250165939331,0.0032056355848908424,0.5270942449569702,0.7807440161705017,0.0029688409995287657,0.5191312432289124,0.7829221487045288,0.0008968709735199809,0.5275291204452515,0.8104978203773499,-0.002149165142327547,0.5329524874687195,0.807108998298645,0.0005757350591011345,0.5250967144966125,0.8041837215423584,0.0018804772989824414,0.5162450671195984,0.804516613483429,0.0012079698499292135,0.521842896938324,0.8343639373779297,-0.003916910383850336,0.5325767993927002,0.8354460000991821,-0.0017573557561263442,0.5259664058685303,0.8308882713317871,0.0021320146042853594,0.5173249840736389,0.828828752040863,0.004755806643515825
0.5046055912971497,0.3455435037612915,-0.7891422510147095,0.9997734427452087,0.5162320733070374,0.3022768199443817,-0.7645595669746399,0.9995917677879333,0.5243920087814331,0.3001101613044739,-0.7646629214286804,0.9995967745780945,0.5311460494995117,0.298440158367157,-0.7647557854652405,0.999516487121582,0.49171191453933716,0.30458560585975647,-0.7656373977661133,0.9996557235717773,0.4832768142223358,0.30315783619880676,-0.7658103108406067,0.9996862411499023,0.4749394655227661,0.30259597301483154,-0.7661721706390381,0.9996767640113831,0.5405007004737854,0.3095598518848419,-0.5155802369117737,0.999591052532196,0.4644048810005188,0.3152915835380554,-0.5219653248786926,0.999762237071991,0.5198385119438171,0.3825066387653351,-0.6904438734054565,0.9999150633811951,0.4886418879032135,0.3855837881565094,-0.6915596723556519,0.999946653842926,0.6114188432693481,0.5208708047866821,-0.31589698791503906,0.9995805621147156,0.39758917689323425,0.517476499080658,-0.3210521936416626,0.9997759461402893,0.6640113592147827,0.8160072565078735,-0.21920588612556458,0.9827281832695007,0.3315050005912781,0.7853697538375854,-0.40377557277679443,0.9901642203330994,0.6168507933616638,1.0140728950500488,-0.39055195450782776,0.8702382445335388,0.4449642300605774,0.8189474940299988,-0.6891444325447083,0.8889897465705872,0.6191835999488831,1.119653582572937,-0.44308796525001526,0.753653347492218,0.4867629408836365,0.8300769329071045,-0.7618599534034729,0.7388606071472168,0.6012817621231079,1.0903573036193848,-0.49003320932388306,0.7672317028045654,0.49377915263175964,0.7872231006622314,-0.7619284391403198,0.7552854418754578,0.5952250361442566,1.0579354763031006,-0.41099801659584045,0.7622822523117065,0.4819083511829376,0.7794386148452759,-0.6893859505653381,0.7319729924201965,0.5645744800567627,1.0323841571807861,-0.025833792984485626,0.8155211210250854,0.43698322772979736,1.029842495918274,0.026579909026622772,0.8196538090705872,0.5672687292098999,1.4613754749298096,0.08127328753471375,0.13665616512298584,0.43152016401290894,1.4510540962219238,0.11068566143512726,0.09858714789152145,0.5651624202728271,1.8046319484710693,0.4862985908985138,0.026609888300299644,0.4367888867855072,1.8036445379257202,0.4136015772819519,0.03759913891553879,0.5668728947639465,1.8511366844177246,0.5093796253204346,0.020393380895256996,0.43781381845474243,1.8532882928848267,0.43537527322769165,0.05590558052062988,0.5470231175422668,1.9346697330474854,0.2267252504825592,0.010855577886104584,0.4476517140865326,1.9278643131256104,0.13049879670143127,0.034460436552762985,0.0,0.0,0.0,0.0,0.0,0.0,0.0,0.0,0.0,0.0,0.0,0.0,0.0,0.0,0.0,0.0,0.0,0.0,0.0,0.0,0.0,0.0,0.0,0.0,0.0,0.0,0.0,0.0,0.0,0.0,0.0,0.0,0.0,0.0,0.0,0.0,0.0,0.0,0.0,0.0,0.0,0.0,0.0,0.0,0.0,0.0,0.0,0.0,0.0,0.0,0.0,0.0,0.0,0.0,0.0,0.0,0.0,0.0,0.0,0.0,0.0,0.0,0.0,0.4647049605846405,0.7890733480453491,-1.8551298808233696e-07,0.4802078604698181,0.7443433403968811,-0.0003847399493679404,0.4978391230106354,0.7140102386474609,-0.0021515602711588144,0.5118005871772766,0.6913909316062927,-0.004724173340946436,0.517873227596283,0.6699244379997253,-0.006838312838226557,0.5282114744186401,0.7562715411186218,0.0014848971040919423,0.5384472608566284,0.7528971433639526,0.0017393111484125257,0.5299421548843384,0.7531843781471252,0.0002787843986880034,0.5208847522735596,0.7549869418144226,-0.0010500118369236588,0.5305991172790527,0.7847410440444946,-0.00015510342200286686,0.5354242920875549,0.7818450927734375,0.0033051245845854282,0.5271179676055908,0.7800000905990601,0.0029091895557940006,0.5191311240196228,0.7824627757072449,0.0008402973180636764,0.5271698832511902,0.8111157417297363,-0.0016165714478120208,0.533074676990509,0.8068847060203552,0.0007186152506619692,0.5252404808998108,0.8035284280776978,0.001880928291939199,0.5163041353225708,0.8040887713432312,0.001270847860723734,0.5214144587516785,0.8348178863525391,-0.003262107027694583,0.5325883030891418,0.8354355692863464,-0.0014543444849550724,0.5262464880943298,0.8303091526031494,0.0022656507790088654,0.5176330208778381,0.8280717134475708,0.004856312181800604
0.5053626894950867,0.3453619182109833,-0.7882153987884521,0.9997692704200745,0.516755223274231,0.3019591271877289,-0.7630908489227295,0.9995825886726379,0.524842381477356,0.2996850609779358,-0.7631877660751343,0.9995875954627991,0.5314545035362244,0.29795992374420166,-0.7632596492767334,0.9995020627975464,0.4923548996448517,0.3046891987323761,-0.7648860216140747,0.9996504187583923,0.4839250147342682,0.3033181428909302,-0.7650552988052368,0.9996839761734009,0.47558674216270447,0.30275437235832214,-0.7654194235801697,0.9996746182441711,0.5405063629150391,0.30901068449020386,-0.5146799683570862,0.9995814561843872,0.4646280109882355,0.3155536651611328,-0.5217188000679016,0.9997614026069641,0.5204293727874756,0.382045716047287,-0.6895878911018372,0.9999120831489563,0.4894431233406067,0.38562074303627014,-0.6910287737846375,0.9999455213546753,0.6114600300788879,0.5202895998954773,-0.3104718029499054,0.9995555877685547,0.3976902663707733,0.5171900391578674,-0.3259090185165405,0.9997724890708923,0.6644352078437805,0.8188222050666809,-0.2172747403383255,0.9820171594619751,0.33070334792137146,0.7854961156845093,-0.4083046317100525,0.9903682470321655,0.6164320111274719,1.0134718418121338,-0.39054349064826965,0.865056574344635,0.44408005475997925,0.8193011283874512,-0.6941108703613281,0.8900383114814758,0.6190248131752014,1.1198116540908813,-0.44265735149383545,0.7485145926475525,0.4857836961746216,0.8315299153327942,-0.7676395177841187,0.7400045990943909,0.6002009510993958,1.0908628702163696,-0.49010422825813293,0.7622286081314087,0.4930901527404785,0.7890848517417908,-0.7674236297607422,0.7565408945083618,0.5940926671028137,1.0585654973983765,-0.41139858961105347,0.7574283480644226,0.481366366147995,0.7808896899223328,-0.6944225430488586,0.7328658699989319,0.5644636154174805,1.0318200588226318,-0.022367674857378006,0.8132138252258301,0.43604522943496704,1.0297983884811401,0.023110274225473404,0.8183380365371704,0.5667039155960083,1.460574746131897,0.08016853779554367,0.13781115412712097,0.4304673373699188,1.4488056898117065,0.0988730937242508,0.09976282715797424,0.5651195645332336,1.8045672178268433,0.4841853082180023,0.026712702587246895,0.43663644790649414,1.802634835243225,0.40126392245292664,0.0378030426800251,0.566467821598053,1.8510000705718994,0.5077805519104004,0.020289724692702293,0.43759793043136597,1.8527333736419678,0.4228479564189911,0.05581925809383392,0.5475951433181763,1.9342260360717773,0.2241467535495758,0.010875686071813107,0.44846534729003906,1.9256054162979126,0.11826141923666,0.03434542939066887,0.0,0.0,0.0,0.0,0.0,0.0,0.0,0.0,0.0,0.0,0.0,0.0,0.0,0.0,0.0,0.0,0.0,0.0,0.0,0.0,0.0,0.0,0.0,0.0,0.0,0.0,0.0,0.0,0.0,0.0,0.0,0.0,0.0,0.0,0.0,0.0,0.0,0.0,0.0,0.0,0.0,0.0,0.0,0.0,0.0,0.0,0.0,0.0,0.0,0.0,0.0,0.0,0.0,0.0,0.0,0.0,0.0,0.0,0.0,0.0,0.0,0.0,0.0,0.4639895260334015,0.7892009019851685,-1.9596963340973161e-07,0.47970107197761536,0.7438921332359314,0.0010435779113322496,0.4976305067539215,0.7141043543815613,0.00031013559782877564,0.5118006467819214,0.6914780139923096,-0.0013551145093515515,0.5180135369300842,0.6700295209884644,-0.0026035301852971315,0.5285232067108154,0.7555292248725891,0.0032444533426314592,0.5382168889045715,0.7522584795951843,0.0053895339369773865,0.5300280451774597,0.7530719041824341,0.005377333145588636,0.5213187336921692,0.7551820278167725,0.004852862097322941,0.5312808156013489,0.7837653160095215,0.0014469645684584975,0.5345966219902039,0.7817297577857971,0.006888058967888355,0.5262976288795471,0.7794024348258972,0.007159518543630838,0.5184915661811829,0.7812480330467224,0.005195187870413065,0.5277438163757324,0.8104149103164673,6.071538518881425e-05,0.5321168303489685,0.8065232634544373,0.00394889572635293,0.5242246389389038,0.802937388420105,0.005146400537341833,0.5154018998146057,0.8031293749809265,0.0041727847419679165,0.5218706727027893,0.8343154788017273,-0.0013612826587632298,0.532141923904419,0.8356619477272034,0.0015325533458963037,0.5259768962860107,0.8307602405548096,0.0053822752088308334,0.5174953937530518,0.8283904194831848,0.007851904258131981
0.504984438419342,0.34543702006340027,-0.7897576689720154,0.9997629523277283,0.5166321992874146,0.30202364921569824,-0.7653464674949646,0.99956876039505,0.5248004794120789,0.29976150393486023,-0.765432596206665,0.9995743632316589,0.5315031409263611,0.2980634272098541,-0.7655125856399536,0.9994837641716003,0.491951048374176,0.3049124479293823,-0.7671496272087097,0.9996426105499268,0.48355498909950256,0.30360299348831177,-0.7673091888427734,0.9996796250343323,0.4751872420310974,0.3028620481491089,-0.7676625847816467,0.9996713399887085,0.5407091975212097,0.3090033233165741,-0.5184190273284912,0.9995638728141785,0.4646058678627014,0.3156454861164093,-0.526116132736206,0.9997566938400269,0.5202233791351318,0.3820023238658905,-0.6915135979652405,0.9999075531959534,0.4890521466732025,0.3858150839805603,-0.6933425068855286,0.9999435544013977,0.6114820837974548,0.5204549431800842,-0.31625086069107056,0.9995222091674805,0.39784178137779236,0.5169295072555542,-0.331912100315094,0.9997674226760864,0.6641086935997009,0.8212291598320007,-0.23264148831367493,0.9813563823699951,0.3307720422744751,0.7846989631652832,-0.41451817750930786,0.9904959797859192,0.6158598065376282,1.0169878005981445,-0.4000226557254791,0.8593041896820068,0.44284287095069885,0.8176272511482239,-0.6961920857429504,0.8903678059577942,0.6178663372993469,1.1259894371032715,-0.4513196647167206,0.7419321537017822,0.48465678095817566,0.8312598466873169,-0.7678607702255249,0.7398357391357422,0.5992568135261536,1.0963730812072754,-0.4970525801181793,0.7556899189949036,0.4923632740974426,0.7888141870498657,-0.766252338886261,0.7562239766120911,0.5932691693305969,1.063646912574768,-0.4199329614639282,0.7512327432632446,0.48029768466949463,0.7801433801651001,-0.6957433223724365,0.7318252325057983,0.5644217133522034,1.0318961143493652,-0.021193111315369606,0.8109623193740845,0.4362103343009949,1.0298190116882324,0.021917132660746574,0.8175346255302429,0.565044105052948,1.4598822593688965,0.08098240196704865,0.14246788620948792,0.4288274645805359,1.447340726852417,0.09623990952968597,0.10314705967903137,0.5632757544517517,1.8046557903289795,0.4778514504432678,0.027304217219352722,0.4345460832118988,1.8023672103881836,0.3998973071575165,0.03885781392455101,0.564780056476593,1.8510221242904663,0.5007945895195007,0.02062121406197548,0.4354848861694336,1.852474570274353,0.4213307797908783,0.05669066309928894,0.5451599955558777,1.9346202611923218,0.2191164195537567,0.011160199530422688,0.44570764899253845,1.9258760213851929,0.11820021271705627,0.03480412811040878,0.0,0.0,0.0,0.0,0.0,0.0,0.0,0.0,0.0,0.0,0.0,0.0,0.0,0.0,0.0,0.0,0.0,0.0,0.0,0.0,0.0,0.0,0.0,0.0,0.0,0.0,0.0,0.0,0.0,0.0,0.0,0.0,0.0,0.0,0.0,0.0,0.0,0.0,0.0,0.0,0.0,0.0,0.0,0.0,0.0,0.0,0.0,0.0,0.0,0.0,0.0,0.0,0.0,0.0,0.0,0.0,0.0,0.0,0.0,0.0,0.0,0.0,0.0,0.46363893151283264,0.7892074584960938,-1.9701187170539924e-07,0.4790807068347931,0.7448544502258301,0.00024499933351762593,0.4971478283405304,0.7150834202766418,-0.0013180866371840239,0.5114888548851013,0.6923713684082031,-0.0037279853131622076,0.5177305936813354,0.6701311469078064,-0.00567754078656435,0.5279569029808044,0.7545218467712402,0.0015718223294243217,0.5381072759628296,0.7526359558105469,0.0021875055972486734,0.5295487642288208,0.7541881799697876,0.001093118218705058,0.5206078290939331,0.7562786936759949,-8.170793444151059e-05,0.530925989151001,0.7828086018562317,-0.0003872854576911777,0.5342209339141846,0.7827581763267517,0.0037537538446485996,0.5255618095397949,0.7815117835998535,0.003636920591816306,0.5175960063934326,0.7829045057296753,0.0015860943822190166,0.527755618095398,0.8097622990608215,-0.0020621633157134056,0.531572699546814,0.8078019022941589,0.0008261034381575882,0.5234435200691223,0.8048746585845947,0.002150788204744458,0.5146390795707703,0.8045817017555237,0.0014415321638807654,0.5222718119621277,0.8341769576072693,-0.0038810025434941053,0.531632125377655,0.8359654545783997,-0.001672574202530086,0.5249448418617249,0.8317428827285767,0.0021943289320915937,0.5164867639541626,0.8294215202331543,0.004813577048480511
0.5044112801551819,0.3448100686073303,-0.79291170835495,0.9997648596763611,0.516204297542572,0.30139344930648804,-0.7674146294593811,0.9995721578598022,0.524428129196167,0.2991287112236023,-0.7675075531005859,0.9995774626731873,0.5312837958335876,0.29747116565704346,-0.7675962448120117,0.9994872808456421,0.49147170782089233,0.3046160340309143,-0.7707317471504211,0.9996466636657715,0.48309585452079773,0.3035464584827423,-0.770842969417572,0.9996837377548218,0.47479066252708435,0.30288034677505493,-0.7711581587791443,0.9996752738952637,0.5407255291938782,0.3085313141345978,-0.5260738134384155,0.9995665550231934,0.46462076902389526,0.3154725730419159,-0.5260471105575562,0.999758780002594,0.5199464559555054,0.3812416195869446,-0.6935699582099915,0.9999070763587952,0.4886678457260132,0.38557183742523193,-0.6943464279174805,0.9999433159828186,0.6115129590034485,0.5201652646064758,-0.3222057521343231,0.9995054602622986,0.39801299571990967,0.5165959000587463,-0.33211103081703186,0.9997662305831909,0.6644079089164734,0.8164061903953552,-0.2438756823539734,0.9812722206115723,0.3305914103984833,0.7829554677009583,-0.41276469826698303,0.990729570388794,0.6203222870826721,1.0180721282958984,-0.40555837750434875,0.8567777872085571,0.4442004859447479,0.8184003233909607,-0.6965306401252747,0.8916741013526917,0.6221799850463867,1.1236202716827393,-0.45805788040161133,0.7392368912696838,0.48560047149658203,0.8323036432266235,-0.7683188915252686,0.7416336536407471,0.6033942699432373,1.0920369625091553,-0.5038749575614929,0.7530255317687988,0.49334558844566345,0.790803074836731,-0.7688280344009399,0.7579082250595093,0.5970141291618347,1.0594388246536255,-0.425472229719162,0.7486810088157654,0.4813764989376068,0.7821561694145203,-0.6969913840293884,0.7332357168197632,0.5645491480827332,1.03187894821167,-0.02321590669453144,0.8106539249420166,0.4362400770187378,1.0297812223434448,0.023904841393232346,0.8174102306365967,0.563270628452301,1.457872748374939,0.08256787806749344,0.14372862875461578,0.42902782559394836,1.4453506469726562,0.1162063255906105,0.10521607846021652,0.56166672706604,1.8040602207183838,0.4805293381214142,0.028173159807920456,0.43424084782600403,1.7995307445526123,0.4215920865535736,0.04013154283165932,0.5638502240180969,1.8509043455123901,0.5036753416061401,0.0207980927079916,0.4352671802043915,1.8499438762664795,0.44512739777565,0.05859670042991638,0.5423771739006042,1.9310015439987183,0.22142837941646576,0.011411942541599274,0.44382888078689575,1.9208426475524902,0.14157061278820038,0.03565598651766777,0.0,0.0,0.0,0.0,0.0,0.0,0.0,0.0,0.0,0.0,0.0,0.0,0.0,0.0,0.0,0.0,0.0,0.0,0.0,0.0,0.0,0.0,0.0,0.0,0.0,0.0,0.0,0.0,0.0,0.0,0.0,0.0,0.0,0.0,0.0,0.0,0.0,0.0,0.0,0.0,0.0,0.0,0.0,0.0,0.0,0.0,0.0,0.0,0.0,0.0,0.0,0.0,0.0,0.0,0.0,0.0,0.0,0.0,0.0,0.0,0.0,0.0,0.0,0.4646390676498413,0.7897612452507019,-2.1075459244457306e-07,0.47963622212409973,0.7447511553764343,0.0009582269703969359,0.4975731074810028,0.7144798040390015,8.690464892424643e-05,0.5117794871330261,0.6918639540672302,-0.001691208453848958,0.5174751281738281,0.6698175072669983,-0.0030207643285393715,0.5284720063209534,0.7536664009094238,0.0022789365611970425,0.5373488068580627,0.7544341087341309,0.003677128115668893,0.5287472009658813,0.7567167282104492,0.0033464983571320772,0.5197111964225769,0.7581204175949097,0.002569936215877533,0.5315314531326294,0.7812892198562622,0.00013133868924342096,0.5337743759155273,0.784757137298584,0.004899718798696995,0.5249428749084473,0.7836880087852478,0.004997060634195805,0.516942024230957,0.7839892506599426,0.002904389053583145,0.5283476710319519,0.8083657026290894,-0.0016221166588366032,0.5315858721733093,0.8092796206474304,0.0018117631552740932,0.5233852863311768,0.8063874840736389,0.0032050765585154295,0.51465904712677,0.8049994111061096,0.002288969000801444,0.5225579738616943,0.8330048322677612,-0.003447364317253232,0.5311845541000366,0.8364107608795166,-0.0009678556816652417,0.5245621800422668,0.8323923349380493,0.0027999698650091887,0.5162973999977112,0.8295584321022034,0.005168483592569828
0.503898561000824,0.34459763765335083,-0.7832241654396057,0.9997599720954895,0.5157725811004639,0.301466703414917,-0.758837103843689,0.9995628595352173,0.5240546464920044,0.29929354786872864,-0.7589264512062073,0.9995682239532471,0.5311248302459717,0.29771047830581665,-0.759004533290863,0.9994748830795288,0.49110621213912964,0.3046063184738159,-0.7604175806045532,0.9996405839920044,0.4828178286552429,0.3036220669746399,-0.7605655789375305,0.9996795654296875,0.4745691418647766,0.3029671907424927,-0.7609142661094666,0.9996711015701294,0.5407732129096985,0.30862489342689514,-0.520038366317749,0.9995551705360413,0.4647221863269806,0.3154408633708954,-0.5197082757949829,0.9997566342353821,0.5196605324745178,0.38102084398269653,-0.6867882013320923,0.9999048113822937,0.4884539544582367,0.3853830397129059,-0.686776876449585,0.9999423027038574,0.6115942001342773,0.5199497938156128,-0.31225475668907166,0.9994904398918152,0.3983415365219116,0.516262948513031,-0.32505667209625244,0.9997658133506775,0.6651943325996399,0.8140036463737488,-0.21962924301624298,0.9810078740119934,0.3313533663749695,0.781103789806366,-0.4026815593242645,0.9909677505493164,0.620814323425293,1.007966160774231,-0.39074569940567017,0.8550333976745605,0.4452899694442749,0.8188096880912781,-0.6809353232383728,0.8936975598335266,0.6221486330032349,1.1136466264724731,-0.44266366958618164,0.7376628518104553,0.4861350655555725,0.831885039806366,-0.7533007860183716,0.74434894323349,0.6043210625648499,1.0796464681625366,-0.4890761971473694,0.7514766454696655,0.493399053812027,0.790061354637146,-0.7527377009391785,0.7605990767478943,0.5983012318611145,1.0478570461273193,-0.41116705536842346,0.7468974590301514,0.4817202687263489,0.7820205092430115,-0.6808111071586609,0.7357447743415833,0.5643696188926697,1.0322099924087524,-0.02210036851465702,0.8079113364219666,0.4362698793411255,1.0297929048538208,0.022737879306077957,0.8154537081718445,0.5622798800468445,1.4550197124481201,0.09293003380298615,0.14342817664146423,0.4273532032966614,1.441338062286377,0.11374866217374802,0.10698965936899185,0.5600882172584534,1.802484154701233,0.48812004923820496,0.028312362730503082,0.43295058608055115,1.7964046001434326,0.41308993101119995,0.04044612497091293,0.5617020726203918,1.8497551679611206,0.5103750824928284,0.020761340856552124,0.43413835763931274,1.8468048572540283,0.43468108773231506,0.0593288391828537,0.5417553186416626,1.9287407398223877,0.229557603597641,0.01139354519546032,0.443573921918869,1.9179859161376953,0.1325383335351944,0.035764530301094055,0.0,0.0,0.0,0.0,0.0,0.0,0.0,0.0,0.0,0.0,0.0,0.0,0.0,0.0,0.0,0.0,0.0,0.0,0.0,0.0,0.0,0.0,0.0,0.0,0.0,0.0,0.0,0.0,0.0,0.0,0.0,0.0,0.0,0.0,0.0,0.0,0.0,0.0,0.0,0.0,0.0,0.0,0.0,0.0,0.0,0.0,0.0,0.0,0.0,0.0,0.0,0.0,0.0,0.0,0.0,0.0,0.0,0.0,0.0,0.0,0.0,0.0,0.0,0.4646539092063904,0.7888345718383789,-2.053977397054041e-07,0.4801582992076874,0.7448873519897461,0.0012187398970127106,0.49770718812942505,0.7147616744041443,0.00026183624868281186,0.510881781578064,0.6914229989051819,-0.0016458481550216675,0.5163585543632507,0.6691506505012512,-0.0031155720353126526,0.5279940962791443,0.7549628019332886,0.0018999114399775863,0.5373507738113403,0.7523553967475891,0.0036454242654144764,0.529761552810669,0.7526918053627014,0.0038057451602071524,0.5207042098045349,0.7539908289909363,0.0034183186944574118,0.5307426452636719,0.7823906540870667,-0.0002469206810928881,0.5333983302116394,0.7811691164970398,0.004810893442481756,0.5255539417266846,0.7789725065231323,0.005113239400088787,0.5178779363632202,0.7804692387580872,0.003034549532458186,0.5273255705833435,0.8091059327125549,-0.0018833331996574998,0.5313604474067688,0.8059524297714233,0.0018640336347743869,0.5233621597290039,0.8022351861000061,0.003407121868804097,0.5146386027336121,0.8019140958786011,0.0024684325326234102,0.5214227437973022,0.8335933685302734,-0.0035495131742209196,0.5314143896102905,0.8348378539085388,-0.0010095641482621431,0.5257502198219299,0.8298803567886353,0.0027659963816404343,0.5178004503250122,0.8274869322776794,0.005079354625195265
0.5039968490600586,0.34416598081588745,-0.7869371771812439,0.9997527003288269,0.5159949064254761,0.30099472403526306,-0.7621144652366638,0.9995536804199219,0.5242246985435486,0.2988819181919098,-0.7622206211090088,0.9995579719543457,0.5313080549240112,0.2973792254924774,-0.7623023986816406,0.9994655847549438,0.4912302792072296,0.3042263388633728,-0.7630302906036377,0.9996323585510254,0.4829249978065491,0.303461492061615,-0.7631701827049255,0.9996706247329712,0.47464051842689514,0.303007572889328,-0.7635226845741272,0.9996621608734131,0.5411544442176819,0.3084448277950287,-0.5196394324302673,0.9995457530021667,0.4647315740585327,0.3154289722442627,-0.5183572769165039,0.9997496604919434,0.5197226405143738,0.38084712624549866,-0.6891856789588928,0.9999029040336609,0.48862192034721375,0.3851304352283478,-0.6891661286354065,0.9999405741691589,0.611640989780426,0.5203387141227722,-0.31517741084098816,0.9994780421257019,0.3987082242965698,0.5157978534698486,-0.31948354840278625,0.9997625946998596,0.665584146976471,0.8113438487052917,-0.21961866319179535,0.9808321595191956,0.33134621381759644,0.7807201147079468,-0.4005039632320404,0.9911897778511047,0.621056854724884,1.0069975852966309,-0.38804930448532104,0.8537017107009888,0.4446616470813751,0.8180915117263794,-0.6873555779457092,0.8940693140029907,0.6221126914024353,1.1094744205474854,-0.4397536516189575,0.7355868220329285,0.4857942461967468,0.8310390710830688,-0.760168731212616,0.7427039742469788,0.6038535833358765,1.0785822868347168,-0.4855943024158478,0.7493176460266113,0.49333202838897705,0.7896337509155273,-0.7602344751358032,0.759006142616272,0.598010241985321,1.0465948581695557,-0.4080285131931305,0.7444856762886047,0.48182398080825806,0.7816861271858215,-0.6877644062042236,0.7338945269584656,0.5636340379714966,1.0324434041976929,-0.02469419501721859,0.8062800765037537,0.4355236887931824,1.0298027992248535,0.02550109289586544,0.8128681778907776,0.5579062104225159,1.4514349699020386,0.08397377282381058,0.14044539630413055,0.4238241910934448,1.436847448348999,0.12827767431735992,0.10818301886320114,0.5559427738189697,1.8011153936386108,0.46926549077033997,0.028251947835087776,0.4298180341720581,1.7934834957122803,0.4460839033126831,0.04082143306732178,0.5581658482551575,1.8492189645767212,0.4906778335571289,0.02050049602985382,0.43139317631721497,1.8443067073822021,0.4682353138923645,0.06023453548550606,0.5367213487625122,1.925638198852539,0.20914675295352936,0.011365478858351707,0.4391981065273285,1.9146077632904053,0.1688581109046936,0.03650651499629021,0.0,0.0,0.0,0.0,0.0,0.0,0.0,0.0,0.0,0.0,0.0,0.0,0.0,0.0,0.0,0.0,0.0,0.0,0.0,0.0,0.0,0.0,0.0,0.0,0.0,0.0,0.0,0.0,0.0,0.0,0.0,0.0,0.0,0.0,0.0,0.0,0.0,0.0,0.0,0.0,0.0,0.0,0.0,0.0,0.0,0.0,0.0,0.0,0.0,0.0,0.0,0.0,0.0,0.0,0.0,0.0,0.0,0.0,0.0,0.0,0.0,0.0,0.0,0.46462228894233704,0.7887123823165894,-2.0362747932267666e-07,0.47971341013908386,0.7441369891166687,0.0020824891980737448,0.4977932572364807,0.7140452861785889,0.0019539110362529755,0.5115485787391663,0.6910783052444458,0.0007436609012074769,0.5172333121299744,0.6693398356437683,-4.5428285375237465e-05,0.5282952785491943,0.753187894821167,0.004112078808248043,0.5373692512512207,0.7532534003257751,0.006746897008270025,0.5298396348953247,0.7560281157493591,0.007371853105723858,0.5212050676345825,0.7574577331542969,0.0072342329658567905,0.5312962532043457,0.7803347706794739,0.0018008883344009519,0.5333251953125,0.7839233875274658,0.007703143171966076,0.5250505805015564,0.7833063006401062,0.00807740818709135,0.5174509286880493,0.7832129597663879,0.006059620063751936,0.5281187891960144,0.8074043989181519,-2.1278849544614786e-06,0.5310071706771851,0.8081167936325073,0.004531674552708864,0.5228833556175232,0.8060520887374878,0.005909675732254982,0.5144991874694824,0.8043334484100342,0.004778341390192509,0.5222936868667603,0.832291305065155,-0.0017858638893812895,0.5310548543930054,0.8359184265136719,0.0014531789347529411,0.5248578190803528,0.8327243328094482,0.005287655629217625,0.517045795917511,0.8298620581626892,0.007577226962894201
0.5041645765304565,0.343425452709198,-0.7815021872520447,0.9997463226318359,0.5163314938545227,0.3002238869667053,-0.7544566988945007,0.9995434284210205,0.5243554711341858,0.29816511273384094,-0.7545667290687561,0.9995465874671936,0.5313531160354614,0.29671111702919006,-0.7546478509902954,0.9994562268257141,0.49152687191963196,0.3034990727901459,-0.7584025263786316,0.9996246099472046,0.4832713305950165,0.3030840754508972,-0.7584618926048279,0.999661386013031,0.47490301728248596,0.30285993218421936,-0.7587554454803467,0.9996529221534729,0.5412226319313049,0.3081965446472168,-0.5134308934211731,0.9995340704917908,0.46482211351394653,0.31492412090301514,-0.5152981281280518,0.9997408390045166,0.5198221206665039,0.3802712857723236,-0.680414080619812,0.9999011158943176,0.4885573387145996,0.38462966680526733,-0.6819600462913513,0.99993896484375,0.6116634607315063,0.5197585225105286,-0.3136555850505829,0.9994770288467407,0.3989030122756958,0.5153102874755859,-0.3310329020023346,0.9997612833976746,0.6644951105117798,0.8048481345176697,-0.22104701399803162,0.9804834723472595,0.33146417140960693,0.7798812985420227,-0.41604483127593994,0.9914891719818115,0.6219216585159302,1.002634048461914,-0.389478474855423,0.8545166850090027,0.4438329041004181,0.817428469657898,-0.7016250491142273,0.8966899514198303,0.6247351765632629,1.0986520051956177,-0.44138529896736145,0.736124575138092,0.48496919870376587,0.8300270438194275,-0.7750283479690552,0.7460406422615051,0.6054956912994385,1.0747261047363281,-0.488606333732605,0.749629020690918,0.4923112690448761,0.7889205813407898,-0.7742705941200256,0.7618660926818848,0.5993313193321228,1.0426450967788696,-0.41002318263053894,0.744953989982605,0.4807146489620209,0.780994713306427,-0.7018200159072876,0.7366730570793152,0.564510703086853,1.0326464176177979,-0.0234527625143528,0.8099919557571411,0.43587180972099304,1.0299444198608398,0.024187857285141945,0.8160786032676697,0.5652936100959778,1.451176643371582,0.08669789135456085,0.1347639560699463,0.4282058775424957,1.4380003213882446,0.12695302069187164,0.10444779694080353,0.5638476014137268,1.7985615730285645,0.4822734296321869,0.026783650740981102,0.4333021342754364,1.791751503944397,0.4482687711715698,0.03913873806595802,0.5656118392944336,1.8462611436843872,0.5059775114059448,0.01948302611708641,0.4339568018913269,1.8420616388320923,0.47166121006011963,0.057711780071258545,0.5455228090286255,1.9236348867416382,0.2247147560119629,0.010906064882874489,0.4462919235229492,1.9123311042785645,0.17282065749168396,0.03549649193882942,0.0,0.0,0.0,0.0,0.0,0.0,0.0,0.0,0.0,0.0,0.0,0.0,0.0,0.0,0.0,0.0,0.0,0.0,0.0,0.0,0.0,0.0,0.0,0.0,0.0,0.0,0.0,0.0,0.0,0.0,0.0,0.0,0.0,0.0,0.0,0.0,0.0,0.0,0.0,0.0,0.0,0.0,0.0,0.0,0.0,0.0,0.0,0.0,0.0,0.0,0.0,0.0,0.0,0.0,0.0,0.0,0.0,0.0,0.0,0.0,0.0,0.0,0.0,0.4637472629547119,0.7887540459632874,-1.9097642223186995e-07,0.4791353940963745,0.7443506121635437,0.00022747550974600017,0.49713602662086487,0.7148388028144836,-0.0011131175560876727,0.511485755443573,0.6922858953475952,-0.003273717127740383,0.5178612470626831,0.6703720092773438,-0.00494783278554678,0.5273534655570984,0.7548735737800598,0.001961523899808526,0.5376177430152893,0.7514190673828125,0.002897096099331975,0.5296956896781921,0.7525567412376404,0.0021379718091338873,0.5209047198295593,0.7548567652702332,0.0011926705483347178,0.5303618907928467,0.7829892039299011,0.00012989915558137,0.53397136926651,0.7811630368232727,0.00432918407022953,0.5258984565734863,0.7796427011489868,0.004274763632565737,0.5180702209472656,0.781342625617981,0.0023376571480184793,0.5273544192314148,0.8096575140953064,-0.0014420499792322516,0.5313361287117004,0.8061148524284363,0.0014647431671619415,0.5236461758613586,0.8028998374938965,0.002628185786306858,0.5149244070053101,0.8028615117073059,0.0018596926238387823,0.5218707919120789,0.8337924480438232,-0.0031673447228968143,0.5307872295379639,0.8347175717353821,-0.001034263870678842,0.5243920683860779,0.8300987482070923,0.0025302080903202295,0.5160245895385742,0.8277544379234314,0.004950718022882938
0.5037947297096252,0.3428260087966919,-0.7823756337165833,0.9997385144233704,0.5159888863563538,0.29960545897483826,-0.755764365196228,0.9995294809341431,0.5239466428756714,0.29765382409095764,-0.7558910250663757,0.9995324611663818,0.5310313105583191,0.29627811908721924,-0.7559751868247986,0.9994438886642456,0.49129247665405273,0.30291470885276794,-0.759797215461731,0.9996126890182495,0.4830239713191986,0.30280205607414246,-0.7598598003387451,0.9996479749679565,0.4747394621372223,0.30264028906822205,-0.7601553201675415,0.9996383190155029,0.540941596031189,0.3080141544342041,-0.5171524882316589,0.9995198845863342,0.46493151783943176,0.31447142362594604,-0.5173030495643616,0.9997274279594421,0.5194993019104004,0.37961992621421814,-0.6815699338912964,0.9998994469642639,0.48816147446632385,0.3841942846775055,-0.6830690503120422,0.9999371767044067,0.6116800308227539,0.5190985202789307,-0.3176518380641937,0.9994772672653198,0.39909204840660095,0.5148172378540039,-0.3310491144657135,0.9997617602348328,0.6642425060272217,0.8034895062446594,-0.22053366899490356,0.9803625345230103,0.3312099277973175,0.7799718976020813,-0.41252100467681885,0.9916647672653198,0.6219416856765747,1.003519892692566,-0.38925981521606445,0.8560892939567566,0.4438938796520233,0.8182428479194641,-0.6951956152915955,0.8989507555961609,0.6251673102378845,1.101648211479187,-0.441184937953949,0.7379888892173767,0.4848255217075348,0.8320940136909485,-0.768345057964325,0.7494787573814392,0.6059973835945129,1.0738909244537354,-0.48852068185806274,0.7514085173606873,0.49231889843940735,0.7909960150718689,-0.7673448324203491,0.7650637030601501,0.5997229218482971,1.041990876197815,-0.40983399748802185,0.746498167514801,0.480866938829422,0.7829336524009705,-0.6951114535331726,0.739863932132721,0.5647060871124268,1.0321426391601562,-0.023622727021574974,0.8113765120506287,0.43638190627098083,1.029998540878296,0.024338986724615097,0.8171810507774353,0.5640488862991333,1.449278712272644,0.09238281846046448,0.1320127546787262,0.4280644357204437,1.4361480474472046,0.12903065979480743,0.10283593833446503,0.5629517436027527,1.7960021495819092,0.48704519867897034,0.026280207559466362,0.4339827299118042,1.7888635396957397,0.4660419225692749,0.03845503553748131,0.5646486282348633,1.843989610671997,0.5103574991226196,0.0191288311034441,0.43478089570999146,1.8390191793441772,0.49086448550224304,0.05663096159696579,0.5447499752044678,1.9204334020614624,0.230438232421875,0.010780942626297474,0.44627878069877625,1.9090200662612915,0.18672385811805725,0.03516653552651405,0.0,0.0,0.0,0.0,0.0,0.0,0.0,0.0,0.0,0.0,0.0,0.0,0.0,0.0,0.0,0.0,0.0,0.0,0.0,0.0,0.0,0.0,0.0,0.0,0.0,0.0,0.0,0.0,0.0,0.0,0.0,0.0,0.0,0.0,0.0,0.0,0.0,0.0,0.0,0.0,0.0,0.0,0.0,0.0,0.0,0.0,0.0,0.0,0.0,0.0,0.0,0.0,0.0,0.0,0.0,0.0,0.0,0.0,0.0,0.0,0.0,0.0,0.0,0.4643154740333557,0.7892563939094543,-2.1399046090664342e-07,0.4797514081001282,0.744724690914154,0.0003837935219053179,0.4973720610141754,0.7143593430519104,-0.001016018446534872,0.5114037394523621,0.6920276880264282,-0.0032206519972532988,0.5176426768302917,0.6705170273780823,-0.004953845404088497,0.5287612676620483,0.7544477581977844,0.0014836314367130399,0.5358675122261047,0.7546738982200623,0.0025809367652982473,0.5273028016090393,0.7571216225624084,0.001954843755811453,0.5185420513153076,0.7583021521568298,0.0009665986872278154,0.5316828489303589,0.7827677726745605,-0.0006910872180014849,0.5319278836250305,0.7853849530220032,0.0037106452509760857,0.5230051875114441,0.7844516038894653,0.00344854686409235,0.5149626135826111,0.7843942046165466,0.0011583165032789111,0.5283197164535522,0.8100847601890564,-0.0024800689425319433,0.5297226309776306,0.8098690509796143,0.0005514207878150046,0.5212500691413879,0.8071599006652832,0.0017356539610773325,0.5126090049743652,0.805691123008728,0.0007885094382800162,0.5223370790481567,0.834860622882843,-0.004408656619489193,0.5298564434051514,0.8371342420578003,-0.002331036375835538,0.523236095905304,0.8333504796028137,0.001400941633619368,0.5152102112770081,0.8307522535324097,0.003869905136525631
0.5039167404174805,0.34203478693962097,-0.7785478234291077,0.9997314810752869,0.5160992741584778,0.2988736033439636,-0.753560483455658,0.9995163679122925,0.52399742603302,0.29702696204185486,-0.7536724209785461,0.9995190501213074,0.5311046242713928,0.29576238989830017,-0.7537691593170166,0.9994295835494995,0.491384893655777,0.3022997975349426,-0.756196916103363,0.9996032118797302,0.4831501841545105,0.3024030029773712,-0.7563034296035767,0.999639093875885,0.474857896566391,0.30204540491104126,-0.7566319108009338,0.9996296167373657,0.5410782694816589,0.307720810174942,-0.5083754062652588,0.9995038509368896,0.4649936258792877,0.31376826763153076,-0.5108797550201416,0.9997190833091736,0.5196141600608826,0.378667414188385,-0.6789247393608093,0.9998969435691833,0.4882119596004486,0.38370102643966675,-0.6808369755744934,0.9999356865882874,0.6116877198219299,0.5184412598609924,-0.3120597004890442,0.9994663000106812,0.3991130292415619,0.5144444704055786,-0.32573366165161133,0.9997614026069641,0.6648687124252319,0.8037069439888,-0.21606944501399994,0.9801324009895325,0.3313426077365875,0.7790567874908447,-0.40393874049186707,0.9917817115783691,0.6216613054275513,1.0074350833892822,-0.38621312379837036,0.854897141456604,0.4443153142929077,0.8197249174118042,-0.6807032823562622,0.9013142585754395,0.6266116499900818,1.1062451601028442,-0.4379853904247284,0.7367293238639832,0.48488563299179077,0.833085834980011,-0.752781093120575,0.7535561919212341,0.6061102151870728,1.0756016969680786,-0.4850866198539734,0.7502028942108154,0.49240297079086304,0.7910342812538147,-0.7522974610328674,0.7689281105995178,0.5997256636619568,1.0437055826187134,-0.40682169795036316,0.7453785538673401,0.48120442032814026,0.7831635475158691,-0.6805708408355713,0.7434343099594116,0.5649417042732239,1.0313869714736938,-0.023335903882980347,0.8103444576263428,0.43672803044319153,1.0299350023269653,0.024029267951846123,0.816428005695343,0.5620551705360413,1.4487297534942627,0.09295949339866638,0.1315734088420868,0.42617669701576233,1.4354089498519897,0.12798312306404114,0.10265795886516571,0.5599222183227539,1.795570969581604,0.4800235629081726,0.026229867711663246,0.43198543787002563,1.788784384727478,0.4392869174480438,0.038368891924619675,0.5615687966346741,1.8437798023223877,0.5023139715194702,0.019159313291311264,0.4330582022666931,1.8387507200241089,0.4619468152523041,0.05632571876049042,0.5414876937866211,1.920355200767517,0.22309628129005432,0.010784090496599674,0.4430902600288391,1.9098374843597412,0.16300827264785767,0.035036489367485046,0.0,0.0,0.0,0.0,0.0,0.0,0.0,0.0,0.0,0.0,0.0,0.0,0.0,0.0,0.0,0.0,0.0,0.0,0.0,0.0,0.0,0.0,0.0,0.0,0.0,0.0,0.0,0.0,0.0,0.0,0.0,0.0,0.0,0.0,0.0,0.0,0.0,0.0,0.0,0.0,0.0,0.0,0.0,0.0,0.0,0.0,0.0,0.0,0.0,0.0,0.0,0.0,0.0,0.0,0.0,0.0,0.0,0.0,0.0,0.0,0.0,0.0,0.0,0.4646899998188019,0.7891929745674133,-2.0791510735307384e-07,0.4799558222293854,0.7448139786720276,0.000389795342925936,0.49741363525390625,0.7144213318824768,-0.0010716969845816493,0.5112798810005188,0.6920594573020935,-0.0033378065563738346,0.5175368785858154,0.6707344055175781,-0.0051426333375275135,0.528799295425415,0.7550144791603088,0.0014355340972542763,0.5364887714385986,0.7544409036636353,0.002618398517370224,0.5281749367713928,0.757226288318634,0.002068318659439683,0.5195934772491455,0.7587642669677734,0.001125428592786193,0.5318855047225952,0.782978892326355,-0.0006760234828107059,0.5321069955825806,0.7846919894218445,0.0038229371421039104,0.5234038829803467,0.783998429775238,0.0035242210142314434,0.5156347155570984,0.7842977046966553,0.0011888111475855112,0.5286524295806885,0.8100031018257141,-0.0023762693163007498,0.5297849178314209,0.8089918494224548,0.0009370151092298329,0.5214128494262695,0.8064650297164917,0.0020749035757035017,0.5130218267440796,0.8051891326904297,0.0010179495438933372,0.5228233337402344,0.834667444229126,-0.004231780301779509,0.5297257900238037,0.8364104628562927,-0.0019001996843144298,0.5229407548904419,0.8326616883277893,0.0018174229189753532,0.5149926543235779,0.8300436735153198,0.004239669535309076
0.5044281482696533,0.3421904146671295,-0.7751193642616272,0.9997166991233826,0.5164262652397156,0.2991466820240021,-0.7506133913993835,0.9994903802871704,0.5241789817810059,0.29737094044685364,-0.7507269382476807,0.9994909763336182,0.5311819911003113,0.29613322019577026,-0.7508209943771362,0.9993970990180969,0.4918861389160156,0.30219101905822754,-0.7524468302726746,0.9995834827423096,0.4837288558483124,0.30226802825927734,-0.7525854110717773,0.9996197819709778,0.47540220618247986,0.3017083406448364,-0.7529411911964417,0.9996109008789062,0.5410608053207397,0.3077563941478729,-0.5018358826637268,0.9994748830795288,0.46515077352523804,0.3134020268917084,-0.5077409148216248,0.9997047781944275,0.5199192762374878,0.3786695897579193,-0.6760610938072205,0.9998916983604431,0.4887165427207947,0.3835769593715668,-0.6776229739189148,0.9999326467514038,0.6116645336151123,0.5180999040603638,-0.3010815382003784,0.9994530081748962,0.39934733510017395,0.5140238404273987,-0.3161417245864868,0.999762773513794,0.6652753949165344,0.8047882318496704,-0.20240703225135803,0.9795272350311279,0.3315242826938629,0.7791351079940796,-0.3964430093765259,0.9918439388275146,0.6219675540924072,0.9991086721420288,-0.38301926851272583,0.8525985479354858,0.44312503933906555,0.8190207481384277,-0.6852768063545227,0.9039782881736755,0.6263027787208557,1.0945535898208618,-0.4358120858669281,0.7342038154602051,0.4835008978843689,0.8345451354980469,-0.7602593302726746,0.7587387561798096,0.6088248491287231,1.0658345222473145,-0.4839704632759094,0.7476745247840881,0.4912009537220001,0.7908132672309875,-0.7606161832809448,0.7739364504814148,0.6024141907691956,1.0346814393997192,-0.40442055463790894,0.7427077293395996,0.4799431562423706,0.7822352647781372,-0.685876727104187,0.7485587000846863,0.5649852156639099,1.0310415029525757,-0.02318720705807209,0.8117694854736328,0.4367761015892029,1.029736876487732,0.02390970103442669,0.8188823461532593,0.5646162629127502,1.448678970336914,0.08955749124288559,0.1318085789680481,0.4292678236961365,1.4368741512298584,0.12490110844373703,0.10307173430919647,0.5648213624954224,1.7957566976547241,0.4813200831413269,0.025864865630865097,0.43725350499153137,1.790116310119629,0.44017520546913147,0.038106389343738556,0.5666263699531555,1.8436626195907593,0.503765344619751,0.01888614520430565,0.4384196102619171,1.8400330543518066,0.4631999731063843,0.055583301931619644,0.5470187067985535,1.9213378429412842,0.2213524430990219,0.010755152441561222,0.4495386779308319,1.912043571472168,0.16223952174186707,0.03490801155567169,0.0,0.0,0.0,0.0,0.0,0.0,0.0,0.0,0.0,0.0,0.0,0.0,0.0,0.0,0.0,0.0,0.0,0.0,0.0,0.0,0.0,0.0,0.0,0.0,0.0,0.0,0.0,0.0,0.0,0.0,0.0,0.0,0.0,0.0,0.0,0.0,0.0,0.0,0.0,0.0,0.0,0.0,0.0,0.0,0.0,0.0,0.0,0.0,0.0,0.0,0.0,0.0,0.0,0.0,0.0,0.0,0.0,0.0,0.0,0.0,0.0,0.0,0.0,0.46388569474220276,0.7877079248428345,-1.9391656280731695e-07,0.4796546995639801,0.7446089386940002,-0.0003909530059900135,0.49736490845680237,0.7144075632095337,-0.00220850040204823,0.5112017393112183,0.6918329000473022,-0.004795334301888943,0.5179682970046997,0.6710513234138489,-0.006882726680487394,0.5284546613693237,0.7561950087547302,0.001588187413290143,0.5370620489120483,0.7527445554733276,0.002330107381567359,0.5286028385162354,0.7537714242935181,0.0010993215255439281,0.519988477230072,0.7554484009742737,-0.00026688241632655263,0.5308655500411987,0.7843231558799744,-0.00023920742387417704,0.5325692296028137,0.7821967005729675,0.0035868205595761538,0.5240360498428345,0.7809218168258667,0.0029608544427901506,0.5161910653114319,0.7823951244354248,0.0006162350182421505,0.5271898508071899,0.8107700943946838,-0.0018357614753767848,0.5301516056060791,0.8071345090866089,0.0006907085189595819,0.5218939781188965,0.8040933609008789,0.0016078701009973884,0.5131404399871826,0.8035991191864014,0.0007408717065118253,0.5211711525917053,0.8348775506019592,-0.0036465630400925875,0.5302730202674866,0.8357873558998108,-0.0020109356846660376,0.523888111114502,0.831269383430481,0.00149793759919703,0.5156615972518921,0.8285099267959595,0.003980408888310194
0.5047528147697449,0.34254950284957886,-0.774230420589447,0.9997085928916931,0.5166807174682617,0.2995655834674835,-0.7488883137702942,0.9994715452194214,0.5243213772773743,0.29781392216682434,-0.7490154504776001,0.9994707107543945,0.531205415725708,0.29657790064811707,-0.7491062879562378,0.9993718862533569,0.49234434962272644,0.30218783020973206,-0.7516819834709167,0.9995719194412231,0.4842572808265686,0.30215588212013245,-0.7518035769462585,0.9996098875999451,0.47595974802970886,0.3015855848789215,-0.7521486878395081,0.9996023178100586,0.5409278869628906,0.3078492283821106,-0.5014981627464294,0.9994502663612366,0.46535345911979675,0.31323617696762085,-0.5051001310348511,0.9996978640556335,0.52009117603302,0.37921878695487976,-0.6724971532821655,0.9998877644538879,0.48906609416007996,0.38352614641189575,-0.6758995056152344,0.9999310374259949,0.6115632653236389,0.5175115466117859,-0.2995302379131317,0.9994438290596008,0.39921993017196655,0.5133399367332458,-0.3222011923789978,0.9997658729553223,0.6651594042778015,0.8035196661949158,-0.20511478185653687,0.9792606234550476,0.3315747380256653,0.7801718711853027,-0.400434672832489,0.9919069409370422,0.6213245391845703,0.9995161294937134,-0.38480326533317566,0.8518911004066467,0.44237515330314636,0.8197759985923767,-0.6818745136260986,0.9058510661125183,0.624991238117218,1.0961711406707764,-0.4373833239078522,0.7334035634994507,0.48323267698287964,0.8361595869064331,-0.7559506297111511,0.7626349925994873,0.6028643846511841,1.0703002214431763,-0.48585274815559387,0.7468394041061401,0.49113360047340393,0.7926785945892334,-0.7558861374855042,0.7776480913162231,0.6014801263809204,1.0359323024749756,-0.4062340557575226,0.7418825626373291,0.4799068570137024,0.7835103869438171,-0.682076632976532,0.7524462938308716,0.5650514960289001,1.0302776098251343,-0.019946156069636345,0.81179279088974,0.43650245666503906,1.0296754837036133,0.020616037771105766,0.8202314972877502,0.5657989978790283,1.4490336179733276,0.09147896617650986,0.13013525307178497,0.4291205406188965,1.438559651374817,0.11591287702322006,0.1017003208398819,0.5651675462722778,1.7957545518875122,0.4852701425552368,0.025551291182637215,0.4363878071308136,1.7923591136932373,0.4288012385368347,0.037827018648386,0.5663881301879883,1.843598484992981,0.5081273913383484,0.018663909286260605,0.4374326169490814,1.8421661853790283,0.4513521194458008,0.05438891053199768,0.5479232668876648,1.9228897094726562,0.22600112855434418,0.010779259726405144,0.4493233859539032,1.9150216579437256,0.14878910779953003,0.03475920483469963,0.0,0.0,0.0,0.0,0.0,0.0,0.0,0.0,0.0,0.0,0.0,0.0,0.0,0.0,0.0,0.0,0.0,0.0,0.0,0.0,0.0,0.0,0.0,0.0,0.0,0.0,0.0,0.0,0.0,0.0,0.0,0.0,0.0,0.0,0.0,0.0,0.0,0.0,0.0,0.0,0.0,0.0,0.0,0.0,0.0,0.0,0.0,0.0,0.0,0.0,0.0,0.0,0.0,0.0,0.0,0.0,0.0,0.0,0.0,0.0,0.0,0.0,0.0,0.46353957056999207,0.7884049415588379,-1.89477233902835e-07,0.47952210903167725,0.7452076077461243,-0.0009969394886866212,0.4970320761203766,0.714808464050293,-0.003218037774786353,0.5110187530517578,0.6919851899147034,-0.006085448898375034,0.5179396867752075,0.6709537506103516,-0.008426031097769737,0.5277320742607117,0.7570387125015259,0.0006785230943933129,0.5370197892189026,0.7527142763137817,0.0011491170153021812,0.5282616019248962,0.7530815601348877,-0.00021600531181320548,0.5192652940750122,0.7550559043884277,-0.0015959783922880888,0.5300722122192383,0.7856807112693787,-0.0007705235038883984,0.5327714085578918,0.7813358306884766,0.0027468139305710793,0.52423495054245,0.7793717980384827,0.0020683493930846453,0.5161279439926147,0.7818401455879211,-0.00023853681341279298,0.526249885559082,0.8118571043014526,-0.001998121617361903,0.530354917049408,0.8063328862190247,0.00028395571280270815,0.5222458839416504,0.8025305867195129,0.001124730333685875,0.5132458209991455,0.8028926849365234,0.0003087216755375266,0.520168125629425,0.8353666663169861,-0.0034506781958043575,0.530326783657074,0.8354754447937012,-0.0018970513483509421,0.5242253541946411,0.8299838900566101,0.001598985050804913,0.5157829523086548,0.8273029923439026,0.004110815469175577
0.5047358870506287,0.342469722032547,-0.7701643109321594,0.9996970891952515,0.5168188214302063,0.29929596185684204,-0.7464169859886169,0.9994503259658813,0.5243834853172302,0.29750916361808777,-0.746517539024353,0.9994478821754456,0.5311753749847412,0.2962155044078827,-0.7466070055961609,0.9993466734886169,0.49261224269866943,0.3020932376384735,-0.7479569911956787,0.9995560646057129,0.484549880027771,0.30177563428878784,-0.7480820417404175,0.9995940327644348,0.4763162434101105,0.30124735832214355,-0.7484447360038757,0.9995869994163513,0.5406709313392639,0.30767032504081726,-0.5076250433921814,0.9994259476661682,0.4655500650405884,0.3130967319011688,-0.5061759352684021,0.9996848702430725,0.5200868844985962,0.3789369761943817,-0.671918511390686,0.9998838305473328,0.48918503522872925,0.38317930698394775,-0.672700047492981,0.9999286532402039,0.6114341020584106,0.5173482894897461,-0.2991509437561035,0.9994383454322815,0.3993464708328247,0.512974202632904,-0.32557007670402527,0.9997667670249939,0.6654422879219055,0.8036144375801086,-0.2116115391254425,0.9791181683540344,0.33175069093704224,0.7795384526252747,-0.4070996046066284,0.992027759552002,0.622148871421814,0.9982830882072449,-0.3885718882083893,0.8512893915176392,0.4420846700668335,0.8184241652488708,-0.6918924450874329,0.9066444039344788,0.6246089339256287,1.0944480895996094,-0.44105303287506104,0.7323166131973267,0.4832671582698822,0.835029125213623,-0.766418993473053,0.7640925645828247,0.6031803488731384,1.0672184228897095,-0.4892551302909851,0.7455825209617615,0.49160483479499817,0.7919669151306152,-0.7655461430549622,0.7789876461029053,0.6026198863983154,1.0354076623916626,-0.4097031056880951,0.7408585548400879,0.480342298746109,0.782500684261322,-0.6918971538543701,0.7542489171028137,0.565249502658844,1.0310229063034058,-0.019941173493862152,0.8131325244903564,0.43635624647140503,1.0296413898468018,0.020701387897133827,0.8213452696800232,0.5684428811073303,1.4490928649902344,0.09054397791624069,0.12383211404085159,0.43076658248901367,1.439282774925232,0.11608089506626129,0.09862657636404037,0.5683063268661499,1.7957675457000732,0.4879830479621887,0.02456362172961235,0.4377371668815613,1.7929078340530396,0.43297430872917175,0.036893635988235474,0.5697895288467407,1.84349524974823,0.5120518207550049,0.017880143597722054,0.43829748034477234,1.842761516571045,0.45615527033805847,0.052245065569877625,0.5509362816810608,1.9236479997634888,0.2299869805574417,0.010467116720974445,0.45175406336784363,1.9154620170593262,0.15354159474372864,0.03406539931893349,0.0,0.0,0.0,0.0,0.0,0.0,0.0,0.0,0.0,0.0,0.0,0.0,0.0,0.0,0.0,0.0,0.0,0.0,0.0,0.0,0.0,0.0,0.0,0.0,0.0,0.0,0.0,0.0,0.0,0.0,0.0,0.0,0.0,0.0,0.0,0.0,0.0,0.0,0.0,0.0,0.0,0.0,0.0,0.0,0.0,0.0,0.0,0.0,0.0,0.0,0.0,0.0,0.0,0.0,0.0,0.0,0.0,0.0,0.0,0.0,0.0,0.0,0.0,0.46379610896110535,0.7897783517837524,-2.115252755174879e-07,0.4795607626438141,0.7449629306793213,0.0008206703350879252,0.49695008993148804,0.7149592638015747,-0.0005654029082506895,0.5109596252441406,0.6929644346237183,-0.0028378863353282213,0.5174412131309509,0.6715753674507141,-0.004687600303441286,0.5290654897689819,0.754881739616394,0.0021953622344881296,0.5355538129806519,0.7551972270011902,0.003602586453780532,0.5267297029495239,0.7582104802131653,0.002958267228677869,0.5181986689567566,0.7595948576927185,0.001886434038169682,0.5321455001831055,0.7833377122879028,-0.00010182408732362092,0.5312696099281311,0.785089910030365,0.004600160289555788,0.5220840573310852,0.7845274209976196,0.0042170509696006775,0.5140929818153381,0.7848696708679199,0.001788660534657538,0.5287925601005554,0.8104724884033203,-0.001961222616955638,0.528998613357544,0.809291422367096,0.00148306367918849,0.5203725099563599,0.8067713379859924,0.002561392495408654,0.511720597743988,0.8055615425109863,0.0014520174590870738,0.5229352116584778,0.8349530100822449,-0.003946214448660612,0.5291540622711182,0.8363611102104187,-0.00148683600127697,0.5221049785614014,0.832554280757904,0.0022930472623556852,0.5139119625091553,0.8300077319145203,0.004757261835038662
0.5054060816764832,0.3422740697860718,-0.7711756825447083,0.9996934533119202,0.5173492431640625,0.2987898588180542,-0.7476997971534729,0.9994462728500366,0.5248690843582153,0.29691004753112793,-0.7478082180023193,0.9994426369667053,0.5315463542938232,0.29555267095565796,-0.7479031085968018,0.9993422031402588,0.49315163493156433,0.30168163776397705,-0.7490352988243103,0.9995513558387756,0.48503372073173523,0.30111074447631836,-0.7491642832756042,0.9995877146720886,0.47674939036369324,0.3007483184337616,-0.74952632188797,0.999580442905426,0.5408000349998474,0.30708327889442444,-0.5054829120635986,0.9994220733642578,0.4656248092651367,0.3128688633441925,-0.5044439435005188,0.9996792674064636,0.5206037163734436,0.37848931550979614,-0.673297107219696,0.9998831152915955,0.4897133409976959,0.3824671506881714,-0.6738346815109253,0.999927818775177,0.611244797706604,0.5171089768409729,-0.300728440284729,0.9994453191757202,0.3991509974002838,0.51278156042099,-0.3181600272655487,0.9997683167457581,0.6652228236198425,0.8050110936164856,-0.20738735795021057,0.9791020154953003,0.3312895596027374,0.7799683213233948,-0.39501288533210754,0.9920353293418884,0.6223616003990173,1.0006428956985474,-0.38451796770095825,0.8513121604919434,0.44145312905311584,0.8196995258331299,-0.6808341145515442,0.9061807990074158,0.6243667602539062,1.0960962772369385,-0.43780243396759033,0.7322738170623779,0.4824272394180298,0.8354361057281494,-0.7554200291633606,0.7633547186851501,0.6031272411346436,1.0696674585342407,-0.4860142171382904,0.7455230951309204,0.4908275604248047,0.7924971580505371,-0.7560791373252869,0.7784412503242493,0.6017912030220032,1.0364878177642822,-0.40575557947158813,0.7409479022026062,0.4796355664730072,0.7832651734352112,-0.6815230250358582,0.7542269825935364,0.5648722052574158,1.0310571193695068,-0.023994792252779007,0.8137990832328796,0.43638506531715393,1.0295859575271606,0.02485119178891182,0.8208593726158142,0.5690643191337585,1.4491575956344604,0.08920995146036148,0.1174970418214798,0.43235355615615845,1.4398101568222046,0.12586289644241333,0.09487795829772949,0.5699740052223206,1.795919418334961,0.49059751629829407,0.02343677543103695,0.4395560026168823,1.7932584285736084,0.4511372447013855,0.03552888333797455,0.5719817876815796,1.8435298204421997,0.5146545767784119,0.017110710963606834,0.4398422837257385,1.8434205055236816,0.47513315081596375,0.0501716174185276,0.5520979166030884,1.9237076044082642,0.23266629874706268,0.010045494884252548,0.4526006579399109,1.9144337177276611,0.1703704446554184,0.0330367311835289,0.0,0.0,0.0,0.0,0.0,0.0,0.0,0.0,0.0,0.0,0.0,0.0,0.0,0.0,0.0,0.0,0.0,0.0,0.0,0.0,0.0,0.0,0.0,0.0,0.0,0.0,0.0,0.0,0.0,0.0,0.0,0.0,0.0,0.0,0.0,0.0,0.0,0.0,0.0,0.0,0.0,0.0,0.0,0.0,0.0,0.0,0.0,0.0,0.0,0.0,0.0,0.0,0.0,0.0,0.0,0.0,0.0,0.0,0.0,0.0,0.0,0.0,0.0,0.46288132667541504,0.7890601754188538,-1.9042360577259387e-07,0.479318767786026,0.7451222538948059,0.0002371335867792368,0.4968964755535126,0.7152650356292725,-0.0013368155341595411,0.5108324289321899,0.6924623250961304,-0.003700942499563098,0.5175171494483948,0.6711443066596985,-0.005552958231419325,0.5279361009597778,0.7558051943778992,0.002064439235255122,0.5366250276565552,0.7534583210945129,0.003746247151866555,0.5282246470451355,0.7553092241287231,0.003493610769510269,0.5197092890739441,0.7569195032119751,0.002767775673419237,0.5307220816612244,0.7843610048294067,0.0002457301889080554,0.5324215292930603,0.7836167812347412,0.0050154984928667545,0.5240063667297363,0.7824618220329285,0.004840055480599403,0.5161271691322327,0.7836349010467529,0.002676775911822915,0.527243971824646,0.8110835552215576,-0.0012050686636939645,0.530015766620636,0.8085757493972778,0.002217697212472558,0.5219168066978455,0.8053150177001953,0.0032191930804401636,0.5131168365478516,0.804489016532898,0.0022077527828514576,0.5213298201560974,0.8349620699882507,-0.002795655280351639,0.5298873782157898,0.8362534642219543,-0.00035220381687395275,0.523488461971283,0.8315703272819519,0.003343313466757536,0.5151340961456299,0.8287145495414734,0.005814525298774242
