0.5049235820770264,0.243978351354599,-0.49864140152931213,0.9998931884765625,0.5196378827095032,0.20875146985054016,-0.46087446808815,0.9997532963752747,0.5279093384742737,0.20856168866157532,-0.4609919786453247,0.9997555017471313,0.5360015630722046,0.2088007777929306,-0.4607754349708557,0.9996753334999084,0.49394702911376953,0.2107744812965393,-0.4599989652633667,0.999768078327179,0.48429054021835327,0.2124670445919037,-0.45989227294921875,0.9998167753219604,0.47537556290626526,0.21430620551109314,-0.46019116044044495,0.9997991919517517,0.5472375154495239,0.23190155625343323,-0.2378404587507248,0.9996488690376282,0.4652422070503235,0.2397110015153885,-0.23393875360488892,0.9997285604476929,0.5189055800437927,0.28815212845802307,-0.41993510723114014,0.9999024868011475,0.4867178797721863,0.2885068953037262,-0.4198174476623535,0.9998754262924194,0.6064074039459229,0.48596110939979553,-0.14124418795108795,0.9993969202041626,0.40294644236564636,0.48424845933914185,-0.05617767199873924,0.9994361996650696,0.6254817843437195,0.8066157102584839,-0.3709408938884735,0.9662027955055237,0.3849455416202545,0.797980785369873,0.08251012861728668,0.9833366870880127,0.6209876537322998,0.6219196319580078,-0.8838988542556763,0.9085182547569275,0.3783876299858093,0.9864500761032104,-0.06198475882411003,0.9937453269958496,0.6215037107467651,0.5719491839408875,-0.9840218424797058,0.8477633595466614,0.3794178366661072,1.0524675846099854,-0.08965366333723068,0.9866390228271484,0.6167884469032288,0.5387124419212341,-0.9629054665565491,0.8629096150398254,0.3805418610572815,1.0545340776443481,-0.14556913077831268,0.9871255159378052,0.6111649870872498,0.5517444610595703,-0.8882681727409363,0.8945191502571106,0.3845731019973755,1.024301528930664,-0.08634926378726959,0.9879687428474426,0.5721489191055298,0.9855717420578003,-0.026227004826068878,0.6347395181655884,0.447525292634964,0.9843287467956543,0.02798808552324772,0.5873153805732727,0.5723981261253357,1.3908352851867676,0.03155912831425667,0.0011938971001654863,0.4303431808948517,1.3816022872924805,0.060584671795368195,0.0014410048024728894,0.5621423721313477,1.7306859493255615,0.39959052205085754,0.0001586551807122305,0.42611753940582275,1.7236998081207275,0.34340375661849976,0.00010962593660224229,0.5665304064750671,1.7811917066574097,0.42001238465309143,9.964793571271002e-05,0.4206828474998474,1.7738244533538818,0.36193138360977173,0.00013159486115910113,0.5371922850608826,1.8508208990097046,0.1362893134355545,0.00010706456669140607,0.4533008635044098,1.8475122451782227,0.05325775220990181,0.0002621185267344117,0.6278625726699829,0.5850589871406555,-9.426170066717532e-08,0.617597222328186,0.5456604361534119,0.0008776767645031214,0.6084128618240356,0.5021141767501831,-0.0012851801002398133,0.6014562845230103,0.4711036682128906,-0.004606886301189661,0.5945863127708435,0.4482618272304535,-0.008449239656329155,0.6211904287338257,0.47284480929374695,-0.006927278358489275,0.6120527982711792,0.4343181550502777,-0.015317332930862904,0.6051626205444336,0.406044065952301,-0.019480230286717415,0.6004832983016968,0.3834191858768463,-0.022562438622117043,0.6240990161895752,0.4860674738883972,-0.012400127947330475,0.5911369919776917,0.48028597235679626,-0.023328563198447227,0.5851867198944092,0.5038691759109497,-0.02339397929608822,0.589400589466095,0.5177657604217529,-0.022176025435328484,0.6233950257301331,0.5088396072387695,-0.018069010227918625,0.5910055637359619,0.5119380354881287,-0.028060447424650192,0.5896809697151184,0.5308237075805664,-0.02358725108206272,0.5966196656227112,0.5372987985610962,-0.019334934651851654,0.6215507984161377,0.5356477499008179,-0.023782357573509216,0.5951976180076599,0.5389964580535889,-0.030935678631067276,0.5945292115211487,0.5519071221351624,-0.028549598529934883,0.6018608808517456,0.5549980401992798,-0.025655854493379593,0.0,0.0,0.0,0.0,0.0,0.0,0.0,0.0,0.0,0.0,0.0,0.0,0.0,0.0,0.0,0.0,0.0,0.0,0.0,0.0,0.0,0.0,0.0,0.0,0.0,0.0,0.0,0.0,0.0,0.0,0.0,0.0,0.0,0.0,0.0,0.0,0.0,0.0,0.0,0.0,0.0,0.0,0.0,0.0,0.0,0.0,0.0,0.0,0.0,0.0,0.0,0.0,0.0,0.0,0.0,0.0,0.0,0.0,0.0,0.0,0.0,0.0,0.0
0.5096387267112732,0.24282130599021912,-0.5346963405609131,0.9999011754989624,0.5244710445404053,0.20847269892692566,-0.49505922198295593,0.9997734427452087,0.5335819125175476,0.2086067646741867,-0.49519574642181396,0.9997772574424744,0.540719211101532,0.209182471036911,-0.49500909447669983,0.9997025728225708,0.49754753708839417,0.20930036902427673,-0.49665653705596924,0.9997854232788086,0.4876249432563782,0.21045354008674622,-0.4965781569480896,0.999830424785614,0.47898373007774353,0.21178396046161652,-0.49692124128341675,0.9998124837875366,0.5524398684501648,0.23182587325572968,-0.2629592716693878,0.9996780157089233,0.4691101312637329,0.23792162537574768,-0.2694503366947174,0.9997538924217224,0.5245060324668884,0.2885913848876953,-0.45217761397361755,0.9999102354049683,0.49124056100845337,0.28912970423698425,-0.4548284411430359,0.9998867511749268,0.6124635934829712,0.485972136259079,-0.1500651091337204,0.9994292855262756,0.4075299799442291,0.48707687854766846,-0.09691084921360016,0.9994630217552185,0.6314993500709534,0.813281774520874,-0.40172162652015686,0.9681976437568665,0.3890945315361023,0.8020480275154114,0.014514502137899399,0.9810425043106079,0.6200891137123108,0.6081638932228088,-0.9092220067977905,0.9151261448860168,0.37839823961257935,1.0087445974349976,-0.15240474045276642,0.9825915098190308,0.6186118721961975,0.5567940473556519,-1.007438063621521,0.8592674732208252,0.3718230128288269,1.0826841592788696,-0.18408091366291046,0.9679362773895264,0.6162154078483582,0.5243841409683228,-0.9818750619888306,0.8729727864265442,0.3781501054763794,1.0671063661575317,-0.24471460282802582,0.9708203077316284,0.6127942800521851,0.5378807187080383,-0.9121248722076416,0.9007125496864319,0.38406801223754883,1.036970853805542,-0.17990688979625702,0.9737901091575623,0.574228048324585,0.9924885034561157,-0.020287152379751205,0.6541233062744141,0.45056116580963135,0.9854198098182678,0.021963300183415413,0.608109176158905,0.5734201073646545,1.4001572132110596,0.0053051370196044445,0.0017405498074367642,0.4301879107952118,1.3849291801452637,0.0013866879744455218,0.0019371623639017344,0.5619847774505615,1.7443445920944214,0.3392341732978821,0.0002086186723317951,0.42363569140434265,1.7336262464523315,0.25693753361701965,0.00016335761756636202,0.5660336017608643,1.796116590499878,0.3565950393676758,0.00011784740490838885,0.41808265447616577,1.7871911525726318,0.27140215039253235,0.00017294735880568624,0.536090612411499,1.866477131843567,0.07075535506010056,0.0001456128084100783,0.4493458569049835,1.8560017347335815,-0.03850414976477623,0.00037083818460814655,0.6277700066566467,0.5829510688781738,-9.170955905801748e-08,0.6176213622093201,0.5454383492469788,-1.2583691386680584e-05,0.6089715361595154,0.5019012093544006,-0.0017398892669007182,0.6021695733070374,0.4702602028846741,-0.0043572126887738705,0.5965352058410645,0.4469763934612274,-0.007452264428138733,0.6209323406219482,0.472648561000824,-0.00665014423429966,0.612314760684967,0.4347463548183441,-0.014483654871582985,0.6056615114212036,0.40667086839675903,-0.018123852089047432,0.6013848185539246,0.3844255805015564,-0.02084171026945114,0.6238253116607666,0.48551231622695923,-0.011260712519288063,0.5913573503494263,0.47986945509910583,-0.021989688277244568,0.5847783088684082,0.5034987330436707,-0.02190188318490982,0.5889213681221008,0.5181663632392883,-0.02049688994884491,0.6229961514472961,0.5081391334533691,-0.01619342714548111,0.5911242365837097,0.509775698184967,-0.026299089193344116,0.5880909562110901,0.528857946395874,-0.022251930087804794,0.5940948128700256,0.5364229679107666,-0.01813391037285328,0.6211125254631042,0.5349472165107727,-0.021200817078351974,0.5953912734985352,0.5382285118103027,-0.02844870463013649,0.5936785936355591,0.5512064099311829,-0.02658804878592491,0.6002393960952759,0.5546577572822571,-0.024018023163080215,0.0,0.0,0.0,0.0,0.0,0.0,0.0,0.0,0.0,0.0,0.0,0.0,0.0,0.0,0.0,0.0,0.0,0.0,0.0,0.0,0.0,0.0,0.0,0.0,0.0,0.0,0.0,0.0,0.0,0.0,0.0,0.0,0.0,0.0,0.0,0.0,0.0,0.0,0.0,0.0,0.0,0.0,0.0,0.0,0.0,0.0,0.0,0.0,0.0,0.0,0.0,0.0,0.0,0.0,0.0,0.0,0.0,0.0,0.0,0.0,0.0,0.0,0.0
0.5096747875213623,0.24194566905498505,-0.5462673902511597,0.9999043345451355,0.5243902802467346,0.20785212516784668,-0.5056401491165161,0.9997851252555847,0.533920407295227,0.20812161266803741,-0.5057816505432129,0.9997907280921936,0.5407083630561829,0.20886079967021942,-0.5055689215660095,0.9997189044952393,0.497004896402359,0.20783336460590363,-0.5092174410820007,0.9997938871383667,0.4869470000267029,0.20863959193229675,-0.5091752409934998,0.9998379349708557,0.4781908094882965,0.20955103635787964,-0.5095345973968506,0.9998185038566589,0.5525950789451599,0.23191651701927185,-0.266098290681839,0.9996960759162903,0.4681974947452545,0.23660752177238464,-0.2810054123401642,0.9997680187225342,0.5249472856521606,0.28849467635154724,-0.4609717130661011,0.9999123215675354,0.49117448925971985,0.28911659121513367,-0.4659136235713959,0.9998893737792969,0.6137946844100952,0.4860597848892212,-0.15371662378311157,0.9994361996650696,0.40801331400871277,0.48896902799606323,-0.1216815784573555,0.999433696269989,0.6318050622940063,0.8125839233398438,-0.429544061422348,0.9691038131713867,0.38652482628822327,0.8022633194923401,-0.04523804038763046,0.978383481502533,0.6198473572731018,0.6084290146827698,-0.9664202332496643,0.921665608882904,0.378043532371521,1.0175776481628418,-0.24644114077091217,0.9741238951683044,0.6174431443214417,0.5577692985534668,-1.068128228187561,0.8708917498588562,0.3719026446342468,1.0786384344100952,-0.2850545346736908,0.9546405673027039,0.6168414950370789,0.5262849926948547,-1.0425801277160645,0.8833228945732117,0.37872642278671265,1.0613325834274292,-0.3431300222873688,0.9594115018844604,0.6148815751075745,0.5392935872077942,-0.9699872136116028,0.9073461890220642,0.38417452573776245,1.0307884216308594,-0.2736843228340149,0.9636024236679077,0.5747172832489014,0.9928709864616394,-0.017364123836159706,0.6584681868553162,0.4498603641986847,0.9863442778587341,0.019089728593826294,0.6128544807434082,0.5745618343353271,1.4061856269836426,0.011221974156796932,0.002247706288471818,0.43105828762054443,1.3897351026535034,0.007934282533824444,0.0023558640386909246,0.5641143918037415,1.7502576112747192,0.36182576417922974,0.000255214748904109,0.4247356951236725,1.7394592761993408,0.2732682526111603,0.00020819906785618514,0.5683218240737915,1.8026896715164185,0.3782399892807007,0.0001328698854194954,0.4192887246608734,1.7945350408554077,0.2876313328742981,0.00021139744785614312,0.5377383828163147,1.8737412691116333,0.08207003027200699,0.00017755021690391004,0.4497843384742737,1.861426591873169,-0.02866365574300289,0.0004686929169110954,0.6267285943031311,0.581786036491394,-1.0143755702074486e-07,0.6153125762939453,0.5424633622169495,-0.00032064650440588593,0.6070219278335571,0.49889126420021057,-0.002073967596516013,0.6006203293800354,0.4683631658554077,-0.004566150717437267,0.5945491194725037,0.4454883635044098,-0.007486655376851559,0.6212337613105774,0.4714992046356201,-0.006988476030528545,0.613634467124939,0.4348512887954712,-0.014649511314928532,0.6064326763153076,0.4070661962032318,-0.018253043293952942,0.6011766195297241,0.3853502869606018,-0.02096770703792572,0.6240578889846802,0.4851168394088745,-0.01149381510913372,0.5915403366088867,0.47746437788009644,-0.022048547863960266,0.5846502184867859,0.5008713006973267,-0.02196013368666172,0.5883129835128784,0.5161248445510864,-0.02051813341677189,0.6230933666229248,0.5081009864807129,-0.016311634331941605,0.5907758474349976,0.5092111825942993,-0.026224402710795403,0.5875650644302368,0.5282467007637024,-0.022244589403271675,0.5934422612190247,0.5363008379936218,-0.018137821927666664,0.620939314365387,0.5351621508598328,-0.021242501214146614,0.5949420928955078,0.5377906560897827,-0.028316574171185493,0.5928595662117004,0.5504277944564819,-0.026512688025832176,0.5991547703742981,0.5543960332870483,-0.024035844951868057,0.0,0.0,0.0,0.0,0.0,0.0,0.0,0.0,0.0,0.0,0.0,0.0,0.0,0.0,0.0,0.0,0.0,0.0,0.0,0.0,0.0,0.0,0.0,0.0,0.0,0.0,0.0,0.0,0.0,0.0,0.0,0.0,0.0,0.0,0.0,0.0,0.0,0.0,0.0,0.0,0.0,0.0,0.0,0.0,0.0,0.0,0.0,0.0,0.0,0.0,0.0,0.0,0.0,0.0,0.0,0.0,0.0,0.0,0.0,0.0,0.0,0.0,0.0
0.5088579058647156,0.2416219860315323,-0.5589408874511719,0.9999076128005981,0.5234630703926086,0.20732620358467102,-0.5189242959022522,0.9997951984405518,0.5329444408416748,0.20766319334506989,-0.5190829634666443,0.9998031258583069,0.5396690368652344,0.20859578251838684,-0.5188931226730347,0.9997349977493286,0.4963349401950836,0.20703250169754028,-0.5223348140716553,0.9997984766960144,0.4863791763782501,0.20775671303272247,-0.5223036408424377,0.9998390674591064,0.4775495231151581,0.20857664942741394,-0.5226956009864807,0.9998151659965515,0.5518597364425659,0.2324109524488449,-0.2800193130970001,0.9997068643569946,0.46719926595687866,0.23624731600284576,-0.2945740818977356,0.9997791051864624,0.5241289734840393,0.2884661853313446,-0.47321832180023193,0.9999160170555115,0.49014225602149963,0.2890453040599823,-0.47823211550712585,0.9998953938484192,0.613647997379303,0.4861479103565216,-0.1600310206413269,0.9994588494300842,0.4066630005836487,0.49012258648872375,-0.12600357830524445,0.9994297027587891,0.6315248012542725,0.8119366765022278,-0.4487954378128052,0.9702712893486023,0.3859047591686249,0.8035469651222229,-0.0474892258644104,0.9740405082702637,0.6201089024543762,0.6011050939559937,-0.9826753735542297,0.9269348382949829,0.3772330582141876,1.0122495889663696,-0.23979511857032776,0.9589167237281799,0.6172803640365601,0.5524808168411255,-1.084304690361023,0.8797690868377686,0.36876317858695984,1.086351752281189,-0.276061087846756,0.9313158392906189,0.6176418662071228,0.5226214528083801,-1.0574103593826294,0.8911987543106079,0.37545156478881836,1.0721877813339233,-0.33692702651023865,0.938759446144104,0.6172721982002258,0.5338851809501648,-0.9860169887542725,0.9117978811264038,0.3828061521053314,1.0423717498779297,-0.26823505759239197,0.94527268409729,0.57160484790802,0.9974462389945984,-0.016608349978923798,0.6683713793754578,0.4475729763507843,0.9864673614501953,0.0182933509349823,0.6242046356201172,0.5716292262077332,1.4090158939361572,0.02316703461110592,0.0028314697556197643,0.43071281909942627,1.3905326128005981,-0.0020954261999577284,0.0028881789185106754,0.5620336532592773,1.753904938697815,0.37622129917144775,0.00030876300297677517,0.4244250953197479,1.7413662672042847,0.2804482579231262,0.00025967779220081866,0.5658695101737976,1.8056117296218872,0.39304888248443604,0.00015437928959727287,0.41912201046943665,1.7985912561416626,0.2969127595424652,0.0002652893599588424,0.5370649099349976,1.8780773878097534,0.09567771106958389,0.00021626061061397195,0.44728437066078186,1.8625775575637817,-0.022660741582512856,0.0005937257665209472,0.626875638961792,0.5765311121940613,-1.1408636169107922e-07,0.6168693900108337,0.5386882424354553,-0.0002935428638011217,0.6088003516197205,0.49732473492622375,-0.0020694108679890633,0.6015831828117371,0.4676634967327118,-0.004702228121459484,0.5941463112831116,0.446060448884964,-0.007816710509359837,0.6204745173454285,0.47073251008987427,-0.007026371080428362,0.6142062544822693,0.43318814039230347,-0.01478254422545433,0.606863796710968,0.40574580430984497,-0.01806952990591526,0.6012340188026428,0.38478097319602966,-0.020466657355427742,0.6239692568778992,0.4842160642147064,-0.011360296979546547,0.5915018916130066,0.47687622904777527,-0.0217423178255558,0.5839653015136719,0.5015221834182739,-0.021116353571414948,0.5873051285743713,0.5167332887649536,-0.01912211999297142,0.6235552430152893,0.5069068670272827,-0.015998559072613716,0.5908897519111633,0.5097926259040833,-0.025366060435771942,0.5882086157798767,0.5291887521743774,-0.020771106705069542,0.5943522453308105,0.5365830063819885,-0.01631581410765648,0.621632993221283,0.5334942936897278,-0.020826436579227448,0.5953477025032043,0.5390594601631165,-0.027554413303732872,0.594364583492279,0.5511007905006409,-0.025536134839057922,0.601423978805542,0.5536342263221741,-0.022885942831635475,0.0,0.0,0.0,0.0,0.0,0.0,0.0,0.0,0.0,0.0,0.0,0.0,0.0,0.0,0.0,0.0,0.0,0.0,0.0,0.0,0.0,0.0,0.0,0.0,0.0,0.0,0.0,0.0,0.0,0.0,0.0,0.0,0.0,0.0,0.0,0.0,0.0,0.0,0.0,0.0,0.0,0.0,0.0,0.0,0.0,0.0,0.0,0.0,0.0,0.0,0.0,0.0,0.0,0.0,0.0,0.0,0.0,0.0,0.0,0.0,0.0,0.0,0.0
0.5070125460624695,0.23953858017921448,-0.5572121143341064,0.9999114871025085,0.5220894813537598,0.20607605576515198,-0.5165870785713196,0.9998064041137695,0.531649649143219,0.2064235955476761,-0.516748309135437,0.9998153448104858,0.5386103391647339,0.20743708312511444,-0.5165635347366333,0.9997518062591553,0.49487364292144775,0.20540443062782288,-0.5181215405464172,0.9998065829277039,0.48518243432044983,0.20603340864181519,-0.5180694460868835,0.9998430609703064,0.4766424894332886,0.2067236602306366,-0.518451452255249,0.9998176693916321,0.5510721802711487,0.23183086514472961,-0.27663007378578186,0.9997183084487915,0.46666187047958374,0.23466965556144714,-0.2822926342487335,0.9997922778129578,0.5229888558387756,0.2874821126461029,-0.47165602445602417,0.9999205470085144,0.4880991578102112,0.28647541999816895,-0.4741322696208954,0.9999025464057922,0.6125679612159729,0.48610106110572815,-0.15954679250717163,0.9994798302650452,0.4067852199077606,0.4900120496749878,-0.11126041412353516,0.9994523525238037,0.6315297484397888,0.8099449872970581,-0.44477468729019165,0.9709401726722717,0.38491156697273254,0.8055363297462463,-0.024406207725405693,0.9710104465484619,0.6184913516044617,0.6060217618942261,-0.9779559373855591,0.9288820624351501,0.3762143850326538,1.0068984031677246,-0.21631287038326263,0.9477972984313965,0.6166893839836121,0.5539067387580872,-1.0787876844406128,0.8831716179847717,0.36675822734832764,1.0767464637756348,-0.25233444571495056,0.9147375226020813,0.6167463660240173,0.5256844758987427,-1.0521047115325928,0.8939418792724609,0.37414801120758057,1.0623410940170288,-0.31271639466285706,0.9241514801979065,0.6160709261894226,0.5396230816841125,-0.9812822341918945,0.912384569644928,0.38122594356536865,1.0328059196472168,-0.24464035034179688,0.9321051836013794,0.570548951625824,0.9996403455734253,-0.019338034093379974,0.6778702735900879,0.44566598534584045,0.9865453839302063,0.021062510088086128,0.6382761001586914,0.5693576335906982,1.408507227897644,0.020225413143634796,0.0032468000426888466,0.4299410283565521,1.3909895420074463,0.005688103847205639,0.0034014990087598562,0.5604684948921204,1.7543213367462158,0.36791104078292847,0.00034020416205748916,0.42421960830688477,1.7430287599563599,0.2819506525993347,0.0002962724829558283,0.5642687082290649,1.805798053741455,0.38394826650619507,0.000169512364664115,0.41915038228034973,1.799497365951538,0.2972547709941864,0.0003115532163064927,0.5361101627349854,1.8755415678024292,0.08076295256614685,0.00024473434314131737,0.44589102268218994,1.8631196022033691,-0.026446843519806862,0.0007068619597703218,0.627618670463562,0.5806027054786682,-1.0770971670126528e-07,0.6167316436767578,0.5426132082939148,0.00033323621028102934,0.6081465482711792,0.4998120665550232,-0.0012216228060424328,0.6011645793914795,0.4691122770309448,-0.0038665523752570152,0.5940167903900146,0.44700872898101807,-0.006976165808737278,0.6205810904502869,0.47116440534591675,-0.005524786189198494,0.613019585609436,0.4340938329696655,-0.013117464259266853,0.6058679819107056,0.4064961075782776,-0.01654891110956669,0.6007623076438904,0.3850829303264618,-0.019078759476542473,0.6234644055366516,0.48466598987579346,-0.010341718792915344,0.5908938050270081,0.4761706292629242,-0.020784256979823112,0.5844469666481018,0.5005261898040771,-0.02057182602584362,0.5883068442344666,0.5153243541717529,-0.01889032870531082,0.6228001713752747,0.5072004199028015,-0.015465212985873222,0.590697169303894,0.5085504651069641,-0.02495790459215641,0.5884677767753601,0.528465211391449,-0.020462023094296455,0.5946564674377441,0.5362456440925598,-0.016007520258426666,0.6208951473236084,0.5341662764549255,-0.020721474662423134,0.5951617360115051,0.5374107956886292,-0.02732827514410019,0.5944131016731262,0.5501479506492615,-0.025108087807893753,0.6013364195823669,0.5534917116165161,-0.022317996248602867,0.0,0.0,0.0,0.0,0.0,0.0,0.0,0.0,0.0,0.0,0.0,0.0,0.0,0.0,0.0,0.0,0.0,0.0,0.0,0.0,0.0,0.0,0.0,0.0,0.0,0.0,0.0,0.0,0.0,0.0,0.0,0.0,0.0,0.0,0.0,0.0,0.0,0.0,0.0,0.0,0.0,0.0,0.0,0.0,0.0,0.0,0.0,0.0,0.0,0.0,0.0,0.0,0.0,0.0,0.0,0.0,0.0,0.0,0.0,0.0,0.0,0.0,0.0
0.5061012506484985,0.2388404905796051,-0.5625552535057068,0.9999169111251831,0.5216866731643677,0.2054213136434555,-0.5225510001182556,0.9998199343681335,0.5311902165412903,0.20564228296279907,-0.5226897597312927,0.9998295307159424,0.5383502840995789,0.20661252737045288,-0.5224621891975403,0.999769926071167,0.4939858615398407,0.20482730865478516,-0.5239846706390381,0.9998185634613037,0.4842648506164551,0.20543378591537476,-0.5239085555076599,0.9998520612716675,0.4757477343082428,0.20609478652477264,-0.5242794752120972,0.9998258948326111,0.5506159067153931,0.23098571598529816,-0.2848333418369293,0.9997360110282898,0.4658965766429901,0.23400510847568512,-0.2907038629055023,0.9998077154159546,0.5226460695266724,0.28719833493232727,-0.4781497120857239,0.9999260306358337,0.4873770475387573,0.2859271466732025,-0.48066452145576477,0.9999102354049683,0.6129672527313232,0.4862214922904968,-0.16586589813232422,0.9995112419128418,0.4068220853805542,0.4896252751350403,-0.12053539603948593,0.9994825124740601,0.6307994723320007,0.8121126890182495,-0.4392644464969635,0.9718506336212158,0.3850306272506714,0.8075951933860779,-0.028453951701521873,0.9696778059005737,0.6190506219863892,0.6175259351730347,-0.9682865738868713,0.9304541945457458,0.37588372826576233,1.005108118057251,-0.21720823645591736,0.9438825249671936,0.6165838241577148,0.5674508213996887,-1.068053960800171,0.8864768743515015,0.36763131618499756,1.0785266160964966,-0.25222572684288025,0.9080662727355957,0.6168444156646729,0.5341585278511047,-1.042392373085022,0.8967475891113281,0.37393367290496826,1.0642788410186768,-0.31362658739089966,0.9183768033981323,0.6161496639251709,0.5461385846138,-0.9714345932006836,0.9133773446083069,0.3806680142879486,1.0339609384536743,-0.2457951158285141,0.9271869659423828,0.571478545665741,0.9978709816932678,-0.01614956185221672,0.6914807558059692,0.44631388783454895,0.9864560961723328,0.017795035615563393,0.6543270945549011,0.5702893137931824,1.4088420867919922,0.02433127351105213,0.0036676207091659307,0.43021950125694275,1.3909024000167847,0.006571066565811634,0.003802348393946886,0.5601164102554321,1.7547560930252075,0.3738119900226593,0.00038420999771915376,0.4244438111782074,1.7437317371368408,0.28468337655067444,0.00033150779199786484,0.5639353394508362,1.8064820766448975,0.38995134830474854,0.0001885474193841219,0.419489324092865,1.7987337112426758,0.3005129396915436,0.0003504791820887476,0.535512387752533,1.8767493963241577,0.08801184594631195,0.0002726265520323068,0.44599035382270813,1.8641819953918457,-0.020787395536899567,0.0007906559621915221,0.6277690529823303,0.5843935012817383,-5.909948797011566e-08,0.6161302328109741,0.545801043510437,-0.0003062341420445591,0.6076893210411072,0.5025181770324707,-0.0023374981246888638,0.6020617485046387,0.47111794352531433,-0.005095099098980427,0.5962793827056885,0.4473891854286194,-0.008330234326422215,0.621235728263855,0.470559298992157,-0.00709892762824893,0.6129239797592163,0.43435943126678467,-0.014950519427657127,0.6059628129005432,0.40516045689582825,-0.01890822872519493,0.6008656620979309,0.3812059760093689,-0.0219618771225214,0.6243413090705872,0.4829612374305725,-0.011467735283076763,0.590007483959198,0.4776354134082794,-0.021724883466959,0.5835229158401489,0.5024827122688293,-0.02141859568655491,0.5879268646240234,0.5170998573303223,-0.01998395286500454,0.6238443851470947,0.5055142641067505,-0.01614661142230034,0.5906352996826172,0.5074601769447327,-0.026243016123771667,0.5877774953842163,0.5277000665664673,-0.021883532404899597,0.5938944816589355,0.5359580516815186,-0.0174349807202816,0.6221215724945068,0.5328534245491028,-0.020931538194417953,0.5954512357711792,0.5371014475822449,-0.028389858081936836,0.5932817459106445,0.5504131317138672,-0.026471735909581184,0.5992670655250549,0.554538369178772,-0.023724457249045372,0.0,0.0,0.0,0.0,0.0,0.0,0.0,0.0,0.0,0.0,0.0,0.0,0.0,0.0,0.0,0.0,0.0,0.0,0.0,0.0,0.0,0.0,0.0,0.0,0.0,0.0,0.0,0.0,0.0,0.0,0.0,0.0,0.0,0.0,0.0,0.0,0.0,0.0,0.0,0.0,0.0,0.0,0.0,0.0,0.0,0.0,0.0,0.0,0.0,0.0,0.0,0.0,0.0,0.0,0.0,0.0,0.0,0.0,0.0,0.0,0.0,0.0,0.0
0.5059908032417297,0.23806510865688324,-0.5363448262214661,0.9999198913574219,0.5215142965316772,0.20465217530727386,-0.4967479407787323,0.9998289346694946,0.5309156179428101,0.2047940045595169,-0.49689385294914246,0.9998393654823303,0.5384833812713623,0.20569060742855072,-0.4966624081134796,0.9997822642326355,0.4933711588382721,0.20434539020061493,-0.49807363748550415,0.9998263120651245,0.4835679233074188,0.20498517155647278,-0.4979727864265442,0.9998584389686584,0.47515445947647095,0.20562833547592163,-0.4983321726322174,0.9998317956924438,0.5506656765937805,0.22992965579032898,-0.2652115225791931,0.9997494220733643,0.46479564905166626,0.23343759775161743,-0.2700778841972351,0.9998179078102112,0.5231626033782959,0.2867218554019928,-0.45452880859375,0.9999286532402039,0.48740729689598083,0.28535425662994385,-0.4568482041358948,0.9999135136604309,0.612916886806488,0.48639407753944397,-0.15757690370082855,0.9995279312133789,0.40652868151664734,0.489921510219574,-0.10495056211948395,0.9994850158691406,0.631774365901947,0.8172094821929932,-0.41214773058891296,0.9726492166519165,0.38451433181762695,0.8103966116905212,-0.010331407189369202,0.9679883122444153,0.6195964217185974,0.621471107006073,-0.919505774974823,0.933462381362915,0.3744949698448181,0.9961247444152832,-0.19207629561424255,0.9405912756919861,0.6169257760047913,0.572047770023346,-1.0179088115692139,0.8919880390167236,0.36723726987838745,1.0862513780593872,-0.22550664842128754,0.903854489326477,0.6172693967819214,0.5383126139640808,-0.9908396005630493,0.9017168879508972,0.37335509061813354,1.0721462965011597,-0.2882221043109894,0.9148530960083008,0.6158915162086487,0.550552487373352,-0.9220258593559265,0.9165643453598022,0.3803621828556061,1.0411690473556519,-0.2214779108762741,0.9247453808784485,0.5721467137336731,0.9978872537612915,-0.019032485783100128,0.6967040300369263,0.44740718603134155,0.986862301826477,0.02082917094230652,0.6592992544174194,0.5702674984931946,1.4105192422866821,0.01700727827847004,0.003813092829659581,0.429450124502182,1.393269658088684,0.02354014851152897,0.003827337408438325,0.5590685606002808,1.7568583488464355,0.3736962080001831,0.0004150180029682815,0.4236586391925812,1.7459380626678467,0.3048293888568878,0.00034362071892246604,0.5630578994750977,1.8083198070526123,0.39112192392349243,0.00019434807472862303,0.4189611077308655,1.8000787496566772,0.32163122296333313,0.00035196932731196284,0.5345707535743713,1.8784003257751465,0.09491726756095886,0.00028763702721334994,0.44473522901535034,1.866660475730896,0.004799775313585997,0.0007963594398461282,0.6273079514503479,0.5827147364616394,-6.732211943472066e-08,0.6168218851089478,0.5446435809135437,-0.00019644670828711241,0.6081616282463074,0.5006945133209229,-0.002180516952648759,0.6019541621208191,0.4693396985530853,-0.004869632888585329,0.5950427055358887,0.44622448086738586,-0.008086901158094406,0.6203547120094299,0.4706209599971771,-0.007273503113538027,0.61163330078125,0.43355920910835266,-0.014901053160429,0.6042598485946655,0.4050370752811432,-0.018360430374741554,0.5994436740875244,0.38229355216026306,-0.02097478322684765,0.623730480670929,0.4835655987262726,-0.011662209406495094,0.5907204747200012,0.47719937562942505,-0.0215296670794487,0.5844549536705017,0.5018191933631897,-0.02085302770137787,0.5890550017356873,0.5166139602661133,-0.01917363330721855,0.6234222650527954,0.5064210891723633,-0.016320563852787018,0.5911720395088196,0.508935809135437,-0.026064597070217133,0.5886077880859375,0.5285930037498474,-0.021575849503278732,0.5948719382286072,0.536586582660675,-0.01714993268251419,0.6217657923698425,0.5332726836204529,-0.021028051152825356,0.5955100059509277,0.537794291973114,-0.02826060727238655,0.5939549207687378,0.5514042973518372,-0.02621464431285858,0.6002241969108582,0.5552554130554199,-0.02347807213664055,0.0,0.0,0.0,0.0,0.0,0.0,0.0,0.0,0.0,0.0,0.0,0.0,0.0,0.0,0.0,0.0,0.0,0.0,0.0,0.0,0.0,0.0,0.0,0.0,0.0,0.0,0.0,0.0,0.0,0.0,0.0,0.0,0.0,0.0,0.0,0.0,0.0,0.0,0.0,0.0,0.0,0.0,0.0,0.0,0.0,0.0,0.0,0.0,0.0,0.0,0.0,0.0,0.0,0.0,0.0,0.0,0.0,0.0,0.0,0.0,0.0,0.0,0.0
0.5057755708694458,0.23723340034484863,-0.5347224473953247,0.9999186992645264,0.5212939381599426,0.20403622090816498,-0.49546071887016296,0.9998303651809692,0.530708909034729,0.2041490375995636,-0.4955807030200958,0.9998412132263184,0.5384774804115295,0.20503319799900055,-0.49534115195274353,0.999783992767334,0.4929647445678711,0.20386062562465668,-0.49467068910598755,0.9998282790184021,0.4830683171749115,0.20434923470020294,-0.4945354163646698,0.9998615384101868,0.4750060737133026,0.20488156378269196,-0.4948541224002838,0.9998353719711304,0.5506959557533264,0.2295888215303421,-0.2652179002761841,0.9997539520263672,0.46465423703193665,0.23278461396694183,-0.2601500153541565,0.9998190402984619,0.523367702960968,0.2862653434276581,-0.45364198088645935,0.9999272227287292,0.48744073510169983,0.2845541834831238,-0.4531467854976654,0.9999111890792847,0.6129528880119324,0.4865039885044098,-0.15831957757472992,0.9995366930961609,0.40614983439445496,0.4899950325489044,-0.08984814584255219,0.999479353427887,0.6320463418960571,0.8169187903404236,-0.4318808615207672,0.9737154245376587,0.3831421732902527,0.8103174567222595,0.011355963535606861,0.9677666425704956,0.6199352741241455,0.6156613826751709,-0.9520710706710815,0.9375050663948059,0.3748440444469452,0.9844936728477478,-0.1723785698413849,0.9421018958091736,0.6175906658172607,0.5684397220611572,-1.052750587463379,0.8985373377799988,0.37250930070877075,1.0746068954467773,-0.20451617240905762,0.9064257740974426,0.6177741289138794,0.5357581377029419,-1.0237706899642944,0.9075407385826111,0.376173198223114,1.0570852756500244,-0.26492759585380554,0.9172939658164978,0.615996778011322,0.5470799803733826,-0.9540135264396667,0.9209272265434265,0.38180944323539734,1.0261074304580688,-0.20070695877075195,0.9273231029510498,0.5724009871482849,0.9969421625137329,-0.02700248919427395,0.7056828141212463,0.4471089541912079,0.9870942234992981,0.028898421674966812,0.6674119234085083,0.571590781211853,1.4134169816970825,0.020068828016519547,0.00394931435585022,0.4295877516269684,1.396490216255188,0.044668033719062805,0.003874426009133458,0.5604134798049927,1.7595434188842773,0.3918170630931854,0.00043983940850012004,0.42377910017967224,1.7481608390808105,0.33889466524124146,0.0003581552591640502,0.5645199418067932,1.8112603425979614,0.4107747972011566,0.00019793296814896166,0.4189465343952179,1.8015823364257812,0.35782530903816223,0.00034965775557793677,0.5355455875396729,1.880943775177002,0.11131890118122101,0.00029578604153357446,0.4462888538837433,1.8705192804336548,0.03908468782901764,0.0007876352174207568,0.6265094876289368,0.5770263671875,-6.846810407523662e-08,0.6169532537460327,0.5397215485572815,0.0004072218725923449,0.6079865097999573,0.4981120228767395,-0.0017937102820724249,0.6010945439338684,0.46884673833847046,-0.004955925513058901,0.5953086614608765,0.44902175664901733,-0.008734414353966713,0.6205082535743713,0.47013065218925476,-0.0077068679966032505,0.6114711761474609,0.4320319592952728,-0.0157459806650877,0.6044766902923584,0.4045332968235016,-0.019214725121855736,0.6005276441574097,0.38231712579727173,-0.021744271740317345,0.6235073804855347,0.48430562019348145,-0.012658254243433475,0.5910447835922241,0.4784545600414276,-0.023142419755458832,0.585204005241394,0.5013765096664429,-0.0227370522916317,0.5900470018386841,0.5136283040046692,-0.021189993247389793,0.6229948997497559,0.5076410174369812,-0.017765965312719345,0.590878963470459,0.5096832513809204,-0.027850495651364326,0.5890188813209534,0.5279257893562317,-0.0234763752669096,0.5959711074829102,0.5336747765541077,-0.01917165331542492,0.6214719414710999,0.5344275236129761,-0.02282504364848137,0.5950292944908142,0.5373747944831848,-0.03026632033288479,0.5942797660827637,0.5499488115310669,-0.027972884476184845,0.6016547083854675,0.5526652336120605,-0.02503960020840168,0.0,0.0,0.0,0.0,0.0,0.0,0.0,0.0,0.0,0.0,0.0,0.0,0.0,0.0,0.0,0.0,0.0,0.0,0.0,0.0,0.0,0.0,0.0,0.0,0.0,0.0,0.0,0.0,0.0,0.0,0.0,0.0,0.0,0.0,0.0,0.0,0.0,0.0,0.0,0.0,0.0,0.0,0.0,0.0,0.0,0.0,0.0,0.0,0.0,0.0,0.0,0.0,0.0,0.0,0.0,0.0,0.0,0.0,0.0,0.0,0.0,0.0,0.0
0.505509078502655,0.23687240481376648,-0.5167866945266724,0.9999217391014099,0.5212610960006714,0.203627809882164,-0.4774704873561859,0.9998384714126587,0.5305500626564026,0.2037590593099594,-0.4775831401348114,0.9998487830162048,0.5384588241577148,0.20466060936450958,-0.4773179888725281,0.999794065952301,0.49260541796684265,0.20349203050136566,-0.4761287271976471,0.9998365044593811,0.4826136827468872,0.20389652252197266,-0.4759535789489746,0.9998689889907837,0.4746755063533783,0.20435810089111328,-0.47627466917037964,0.9998440742492676,0.5504575967788696,0.22958295047283173,-0.25005871057510376,0.9997664093971252,0.4645390808582306,0.23222801089286804,-0.24303530156612396,0.9998264312744141,0.5230836272239685,0.28610759973526,-0.43737855553627014,0.9999291896820068,0.4872962236404419,0.2841300666332245,-0.4363371729850769,0.9999125599861145,0.6127888560295105,0.48687228560447693,-0.15368503332138062,0.9995505809783936,0.40554094314575195,0.4902886748313904,-0.07848680019378662,0.9994832277297974,0.6310123801231384,0.8178212642669678,-0.4220220148563385,0.9744108319282532,0.38248685002326965,0.8118036985397339,0.017899546772241592,0.9676217436790466,0.6201275587081909,0.6133736968040466,-0.9408687353134155,0.9410122036933899,0.3759082555770874,1.0051970481872559,-0.16194391250610352,0.9437659978866577,0.6198980212211609,0.5672153234481812,-1.0418015718460083,0.9043588042259216,0.37546566128730774,1.0779606103897095,-0.19301876425743103,0.9095321893692017,0.6183789372444153,0.5356636643409729,-1.0116931200027466,0.9128425121307373,0.3785150349140167,1.0600230693817139,-0.252451628446579,0.9200708270072937,0.6164188981056213,0.5473353862762451,-0.9427586197853088,0.9249413013458252,0.3834833800792694,1.0288538932800293,-0.18976189196109772,0.9302608966827393,0.5718969702720642,0.9971530437469482,-0.02916296198964119,0.7102195620536804,0.4459771513938904,0.9882270097732544,0.031031686812639236,0.6704379320144653,0.5711060166358948,1.4171206951141357,0.03086826018989086,0.003846095409244299,0.4282574951648712,1.4018163681030273,0.06533966213464737,0.0037408098578453064,0.5600296258926392,1.7619935274124146,0.41053515672683716,0.00043207540875300765,0.4230893552303314,1.7507812976837158,0.3732248842716217,0.00034953781869262457,0.5641003847122192,1.8133888244628906,0.4310187101364136,0.0001902258227346465,0.41829028725624084,1.8028881549835205,0.39489656686782837,0.0003332218620926142,0.53586745262146,1.8827579021453857,0.1363491714000702,0.00028992712032049894,0.4464121162891388,1.8743441104888916,0.07420088350772858,0.0007561183301731944,0.6264300346374512,0.5796129703521729,-1.0241316772408027e-07,0.6146557927131653,0.5391684770584106,-5.439375854621176e-06,0.6064193844795227,0.4964160919189453,-0.002259262604638934,0.6006669998168945,0.4659171998500824,-0.005668278317898512,0.5945755243301392,0.4455578327178955,-0.009559753350913525,0.6206185817718506,0.46785175800323486,-0.006289258133620024,0.6130294799804688,0.4311911165714264,-0.01462315209209919,0.6058322191238403,0.4039173722267151,-0.01861756667494774,0.6001930236816406,0.382381796836853,-0.021512774750590324,0.6241269111633301,0.48211923241615295,-0.011468219570815563,0.5911116600036621,0.47484442591667175,-0.02266724593937397,0.5842251181602478,0.500352680683136,-0.02275191619992256,0.5875826478004456,0.5155792236328125,-0.021139943972229958,0.6237455010414124,0.5052342414855957,-0.017005300149321556,0.5912433862686157,0.508578896522522,-0.027400696650147438,0.5893397331237793,0.5291944742202759,-0.022972196340560913,0.5957897305488586,0.5367055535316467,-0.018341630697250366,0.6218565106391907,0.5325292944908142,-0.022688400000333786,0.5958577990531921,0.5368512272834778,-0.02980818785727024,0.5948894619941711,0.5499836802482605,-0.02743898332118988,0.6017179489135742,0.5530423521995544,-0.024430051445961,0.0,0.0,0.0,0.0,0.0,0.0,0.0,0.0,0.0,0.0,0.0,0.0,0.0,0.0,0.0,0.0,0.0,0.0,0.0,0.0,0.0,0.0,0.0,0.0,0.0,0.0,0.0,0.0,0.0,0.0,0.0,0.0,0.0,0.0,0.0,0.0,0.0,0.0,0.0,0.0,0.0,0.0,0.0,0.0,0.0,0.0,0.0,0.0,0.0,0.0,0.0,0.0,0.0,0.0,0.0,0.0,0.0,0.0,0.0,0.0,0.0,0.0,0.0
0.5055757761001587,0.2365189790725708,-0.5184915661811829,0.9999212622642517,0.521095335483551,0.20326560735702515,-0.4791690707206726,0.999839723110199,0.530284583568573,0.20344145596027374,-0.47928449511528015,0.9998508095741272,0.5381985902786255,0.20438431203365326,-0.479030966758728,0.9997966289520264,0.49257218837738037,0.20315596461296082,-0.4796726405620575,0.9998369812965393,0.4825378954410553,0.20353303849697113,-0.47953176498413086,0.9998696446418762,0.47462400794029236,0.20396989583969116,-0.47986900806427,0.999843955039978,0.5501108765602112,0.22960606217384338,-0.2513498365879059,0.9997693300247192,0.4646557867527008,0.23184536397457123,-0.25265562534332275,0.999826967716217,0.5229712724685669,0.28599703311920166,-0.43853846192359924,0.9999293088912964,0.48745009303092957,0.28375864028930664,-0.43976932764053345,0.9999121427536011,0.6127842664718628,0.4872051775455475,-0.1496751755475998,0.9995582699775696,0.4053359627723694,0.4904717803001404,-0.09358474612236023,0.9994800686836243,0.6306394934654236,0.8174233436584473,-0.40766197443008423,0.974846601486206,0.3829483985900879,0.8118913173675537,-0.010379123501479626,0.9667581915855408,0.6203938126564026,0.6142615675926208,-0.9165443181991577,0.9430133104324341,0.3763057291507721,1.0040905475616455,-0.201081320643425,0.9434102177619934,0.6200686097145081,0.5680336952209473,-1.015863060951233,0.9075702428817749,0.3747864067554474,1.0778988599777222,-0.23533259332180023,0.9096216559410095,0.6188287734985352,0.5364336371421814,-0.9870838522911072,0.9157223701477051,0.3792506158351898,1.0608662366867065,-0.29583674669265747,0.9201758503913879,0.6166331768035889,0.5479894876480103,-0.918825089931488,0.9269704222679138,0.3838023245334625,1.0298705101013184,-0.22980651259422302,0.9308199286460876,0.5716372728347778,0.9979286193847656,-0.02069195732474327,0.7151452898979187,0.4451819658279419,0.9883731603622437,0.022440077736973763,0.6751575469970703,0.5702582597732544,1.4151719808578491,0.03392786905169487,0.0038820449262857437,0.42826053500175476,1.40017569065094,0.05146774277091026,0.0037387805059552193,0.5591287612915039,1.7609118223190308,0.40231817960739136,0.00043453482794575393,0.42274826765060425,1.748984932899475,0.3417509198188782,0.00034996666363440454,0.5630818009376526,1.8123358488082886,0.42139896750450134,0.00018969603115692735,0.4177038073539734,1.8008580207824707,0.36037322878837585,0.0003271876194048673,0.5352504253387451,1.8806637525558472,0.12701116502285004,0.00028915918665006757,0.4456084370613098,1.871004581451416,0.04485214874148369,0.0007381063769571483,0.6271668672561646,0.5811743140220642,-1.0014552742632077e-07,0.6164414286613464,0.5419871211051941,0.00022805640765000135,0.6079251170158386,0.4996328353881836,-0.002020837040618062,0.6013162136077881,0.4689626097679138,-0.005364624317735434,0.594460129737854,0.4463350772857666,-0.009165172465145588,0.621542751789093,0.47088363766670227,-0.006744390353560448,0.6131036877632141,0.4331454038619995,-0.015312864445149899,0.6054955720901489,0.4046710431575775,-0.019555259495973587,0.5996567010879517,0.38222140073776245,-0.022639084607362747,0.6243183612823486,0.48395490646362305,-0.012012077495455742,0.5917110443115234,0.47610747814178467,-0.023371249437332153,0.5851793885231018,0.5007910132408142,-0.023511750623583794,0.5887240171432495,0.5162114500999451,-0.022059522569179535,0.6235034465789795,0.5063298344612122,-0.01759532280266285,0.5911007523536682,0.508729100227356,-0.02794431895017624,0.58925861120224,0.5289831757545471,-0.023413481190800667,0.595654308795929,0.5368887186050415,-0.018892252817749977,0.6215684413909912,0.5329738259315491,-0.023309696465730667,0.595291793346405,0.5370926260948181,-0.030571963638067245,0.5945011377334595,0.5503162145614624,-0.028252780437469482,0.6015414595603943,0.55359947681427,-0.025350315496325493,0.0,0.0,0.0,0.0,0.0,0.0,0.0,0.0,0.0,0.0,0.0,0.0,0.0,0.0,0.0,0.0,0.0,0.0,0.0,0.0,0.0,0.0,0.0,0.0,0.0,0.0,0.0,0.0,0.0,0.0,0.0,0.0,0.0,0.0,0.0,0.0,0.0,0.0,0.0,0.0,0.0,0.0,0.0,0.0,0.0,0.0,0.0,0.0,0.0,0.0,0.0,0.0,0.0,0.0,0.0,0.0,0.0,0.0,0.0,0.0,0.0,0.0,0.0
0.5052652955055237,0.2362474650144577,-0.5188024044036865,0.9999218583106995,0.5210179090499878,0.20311155915260315,-0.4793807566165924,0.99984210729599,0.5302151441574097,0.2033332884311676,-0.47950753569602966,0.9998542666435242,0.5381215810775757,0.20434658229351044,-0.4792878031730652,0.9998011589050293,0.4923337399959564,0.20293201506137848,-0.4804237484931946,0.9998378157615662,0.48226112127304077,0.20327293872833252,-0.48028960824012756,0.9998694658279419,0.4743729531764984,0.2036799043416977,-0.48063525557518005,0.9998422265052795,0.550173819065094,0.22989550232887268,-0.2512953579425812,0.9997730255126953,0.4644668996334076,0.23161306977272034,-0.2549736797809601,0.9998293519020081,0.5226168632507324,0.28586795926094055,-0.4386444091796875,0.9999305605888367,0.48712968826293945,0.2834711968898773,-0.4405421018600464,0.9999139904975891,0.6128198504447937,0.48756030201911926,-0.15038983523845673,0.9995650053024292,0.40552663803100586,0.4905146360397339,-0.09455351531505585,0.9994781017303467,0.6303347945213318,0.817221462726593,-0.4189836084842682,0.9750412106513977,0.3833508789539337,0.8110077977180481,-0.017086535692214966,0.9647018909454346,0.6204501986503601,0.6147101521492004,-0.9271112084388733,0.9436631798744202,0.3759404122829437,0.9890073537826538,-0.2163199931383133,0.9388412833213806,0.6196227669715881,0.5675509572029114,-1.0269238948822021,0.9089824557304382,0.37189432978630066,1.0781797170639038,-0.2509724199771881,0.903430700302124,0.6187738180160522,0.5363996624946594,-0.9973275661468506,0.9169869422912598,0.37746933102607727,1.0624772310256958,-0.3135867118835449,0.9146792888641357,0.616288959980011,0.5484185218811035,-0.9291772246360779,0.9275761842727661,0.3834376633167267,1.0321769714355469,-0.24633532762527466,0.9265673160552979,0.5722159743309021,0.9992405772209167,-0.019097061827778816,0.718928337097168,0.44549205899238586,0.9885937571525574,0.0209363903850317,0.6785902380943298,0.5699102878570557,1.4155478477478027,0.02097034640610218,0.003977527376264334,0.42860010266304016,1.3981326818466187,0.029682837426662445,0.0037575536407530308,0.5589730143547058,1.7632040977478027,0.3785914480686188,0.0004399314639158547,0.42209261655807495,1.7494511604309082,0.3102554976940155,0.00035195142845623195,0.5629656314849854,1.8154594898223877,0.39615318179130554,0.0001927180856000632,0.4164848327636719,1.8030425310134888,0.32737022638320923,0.0003275756607763469,0.5346460938453674,1.8846393823623657,0.0985313281416893,0.0002913118223659694,0.44478723406791687,1.8710622787475586,0.008568990975618362,0.0007323841564357281,0.6278743743896484,0.5833857655525208,-1.0601232247609005e-07,0.6175188422203064,0.5417757630348206,0.000554678204935044,0.6086857914924622,0.4983883500099182,-0.0015403757570311427,0.601810097694397,0.46806198358535767,-0.004881674889475107,0.5958036780357361,0.4468573033809662,-0.008739180862903595,0.6214330792427063,0.46962249279022217,-0.0057870810851454735,0.6136218905448914,0.4322372078895569,-0.014010192826390266,0.6060792207717896,0.4044994115829468,-0.017981702461838722,0.5999212861061096,0.3826208710670471,-0.0209193155169487,0.6241821050643921,0.48358240723609924,-0.011246121488511562,0.5907586812973022,0.4759262800216675,-0.022032372653484344,0.5842598080635071,0.501190185546875,-0.021999849006533623,0.5879078507423401,0.5163348317146301,-0.02052086964249611,0.623522162437439,0.5068472623825073,-0.017031576484441757,0.5909904837608337,0.5094316005706787,-0.02711445838212967,0.5895915627479553,0.5297510623931885,-0.02258365787565708,0.5963513255119324,0.5371570587158203,-0.01810569129884243,0.6216521263122559,0.53429114818573,-0.02292715199291706,0.5955130457878113,0.5389639735221863,-0.030076567083597183,0.5949011445045471,0.5521190166473389,-0.027804290875792503,0.6019335389137268,0.5552120208740234,-0.024958450347185135,0.0,0.0,0.0,0.0,0.0,0.0,0.0,0.0,0.0,0.0,0.0,0.0,0.0,0.0,0.0,0.0,0.0,0.0,0.0,0.0,0.0,0.0,0.0,0.0,0.0,0.0,0.0,0.0,0.0,0.0,0.0,0.0,0.0,0.0,0.0,0.0,0.0,0.0,0.0,0.0,0.0,0.0,0.0,0.0,0.0,0.0,0.0,0.0,0.0,0.0,0.0,0.0,0.0,0.0,0.0,0.0,0.0,0.0,0.0,0.0,0.0,0.0,0.0
0.5054429173469543,0.23609019815921783,-0.5119655132293701,0.9999229907989502,0.5210915207862854,0.20297303795814514,-0.47186049818992615,0.999845564365387,0.5302479863166809,0.20322498679161072,-0.47200021147727966,0.9998581409454346,0.5381543040275574,0.2042723447084427,-0.4717811346054077,0.9998061060905457,0.49224841594696045,0.20281097292900085,-0.473100483417511,0.9998407363891602,0.48205211758613586,0.2031617909669876,-0.47296956181526184,0.9998712539672852,0.47421926259994507,0.20355822145938873,-0.47332316637039185,0.9998437762260437,0.5498133301734924,0.22983108460903168,-0.24230057001113892,0.9997780919075012,0.4640575349330902,0.23157012462615967,-0.24718992412090302,0.9998337626457214,0.5227830410003662,0.2858359217643738,-0.43124744296073914,0.9999316930770874,0.4872707724571228,0.2834548354148865,-0.4336187243461609,0.9999158978462219,0.612047553062439,0.4877473711967468,-0.14207211136817932,0.9995635747909546,0.4050697982311249,0.4908270835876465,-0.08818107098340988,0.9994707107543945,0.6300416588783264,0.8171692490577698,-0.40811049938201904,0.9746597409248352,0.38348689675331116,0.8100677132606506,-0.01618349365890026,0.9621766209602356,0.6205421686172485,0.6116198897361755,-0.9132121801376343,0.9432416558265686,0.37641245126724243,0.9975259304046631,-0.21980945765972137,0.933661162853241,0.6191582083702087,0.5630496144294739,-1.0111349821090698,0.9087012410163879,0.37126225233078003,1.0726592540740967,-0.2552157938480377,0.8975196480751038,0.6185957789421082,0.5307753682136536,-0.9812857508659363,0.916641354560852,0.37708476185798645,1.057315707206726,-0.3157806396484375,0.9095710515975952,0.6156792044639587,0.5428850650787354,-0.9150606989860535,0.9268597364425659,0.38324758410453796,1.0269557237625122,-0.24928027391433716,0.9223029613494873,0.5718661546707153,0.9976390600204468,-0.01717430166900158,0.7198762893676758,0.4445055425167084,0.9891913533210754,0.019018996506929398,0.6794083118438721,0.5702300667762756,1.4145978689193726,0.011509050615131855,0.0040327380411326885,0.4290442168712616,1.3967548608779907,0.012488425709307194,0.0037708093877881765,0.5603686571121216,1.7623486518859863,0.3606313169002533,0.00044062398956157267,0.4228805899620056,1.748107671737671,0.2837871313095093,0.00035719884908758104,0.5644484162330627,1.8142101764678955,0.3770802319049835,0.00019260898989159614,0.4171071946620941,1.8015902042388916,0.29969683289527893,0.0003287432773504406,0.5355484485626221,1.8838340044021606,0.07869259268045425,0.0002918474783655256,0.44555389881134033,1.8686838150024414,-0.018667738884687424,0.0007355633424594998,0.6278365254402161,0.5884088277816772,-1.1699795976483074e-07,0.6162626147270203,0.5480582118034363,0.0004979755613021553,0.6078559756278992,0.5032232403755188,-0.0011995049426332116,0.6019068956375122,0.4707459807395935,-0.00387375894933939,0.595938503742218,0.44509679079055786,-0.0069023300893604755,0.6217119693756104,0.47238850593566895,-0.006500545423477888,0.6132007837295532,0.43498992919921875,-0.014909324236214161,0.6056721806526184,0.40639662742614746,-0.01926976628601551,0.599327564239502,0.3840351104736328,-0.02246132306754589,0.6246442794799805,0.48520970344543457,-0.011626132763922215,0.5915787816047668,0.47791188955307007,-0.022383742034435272,0.5859295129776001,0.5021560192108154,-0.02239507995545864,0.5901921391487122,0.5171409249305725,-0.02107580378651619,0.6236588358879089,0.5079717636108398,-0.017052248120307922,0.5908680558204651,0.5102786421775818,-0.02688552252948284,0.5892857909202576,0.5298336744308472,-0.022527450695633888,0.5957520008087158,0.5377674102783203,-0.018290914595127106,0.6214930415153503,0.5351186394691467,-0.022615808993577957,0.5951699614524841,0.5383418798446655,-0.029464395716786385,0.593846321105957,0.5515931844711304,-0.027197374030947685,0.6001595854759216,0.5558896064758301,-0.024428337812423706,0.0,0.0,0.0,0.0,0.0,0.0,0.0,0.0,0.0,0.0,0.0,0.0,0.0,0.0,0.0,0.0,0.0,0.0,0.0,0.0,0.0,0.0,0.0,0.0,0.0,0.0,0.0,0.0,0.0,0.0,0.0,0.0,0.0,0.0,0.0,0.0,0.0,0.0,0.0,0.0,0.0,0.0,0.0,0.0,0.0,0.0,0.0,0.0,0.0,0.0,0.0,0.0,0.0,0.0,0.0,0.0,0.0,0.0,0.0,0.0,0.0,0.0,0.0
0.5048604607582092,0.23587003350257874,-0.5218793749809265,0.9999232888221741,0.52077317237854,0.20285707712173462,-0.48126813769340515,0.9998472332954407,0.5299266576766968,0.20309768617153168,-0.48139849305152893,0.999860405921936,0.5379585027694702,0.2041482925415039,-0.4811866879463196,0.999809205532074,0.49166539311408997,0.20269863307476044,-0.4821552634239197,0.999841570854187,0.48142802715301514,0.20302969217300415,-0.48206034302711487,0.9998710751533508,0.4736746549606323,0.20341408252716064,-0.48241758346557617,0.9998430013656616,0.5498551726341248,0.22978350520133972,-0.2488003373146057,0.9997807145118713,0.4636818766593933,0.23152898252010345,-0.2521558105945587,0.9998354911804199,0.522551417350769,0.285749226808548,-0.4399740397930145,0.9999321103096008,0.4867135286331177,0.2833236753940582,-0.44182831048965454,0.9999168515205383,0.6121990084648132,0.48799705505371094,-0.1456240564584732,0.9995594024658203,0.4049987494945526,0.49114638566970825,-0.09050238877534866,0.9994631409645081,0.6296815872192383,0.8180503249168396,-0.4120739996433258,0.9741381406784058,0.38321441411972046,0.8101567029953003,-0.023179465904831886,0.9597112536430359,0.6204543709754944,0.6128140687942505,-0.9200128316879272,0.9415779709815979,0.3769628703594208,0.9986630082130432,-0.23615436255931854,0.9292210936546326,0.6184882521629333,0.5639851093292236,-1.0178495645523071,0.9065545797348022,0.37361472845077515,1.0722641944885254,-0.2734258770942688,0.8918536305427551,0.6182267069816589,0.5318607091903687,-0.9888031482696533,0.914543867111206,0.3786715865135193,1.0563592910766602,-0.3317948877811432,0.9044180512428284,0.6149881482124329,0.5443694591522217,-0.9219507575035095,0.9245768189430237,0.3834892511367798,1.0257624387741089,-0.26499050855636597,0.9181039929389954,0.5716750025749207,0.9986276030540466,-0.014606956392526627,0.7265470623970032,0.4439951479434967,0.9900016784667969,0.016390018165111542,0.6874362230300903,0.5683338642120361,1.4157936573028564,0.028495360165834427,0.0042200954630970955,0.42660388350486755,1.3970919847488403,0.018229633569717407,0.0038925891276448965,0.5580888390541077,1.7633267641067505,0.38387101888656616,0.0004596082435455173,0.42069828510284424,1.74949049949646,0.29761651158332825,0.0003743541892617941,0.5620490908622742,1.8160362243652344,0.4013197124004364,0.00020063554984517395,0.4153986871242523,1.8039987087249756,0.31391820311546326,0.00033940462162718177,0.5335997939109802,1.8845672607421875,0.10194588452577591,0.0003032015811186284,0.4421774744987488,1.8699268102645874,-0.006245586555451155,0.0007588427979499102,0.6276569366455078,0.5864331126213074,-1.0150520068918922e-07,0.6168501973152161,0.5470297932624817,0.0002318767219549045,0.6082274913787842,0.5023248195648193,-0.0016324754105880857,0.6023015975952148,0.4701043367385864,-0.004378010984510183,0.5971193313598633,0.4460051357746124,-0.007525006774812937,0.6221939921379089,0.47331535816192627,-0.0069187055341899395,0.6132076382637024,0.4352984130382538,-0.015059531666338444,0.6056017875671387,0.4060094952583313,-0.01908249966800213,0.5997468829154968,0.3833577334880829,-0.022109312936663628,0.6248839497566223,0.4862496256828308,-0.011818543076515198,0.5913450121879578,0.47882118821144104,-0.022581012919545174,0.5856801271438599,0.5021471381187439,-0.02240194007754326,0.5903193354606628,0.5165620446205139,-0.020971454679965973,0.623720109462738,0.5087798833847046,-0.016991686075925827,0.5907852649688721,0.5097615718841553,-0.02705206908285618,0.5888316035270691,0.528501570224762,-0.022683780640363693,0.5953945517539978,0.5359479784965515,-0.018425125628709793,0.6215124726295471,0.5355395674705505,-0.022262483835220337,0.5950347185134888,0.5382544994354248,-0.02943461574614048,0.5937104821205139,0.5516564249992371,-0.027259211987257004,0.6004749536514282,0.5556193590164185,-0.024525461718440056,0.0,0.0,0.0,0.0,0.0,0.0,0.0,0.0,0.0,0.0,0.0,0.0,0.0,0.0,0.0,0.0,0.0,0.0,0.0,0.0,0.0,0.0,0.0,0.0,0.0,0.0,0.0,0.0,0.0,0.0,0.0,0.0,0.0,0.0,0.0,0.0,0.0,0.0,0.0,0.0,0.0,0.0,0.0,0.0,0.0,0.0,0.0,0.0,0.0,0.0,0.0,0.0,0.0,0.0,0.0,0.0,0.0,0.0,0.0,0.0,0.0,0.0,0.0
0.5048475861549377,0.23561646044254303,-0.5259031653404236,0.9999229907989502,0.5208414793014526,0.20281882584095,-0.48517411947250366,0.999846875667572,0.5299793481826782,0.20308241248130798,-0.48527708649635315,0.9998615384101868,0.5380186438560486,0.20416495203971863,-0.4850364625453949,0.9998094439506531,0.4917605519294739,0.20258517563343048,-0.4876675307750702,0.9998414516448975,0.48160991072654724,0.2028382569551468,-0.4875699281692505,0.9998714327812195,0.4737441837787628,0.20319966971874237,-0.48793259263038635,0.9998418092727661,0.5498590469360352,0.23004861176013947,-0.25291332602500916,0.9997807741165161,0.46381017565727234,0.23139335215091705,-0.26322540640830994,0.9998389482498169,0.5224559903144836,0.28562286496162415,-0.44432714581489563,0.9999318718910217,0.4865204691886902,0.28323066234588623,-0.44804084300994873,0.9999176263809204,0.6119163036346436,0.4881942868232727,-0.1449732482433319,0.9995578527450562,0.4047004282474518,0.49157217144966125,-0.10734571516513824,0.9994726777076721,0.6292011737823486,0.8180468082427979,-0.4017663598060608,0.97309809923172,0.38330426812171936,0.8136266469955444,-0.026878636330366135,0.9593636393547058,0.6201208829879761,0.6147778630256653,-0.913350522518158,0.9382670521736145,0.3781498372554779,1.0059152841567993,-0.20926226675510406,0.9296349883079529,0.6173781156539917,0.5656488537788391,-1.0116360187530518,0.9025798439979553,0.37629634141921997,1.083359956741333,-0.2427857518196106,0.8917893171310425,0.6173161268234253,0.5328887104988098,-0.9823157787322998,0.9108722805976868,0.38024628162384033,1.068333625793457,-0.3026683032512665,0.9040936231613159,0.6132708787918091,0.5460232496261597,-0.915356457233429,0.9210768938064575,0.38440588116645813,1.0368690490722656,-0.23754765093326569,0.9185702204704285,0.5715376734733582,1.0028990507125854,-0.007547237444669008,0.7340763807296753,0.44432371854782104,0.9909689426422119,0.009284619241952896,0.6965042352676392,0.5708147287368774,1.4170790910720825,0.04895371198654175,0.004197125788778067,0.4272586405277252,1.4010860919952393,0.03745255991816521,0.003778324695304036,0.5593650341033936,1.7655744552612305,0.41729459166526794,0.00046561731141991913,0.42132997512817383,1.7541048526763916,0.3309493958950043,0.00037189305294305086,0.5633018016815186,1.818821907043457,0.4365909695625305,0.0002055949007626623,0.41601672768592834,1.8091626167297363,0.3488222658634186,0.0003304343845229596,0.5349701046943665,1.8867003917694092,0.14118999242782593,0.00030644622165709734,0.4428272843360901,1.8752532005310059,0.03197286278009415,0.0007381245377473533,0.628095805644989,0.5855178236961365,-9.315775884033428e-08,0.618446409702301,0.5471273064613342,0.0002562878653407097,0.6094169616699219,0.5031536221504211,-0.001665532123297453,0.602124810218811,0.471931517124176,-0.00448235310614109,0.5969957709312439,0.44812342524528503,-0.007735900580883026,0.6222991943359375,0.47393184900283813,-0.006355243269354105,0.6132495403289795,0.43621325492858887,-0.014390734024345875,0.6055664420127869,0.4075058400630951,-0.018244802951812744,0.600308358669281,0.3850593864917755,-0.021146129816770554,0.6249853372573853,0.4873836040496826,-0.011238032951951027,0.5913046002388,0.47903063893318176,-0.022071201354265213,0.5856863856315613,0.5024948120117188,-0.02198008820414543,0.5907911062240601,0.5169615149497986,-0.020555714145302773,0.6238721013069153,0.5100753903388977,-0.016408374533057213,0.5907874703407288,0.5094916224479675,-0.026691200211644173,0.58838951587677,0.5285230278968811,-0.022367121651768684,0.594927191734314,0.5357547402381897,-0.018011141568422318,0.6216827034950256,0.5366429686546326,-0.021617233753204346,0.5947923064231873,0.5378361940383911,-0.029034968465566635,0.5931779146194458,0.5514915585517883,-0.026864640414714813,0.5998751521110535,0.5554253458976746,-0.024042384698987007,0.0,0.0,0.0,0.0,0.0,0.0,0.0,0.0,0.0,0.0,0.0,0.0,0.0,0.0,0.0,0.0,0.0,0.0,0.0,0.0,0.0,0.0,0.0,0.0,0.0,0.0,0.0,0.0,0.0,0.0,0.0,0.0,0.0,0.0,0.0,0.0,0.0,0.0,0.0,0.0,0.0,0.0,0.0,0.0,0.0,0.0,0.0,0.0,0.0,0.0,0.0,0.0,0.0,0.0,0.0,0.0,0.0,0.0,0.0,0.0,0.0,0.0,0.0
0.5047653317451477,0.2355729192495346,-0.5428842902183533,0.9999246001243591,0.5207860469818115,0.20283561944961548,-0.5027226805686951,0.9998506307601929,0.5299587845802307,0.20314599573612213,-0.5028218030929565,0.9998651146888733,0.5379226207733154,0.20428834855556488,-0.5025675296783447,0.9998134970664978,0.49155983328819275,0.20248258113861084,-0.5031093955039978,0.9998462200164795,0.4813369810581207,0.20268593728542328,-0.5029599070549011,0.9998759031295776,0.47343674302101135,0.20302364230155945,-0.5033007264137268,0.9998466968536377,0.5494965314865112,0.2302856296300888,-0.2702100872993469,0.9997867941856384,0.4633778929710388,0.23126597702503204,-0.2712792754173279,0.9998453259468079,0.5222153663635254,0.28567543625831604,-0.4614793062210083,0.9999334216117859,0.48621922731399536,0.2835797071456909,-0.4626454710960388,0.9999203681945801,0.6112574338912964,0.4884305000305176,-0.16479772329330444,0.9995555877685547,0.40441620349884033,0.49218422174453735,-0.10496492683887482,0.9994839429855347,0.6293113231658936,0.8177487850189209,-0.4347012937068939,0.9712862372398376,0.38282299041748047,0.814444363117218,-0.025294724851846695,0.9588755369186401,0.6201563477516174,0.6173771619796753,-0.9567906856536865,0.93443363904953,0.37861868739128113,1.00595223903656,-0.22466082870960236,0.9309458136558533,0.6166390776634216,0.5680757761001587,-1.0575590133666992,0.8980396389961243,0.377002090215683,1.0827969312667847,-0.25890180468559265,0.8930605053901672,0.6168226003646851,0.5346821546554565,-1.026497721672058,0.9065566658973694,0.38096025586128235,1.0664176940917969,-0.31857162714004517,0.905227780342102,0.6124841570854187,0.5476592779159546,-0.9582380652427673,0.9170904755592346,0.38522350788116455,1.0353668928146362,-0.25319015979766846,0.9198877811431885,0.5720281600952148,1.0014582872390747,-0.01867705211043358,0.7381595969200134,0.4446881413459778,0.9915988445281982,0.020531293004751205,0.7008512020111084,0.5723165273666382,1.4205141067504883,0.0460287481546402,0.004254316911101341,0.42795291543006897,1.4070501327514648,0.05939720198512077,0.00371684692800045,0.561442494392395,1.7681176662445068,0.4249363839626312,0.00047762610483914614,0.4219644367694855,1.7585887908935547,0.3841370642185211,0.0003785394364967942,0.565502941608429,1.8215227127075195,0.44551369547843933,0.0002121555880876258,0.41654789447784424,1.813658595085144,0.4094710946083069,0.0003260944795329124,0.5369023680686951,1.8917303085327148,0.14979496598243713,0.0003115440485998988,0.4441501498222351,1.8816457986831665,0.08150995522737503,0.0007328646606765687,0.629216194152832,0.5878398418426514,-7.715845384836939e-08,0.6197338104248047,0.5496377348899841,0.0005719612818211317,0.6111248731613159,0.5043060779571533,-0.0006019515567459166,0.6038869619369507,0.4723672866821289,-0.002760679693892598,0.5975228548049927,0.4509752094745636,-0.0053174193017184734,0.6203894019126892,0.47399842739105225,-0.004930810071527958,0.6118946671485901,0.4364396333694458,-0.011984625831246376,0.6058346629142761,0.4092203974723816,-0.01493554562330246,0.60257488489151,0.3874077796936035,-0.017198855057358742,0.6236347556114197,0.48657718300819397,-0.009494969621300697,0.5913767218589783,0.48079913854599,-0.019088922068476677,0.5861631631851196,0.5038466453552246,-0.018549874424934387,0.5913928151130676,0.5162877440452576,-0.017032500356435776,0.6232568621635437,0.5087822675704956,-0.014382001012563705,0.5914846062660217,0.5105332732200623,-0.023767873644828796,0.5891950726509094,0.5292336940765381,-0.019686125218868256,0.5955004096031189,0.5352038145065308,-0.015755804255604744,0.6215199828147888,0.535186231136322,-0.019296033307909966,0.5955679416656494,0.5390824675559998,-0.026192352175712585,0.5944023728370667,0.552901029586792,-0.02433851547539234,0.6009745001792908,0.5562066435813904,-0.021874193102121353,0.0,0.0,0.0,0.0,0.0,0.0,0.0,0.0,0.0,0.0,0.0,0.0,0.0,0.0,0.0,0.0,0.0,0.0,0.0,0.0,0.0,0.0,0.0,0.0,0.0,0.0,0.0,0.0,0.0,0.0,0.0,0.0,0.0,0.0,0.0,0.0,0.0,0.0,0.0,0.0,0.0,0.0,0.0,0.0,0.0,0.0,0.0,0.0,0.0,0.0,0.0,0.0,0.0,0.0,0.0,0.0,0.0,0.0,0.0,0.0,0.0,0.0,0.0
0.5050380825996399,0.23546341061592102,-0.5292437672615051,0.999923825263977,0.5208455324172974,0.2028331160545349,-0.4890747368335724,0.9998502135276794,0.5299972295761108,0.20316898822784424,-0.4891873598098755,0.9998645782470703,0.5378162264823914,0.20434322953224182,-0.48894596099853516,0.999812126159668,0.4917607605457306,0.20238229632377625,-0.4892422556877136,0.9998472929000854,0.48143917322158813,0.2025669515132904,-0.4890967905521393,0.9998775720596313,0.4736076295375824,0.2029157429933548,-0.4894290864467621,0.9998492002487183,0.5493932962417603,0.23029881715774536,-0.2582399547100067,0.9997878670692444,0.46337729692459106,0.2312920242547989,-0.25852420926094055,0.9998469352722168,0.5223931670188904,0.2855891287326813,-0.4484037160873413,0.9999330043792725,0.4865530729293823,0.28369179368019104,-0.4493979513645172,0.9999207258224487,0.6116158366203308,0.48853257298469543,-0.15997354686260223,0.999546468257904,0.40463781356811523,0.4923537075519562,-0.09449919313192368,0.9994862675666809,0.6298688054084778,0.8174787163734436,-0.41783085465431213,0.9699781537055969,0.3829781413078308,0.8150771260261536,-0.019707871600985527,0.9589187502861023,0.6202823519706726,0.6185756921768188,-0.9307318329811096,0.9315875172615051,0.3789568543434143,1.0056140422821045,-0.22572694718837738,0.9328092932701111,0.616957426071167,0.5690531134605408,-1.0302159786224365,0.8945226669311523,0.37725764513015747,1.0775773525238037,-0.2619176208972931,0.8955260515213013,0.6167486310005188,0.5354449152946472,-1.0007853507995605,0.9031514525413513,0.38125166296958923,1.0601989030838013,-0.31965944170951843,0.9073047041893005,0.6129526495933533,0.5483675599098206,-0.9325670599937439,0.9140876531600952,0.3859620690345764,1.0289649963378906,-0.25392305850982666,0.9219486117362976,0.57253098487854,1.0030466318130493,-0.01801466941833496,0.7447501420974731,0.44479623436927795,0.9924485087394714,0.01981343887746334,0.7077473998069763,0.5731931328773499,1.4187349081039429,0.051404718309640884,0.004352957010269165,0.42755362391471863,1.4080034494400024,0.06383184343576431,0.0037185063119977713,0.5629878640174866,1.7656867504119873,0.4284759759902954,0.0004930678405798972,0.42277657985687256,1.7584902048110962,0.38252925872802734,0.0003918270522262901,0.5672240853309631,1.8183397054672241,0.44933634996414185,0.0002196984423790127,0.41748160123825073,1.8120547533035278,0.40178579092025757,0.0003259488148614764,0.5387901663780212,1.8881109952926636,0.15722161531448364,0.0003181693027727306,0.44591328501701355,1.8815581798553467,0.09502298384904861,0.0007333263638429344,0.6291332244873047,0.5892946124076843,-7.835611626205718e-08,0.6185216903686523,0.5509596467018127,0.00033327494747936726,0.6099573969841003,0.5052659511566162,-0.0011217937571927905,0.6034811735153198,0.47249218821525574,-0.003512651426717639,0.5973345041275024,0.44908544421195984,-0.006266231182962656,0.6212209463119507,0.4750826954841614,-0.005274706054478884,0.6131312847137451,0.43698906898498535,-0.012644562870264053,0.6061907410621643,0.4088074266910553,-0.015957027673721313,0.6015689969062805,0.3868831396102905,-0.01850515976548195,0.6244022846221924,0.4874863624572754,-0.0099378926679492,0.591606855392456,0.4809013307094574,-0.019919008016586304,0.58636474609375,0.5046053528785706,-0.019474241882562637,0.5917195677757263,0.5180087685585022,-0.01795591413974762,0.623724102973938,0.5096489787101746,-0.014956246130168438,0.591474175453186,0.5110447406768799,-0.024688666686415672,0.5892049670219421,0.5301542282104492,-0.02036726102232933,0.5955665111541748,0.5366778373718262,-0.016184277832508087,0.6216079592704773,0.5360283255577087,-0.020044483244419098,0.5956582427024841,0.5398584008216858,-0.027186814695596695,0.594411313533783,0.554035484790802,-0.025183985009789467,0.6008921265602112,0.5574555993080139,-0.022558987140655518,0.0,0.0,0.0,0.0,0.0,0.0,0.0,0.0,0.0,0.0,0.0,0.0,0.0,0.0,0.0,0.0,0.0,0.0,0.0,0.0,0.0,0.0,0.0,0.0,0.0,0.0,0.0,0.0,0.0,0.0,0.0,0.0,0.0,0.0,0.0,0.0,0.0,0.0,0.0,0.0,0.0,0.0,0.0,0.0,0.0,0.0,0.0,0.0,0.0,0.0,0.0,0.0,0.0,0.0,0.0,0.0,0.0,0.0,0.0,0.0,0.0,0.0,0.0
0.5053249597549438,0.2353648692369461,-0.5377389192581177,0.9999249577522278,0.5209410786628723,0.20282766222953796,-0.4974803328514099,0.9998528957366943,0.5300561785697937,0.20318961143493652,-0.49758002161979675,0.9998670220375061,0.5377804040908813,0.20439383387565613,-0.49734169244766235,0.9998151659965515,0.4920481741428375,0.2022809237241745,-0.49768778681755066,0.9998513460159302,0.48175278306007385,0.20247003436088562,-0.4975210726261139,0.9998813271522522,0.4738670587539673,0.2028510719537735,-0.4978342652320862,0.9998539090156555,0.5491312742233276,0.23032277822494507,-0.26506415009498596,0.9997926354408264,0.46330025792121887,0.23139087855815887,-0.2651892900466919,0.9998518228530884,0.5224964022636414,0.285516619682312,-0.4562625288963318,0.9999340176582336,0.48670336604118347,0.2838335335254669,-0.45719388127326965,0.999922513961792,0.610899806022644,0.48856544494628906,-0.16463033854961395,0.9995549321174622,0.4045102298259735,0.4923431873321533,-0.09904783219099045,0.999506950378418,0.6289010643959045,0.816345751285553,-0.4207333028316498,0.9692299365997314,0.38312584161758423,0.8154071569442749,-0.017383035272359848,0.9594777226448059,0.6202301383018494,0.6201319694519043,-0.929801344871521,0.9287894368171692,0.3793102204799652,1.0061287879943848,-0.2160317748785019,0.9346641898155212,0.6165745854377747,0.5708296298980713,-1.028821349143982,0.891136109828949,0.3775862455368042,1.0822917222976685,-0.2513095438480377,0.8975591659545898,0.6164158582687378,0.5368671417236328,-0.9992794394493103,0.9000034332275391,0.3814103901386261,1.0654679536819458,-0.3100373148918152,0.9089667797088623,0.6127427816390991,0.5502403974533081,-0.9315676093101501,0.9111937880516052,0.3866010010242462,1.0339363813400269,-0.24444323778152466,0.9236907958984375,0.5722760558128357,1.0062521696090698,-0.019814396277070045,0.7499402165412903,0.4446348249912262,0.9934952259063721,0.021624114364385605,0.7135632038116455,0.5729304552078247,1.4178507328033447,0.06057438999414444,0.004234094172716141,0.42729273438453674,1.4086413383483887,0.0727732852101326,0.0035805953666567802,0.5635013580322266,1.7656809091567993,0.4417082667350769,0.0004928288399241865,0.4241672158241272,1.759355902671814,0.39287039637565613,0.0003824670275207609,0.5677211880683899,1.818558931350708,0.46322864294052124,0.00022063650249037892,0.4191146790981293,1.812787413597107,0.4166790246963501,0.00031509360997006297,0.5403538942337036,1.8879907131195068,0.16994506120681763,0.000316998572088778,0.44771674275398254,1.8825773000717163,0.09296997636556625,0.0007115734624676406,0.6282581090927124,0.5891141295433044,-7.920303346509172e-08,0.6164005994796753,0.549548864364624,0.00030117970891296864,0.6081421375274658,0.505240797996521,-0.0016940939240157604,0.6028136014938354,0.47313129901885986,-0.00452361349016428,0.5965888500213623,0.4491172432899475,-0.007823140360414982,0.6213783025741577,0.4743301272392273,-0.0069664278998970985,0.6132692694664001,0.4367349147796631,-0.014723231084644794,0.6053894758224487,0.4084354341030121,-0.018274733796715736,0.5994642972946167,0.38610583543777466,-0.02094930037856102,0.6251292824745178,0.487746924161911,-0.011740757152438164,0.5912958383560181,0.4801008701324463,-0.021659143269062042,0.5847508907318115,0.5053443312644958,-0.02082819864153862,0.5894747376441956,0.5202786922454834,-0.01908055879175663,0.6247953772544861,0.5109869837760925,-0.016780346632003784,0.591583251953125,0.5111886858940125,-0.02652653306722641,0.5882198810577393,0.5317067503929138,-0.021644921973347664,0.5942484736442566,0.5404906272888184,-0.016938799992203712,0.6228157877922058,0.5380946397781372,-0.021872658282518387,0.5957552790641785,0.5394615530967712,-0.029019875451922417,0.5931467413902283,0.5534085631370544,-0.026654964312911034,0.5989024043083191,0.5583888292312622,-0.023648222908377647,0.0,0.0,0.0,0.0,0.0,0.0,0.0,0.0,0.0,0.0,0.0,0.0,0.0,0.0,0.0,0.0,0.0,0.0,0.0,0.0,0.0,0.0,0.0,0.0,0.0,0.0,0.0,0.0,0.0,0.0,0.0,0.0,0.0,0.0,0.0,0.0,0.0,0.0,0.0,0.0,0.0,0.0,0.0,0.0,0.0,0.0,0.0,0.0,0.0,0.0,0.0,0.0,0.0,0.0,0.0,0.0,0.0,0.0,0.0,0.0,0.0,0.0,0.0
0.505133330821991,0.23525278270244598,-0.5746574401855469,0.9999266266822815,0.5206356644630432,0.2027970254421234,-0.534221887588501,0.9998554587364197,0.5297200083732605,0.20315010845661163,-0.5342914462089539,0.9998695850372314,0.5374458432197571,0.20435690879821777,-0.5340403914451599,0.9998180270195007,0.49182024598121643,0.20217083394527435,-0.5334367156028748,0.9998546838760376,0.4815424084663391,0.20240871608257294,-0.5332679152488708,0.999884307384491,0.4738245904445648,0.2028830349445343,-0.5335695743560791,0.9998569488525391,0.5487498641014099,0.23023146390914917,-0.2977638840675354,0.9997972249984741,0.4632135033607483,0.2316298484802246,-0.29430893063545227,0.9998553395271301,0.5223125219345093,0.2853841483592987,-0.491759717464447,0.9999355673789978,0.48656752705574036,0.28396445512771606,-0.4913192093372345,0.9999246597290039,0.6103296279907227,0.4886663258075714,-0.17741964757442474,0.9995655417442322,0.40420791506767273,0.49268126487731934,-0.11872600764036179,0.9995245933532715,0.6284596920013428,0.8171087503433228,-0.45184916257858276,0.9694489240646362,0.38274750113487244,0.8156470656394958,-0.02762855961918831,0.9586281180381775,0.6200715899467468,0.6247267127037048,-0.9711456894874573,0.9274784922599792,0.37934452295303345,1.0032598972320557,-0.22133846580982208,0.9334264397621155,0.6162546873092651,0.5756352543830872,-1.0707199573516846,0.8896623849868774,0.3769584596157074,1.077241063117981,-0.25670185685157776,0.8960237503051758,0.6160207390785217,0.5426619648933411,-1.042394995689392,0.8987986445426941,0.3813588321208954,1.0608232021331787,-0.3150286078453064,0.9077821373939514,0.6123361587524414,0.5557811260223389,-0.9734632968902588,0.9099951386451721,0.3859546482563019,1.0299135446548462,-0.24954120814800262,0.9227437376976013,0.5721835494041443,1.0061370134353638,-0.02352485992014408,0.7398073673248291,0.44398266077041626,0.993995726108551,0.025419024750590324,0.7028282284736633,0.5708559155464172,1.4228554964065552,0.04878336563706398,0.004039357416331768,0.4260692894458771,1.4111329317092896,0.06853941828012466,0.0034054305870085955,0.5609595775604248,1.7708868980407715,0.43234601616859436,0.00048355391481891274,0.4227210283279419,1.762731671333313,0.37334468960762024,0.00036843755515292287,0.5650899410247803,1.824175477027893,0.45293867588043213,0.00021655404998455197,0.41819682717323303,1.816162347793579,0.39292415976524353,0.00030270664137788117,0.5382093191146851,1.8929259777069092,0.14976590871810913,0.00031159567879512906,0.4443785548210144,1.8878281116485596,0.06683790683746338,0.0006864186143502593,0.6293623447418213,0.5882974863052368,-7.603482288232044e-08,0.6194762587547302,0.550393283367157,-0.0001831802655942738,0.611257016658783,0.5057160258293152,-0.001959306886419654,0.6049435138702393,0.473602831363678,-0.0044194902293384075,0.5973864793777466,0.4496677815914154,-0.007362204138189554,0.6218541860580444,0.47533702850341797,-0.007282793987542391,0.6132723689079285,0.4377100467681885,-0.01506311446428299,0.6053829193115234,0.4095996618270874,-0.018587283790111542,0.5996453166007996,0.38756412267684937,-0.021163808181881905,0.6250025033950806,0.4884333312511444,-0.01166629046201706,0.5917367935180664,0.47974783182144165,-0.02155662514269352,0.58555668592453,0.5047457814216614,-0.02071956731379032,0.5903019905090332,0.520310640335083,-0.018893074244260788,0.6244968175888062,0.5114526152610779,-0.016345767304301262,0.5920066833496094,0.5116525292396545,-0.02605084888637066,0.588848352432251,0.5318196415901184,-0.021322062239050865,0.5947343111038208,0.5407969355583191,-0.01670907810330391,0.6226327419281006,0.5386536121368408,-0.021102027967572212,0.5965015888214111,0.5409132242202759,-0.028230080381035805,0.5941665172576904,0.5547056198120117,-0.02598952315747738,0.5997159481048584,0.5596145391464233,-0.02309417724609375,0.0,0.0,0.0,0.0,0.0,0.0,0.0,0.0,0.0,0.0,0.0,0.0,0.0,0.0,0.0,0.0,0.0,0.0,0.0,0.0,0.0,0.0,0.0,0.0,0.0,0.0,0.0,0.0,0.0,0.0,0.0,0.0,0.0,0.0,0.0,0.0,0.0,0.0,0.0,0.0,0.0,0.0,0.0,0.0,0.0,0.0,0.0,0.0,0.0,0.0,0.0,0.0,0.0,0.0,0.0,0.0,0.0,0.0,0.0,0.0,0.0,0.0,0.0
0.5053989887237549,0.23515665531158447,-0.545927107334137,0.999922513961792,0.5207030177116394,0.202772319316864,-0.5055163502693176,0.9998486042022705,0.5297485589981079,0.20312049984931946,-0.5056151747703552,0.9998632669448853,0.5373925566673279,0.2043214738368988,-0.5053890943527222,0.9998089075088501,0.4920411705970764,0.2020929753780365,-0.5058550238609314,0.9998493194580078,0.4816860556602478,0.2023768275976181,-0.5057194232940674,0.9998807311058044,0.47385185956954956,0.2029409557580948,-0.5060453414916992,0.9998534321784973,0.5486441254615784,0.23015223443508148,-0.27168649435043335,0.9997878074645996,0.46331003308296204,0.2318378984928131,-0.27203941345214844,0.9998499751091003,0.5224641561508179,0.285290002822876,-0.46372032165527344,0.9999327659606934,0.4868318736553192,0.28413358330726624,-0.4646192789077759,0.9999221563339233,0.6100797653198242,0.48883357644081116,-0.1683754175901413,0.999550998210907,0.4041536748409271,0.4928467273712158,-0.10318608582019806,0.999521791934967,0.6285971403121948,0.8182380795478821,-0.4309829771518707,0.9694855213165283,0.3819983899593353,0.817561149597168,-0.012017208151519299,0.9587032198905945,0.6198238134384155,0.6249924898147583,-0.9530064463615417,0.9261035919189453,0.3787573575973511,1.0089013576507568,-0.19759638607501984,0.9329202771186829,0.6156083345413208,0.5758779644966125,-1.053133487701416,0.8872517347335815,0.37469610571861267,1.0826863050460815,-0.23129650950431824,0.8953777551651001,0.6151024103164673,0.5429245233535767,-1.0238271951675415,0.8964632749557495,0.38060495257377625,1.0669273138046265,-0.2905329465866089,0.9072462916374207,0.6109896302223206,0.5563472509384155,-0.9553118348121643,0.9077534675598145,0.38450002670288086,1.0358160734176636,-0.22591517865657806,0.9224721789360046,0.571872353553772,1.009684681892395,-0.021983744576573372,0.7378470301628113,0.4440038800239563,0.9965324401855469,0.02385014109313488,0.7006566524505615,0.571104109287262,1.4252598285675049,0.0460735522210598,0.00429717218503356,0.42569607496261597,1.4130340814590454,0.06797108054161072,0.0035853181034326553,0.5613290071487427,1.7739779949188232,0.4321114718914032,0.0005209241062402725,0.4225689172744751,1.7648611068725586,0.3777197301387787,0.0003987876698374748,0.5656203627586365,1.8271205425262451,0.45317474007606506,0.00022991953301243484,0.41790929436683655,1.8178294897079468,0.39743152260780334,0.0003196244651917368,0.5377095341682434,1.8956860303878784,0.15245689451694489,0.00033042830182239413,0.44547730684280396,1.8903264999389648,0.0738377720117569,0.0007100203656591475,0.6282358765602112,0.5926167368888855,-6.675544739209727e-08,0.6180937886238098,0.5514006614685059,0.000404724502004683,0.6097220182418823,0.5063130855560303,-0.0016851508989930153,0.603761613368988,0.4740719199180603,-0.00463481992483139,0.5973619222640991,0.4497970640659332,-0.008035783655941486,0.6223611831665039,0.47563356161117554,-0.006729810498654842,0.6139314770698547,0.43771877884864807,-0.01440650224685669,0.6059861183166504,0.4091898202896118,-0.018024368211627007,0.5998983979225159,0.3862370252609253,-0.020780835300683975,0.625281035900116,0.48863014578819275,-0.011531307362020016,0.5914117693901062,0.4796956479549408,-0.02119581215083599,0.585239827632904,0.5047338008880615,-0.020356662571430206,0.5899606347084045,0.5199660658836365,-0.018696796149015427,0.6244759559631348,0.5117228031158447,-0.016576267778873444,0.5912587642669678,0.510345458984375,-0.02591523341834545,0.5885266661643982,0.5312417149543762,-0.020944491028785706,0.5948666930198669,0.540564775466919,-0.016363242641091347,0.6224960684776306,0.5394167304039001,-0.021685635671019554,0.5953011512756348,0.540894627571106,-0.028599826619029045,0.5934330821037292,0.5549497008323669,-0.02618282474577427,0.5998178720474243,0.5602960586547852,-0.023241335526108742,0.0,0.0,0.0,0.0,0.0,0.0,0.0,0.0,0.0,0.0,0.0,0.0,0.0,0.0,0.0,0.0,0.0,0.0,0.0,0.0,0.0,0.0,0.0,0.0,0.0,0.0,0.0,0.0,0.0,0.0,0.0,0.0,0.0,0.0,0.0,0.0,0.0,0.0,0.0,0.0,0.0,0.0,0.0,0.0,0.0,0.0,0.0,0.0,0.0,0.0,0.0,0.0,0.0,0.0,0.0,0.0,0.0,0.0,0.0,0.0,0.0,0.0,0.0
0.5054313540458679,0.235108882188797,-0.5666885375976562,0.9999184608459473,0.5204913020133972,0.20274323225021362,-0.5263728499412537,0.9998411536216736,0.5295125842094421,0.20309634506702423,-0.526500403881073,0.9998565316200256,0.5371728539466858,0.20430314540863037,-0.5262916684150696,0.9997988343238831,0.4920954406261444,0.2020152360200882,-0.5281463265419006,0.9998432397842407,0.48170778155326843,0.20235984027385712,-0.5280869007110596,0.9998767971992493,0.47384122014045715,0.20304091274738312,-0.5284320116043091,0.9998489618301392,0.5485200881958008,0.2300669401884079,-0.28731054067611694,0.9997768998146057,0.4631851315498352,0.23211020231246948,-0.29400280117988586,0.9998435378074646,0.5224074125289917,0.2852547764778137,-0.4819111227989197,0.9999291896820068,0.48683473467826843,0.28443822264671326,-0.4848416745662689,0.9999192953109741,0.6103784441947937,0.48888108134269714,-0.16861625015735626,0.9995231628417969,0.4044042229652405,0.49289149045944214,-0.11932670325040817,0.9995062351226807,0.6293985843658447,0.8163297772407532,-0.444844126701355,0.9683793187141418,0.3824576139450073,0.8151168823242188,-0.03194814175367355,0.9591021537780762,0.619849443435669,0.6248217225074768,-0.9808468222618103,0.9231957197189331,0.3783351182937622,0.9985858798027039,-0.23292292654514313,0.9339235424995422,0.6163817048072815,0.5758697390556335,-1.0827527046203613,0.8838105797767639,0.3751319646835327,1.0662845373153687,-0.26927870512008667,0.89564049243927,0.6152942776679993,0.5437145233154297,-1.0552088022232056,0.8932923078536987,0.3803403675556183,1.0486537218093872,-0.328174889087677,0.9074382185935974,0.6115856766700745,0.5565440058708191,-0.9836123585700989,0.9042972922325134,0.3841231167316437,1.0181286334991455,-0.2609902024269104,0.9221675992012024,0.5724694132804871,1.0048819780349731,-0.019804634153842926,0.7365301251411438,0.4446953535079956,0.9960082173347473,0.02152199298143387,0.69992995262146,0.5725688934326172,1.420792818069458,0.03421143814921379,0.004952672868967056,0.42821136116981506,1.4074920415878296,0.0434112511575222,0.004016487393528223,0.5634578466415405,1.7703179121017456,0.4048137962818146,0.0006086044013500214,0.42444393038749695,1.7611271142959595,0.33659476041793823,0.0004771150415763259,0.5677388310432434,1.8234360218048096,0.423478901386261,0.0002609998336993158,0.41962864995002747,1.8147846460342407,0.3544313609600067,0.00037041824543848634,0.5390403866767883,1.8926746845245361,0.12022963911294937,0.0003787432797253132,0.44784995913505554,1.8839373588562012,0.03125806525349617,0.0008131666108965874,0.6286745667457581,0.5925880670547485,-6.644275174494396e-08,0.6177027821540833,0.5510442852973938,0.0006747243460267782,0.6095141768455505,0.5056014657020569,-0.0011827205307781696,0.6039620041847229,0.47399866580963135,-0.004028468858450651,0.5975953340530396,0.4511820375919342,-0.0073393662460148335,0.6224778294563293,0.4747723340988159,-0.006101905833929777,0.6141354441642761,0.4370911717414856,-0.013498162850737572,0.6064000129699707,0.40864914655685425,-0.01686702109873295,0.6007311940193176,0.38600724935531616,-0.01948937587440014,0.6254900693893433,0.4882079064846039,-0.011032888665795326,0.5916861295700073,0.4807460606098175,-0.020497754216194153,0.5852896571159363,0.5056875348091125,-0.019594527781009674,0.5900940895080566,0.5203035473823547,-0.017985770478844643,0.624735951423645,0.5117752552032471,-0.01623636484146118,0.5916322469711304,0.5114797353744507,-0.02555890381336212,0.5884257555007935,0.5319916605949402,-0.02075505442917347,0.594523549079895,0.5408461689949036,-0.016349103301763535,0.6227647662162781,0.5398288369178772,-0.021481642499566078,0.5958884358406067,0.5416589975357056,-0.02829120121896267,0.5936375856399536,0.5554889440536499,-0.025958335027098656,0.5996755957603455,0.5606862902641296,-0.023156527429819107,0.0,0.0,0.0,0.0,0.0,0.0,0.0,0.0,0.0,0.0,0.0,0.0,0.0,0.0,0.0,0.0,0.0,0.0,0.0,0.0,0.0,0.0,0.0,0.0,0.0,0.0,0.0,0.0,0.0,0.0,0.0,0.0,0.0,0.0,0.0,0.0,0.0,0.0,0.0,0.0,0.0,0.0,0.0,0.0,0.0,0.0,0.0,0.0,0.0,0.0,0.0,0.0,0.0,0.0,0.0,0.0,0.0,0.0,0.0,0.0,0.0,0.0,0.0
0.5052481889724731,0.23493453860282898,-0.5836248993873596,0.9999172687530518,0.5203201174736023,0.2026575356721878,-0.5426841378211975,0.999838650226593,0.5293752551078796,0.20299164950847626,-0.5428157448768616,0.999854326248169,0.5370610952377319,0.20418237149715424,-0.5425975322723389,0.9997951984405518,0.4918838143348694,0.20189815759658813,-0.5430079698562622,0.9998413324356079,0.48147913813591003,0.2022436410188675,-0.5429217219352722,0.9998758435249329,0.4735957384109497,0.20298191905021667,-0.5432711839675903,0.999847948551178,0.5484064221382141,0.22984449565410614,-0.3029036521911621,0.9997742772102356,0.4629146456718445,0.23216445744037628,-0.3038150668144226,0.9998406767845154,0.5222964882850647,0.2851409912109375,-0.4990549683570862,0.9999285340309143,0.48673659563064575,0.28436559438705444,-0.5003605484962463,0.9999191164970398,0.6104801297187805,0.48897841572761536,-0.179986372590065,0.9995070099830627,0.4039568603038788,0.49313607811927795,-0.12027072161436081,0.9994944334030151,0.6299311518669128,0.8167884945869446,-0.46542972326278687,0.9673062562942505,0.3825559914112091,0.8151569962501526,-0.02280637063086033,0.9585472345352173,0.6198970675468445,0.6243947148323059,-1.003640055656433,0.9200248122215271,0.37801557779312134,0.9771414399147034,-0.22188831865787506,0.9327473640441895,0.6168293356895447,0.5745382905006409,-1.1063801050186157,0.8799206018447876,0.37564989924430847,1.0659695863723755,-0.25610679388046265,0.8929871916770935,0.6153322458267212,0.5425978302955627,-1.0768005847930908,0.889724612236023,0.38022416830062866,1.047437310218811,-0.31543323397636414,0.9051445722579956,0.6116715669631958,0.5549378395080566,-1.0056134462356567,0.9004846811294556,0.38382405042648315,1.017288327217102,-0.24996335804462433,0.9195587635040283,0.5724965333938599,1.0024583339691162,-0.025900082662701607,0.7308552265167236,0.44529059529304504,0.9957332015037537,0.027706535533070564,0.6935225129127502,0.5718967318534851,1.4227337837219238,0.024529138579964638,0.005624766927212477,0.42793580889701843,1.406901478767395,0.03968307003378868,0.00444811163470149,0.562850832939148,1.7726922035217285,0.39677104353904724,0.0006993798888288438,0.42352500557899475,1.7612465620040894,0.3371225893497467,0.0005578557611443102,0.5670195817947388,1.8265559673309326,0.41534948348999023,0.0002924365398939699,0.41872894763946533,1.8162339925765991,0.3555094301700592,0.000422198383603245,0.5385719537734985,1.896912693977356,0.11008920520544052,0.0004234930092934519,0.4469813108444214,1.8846098184585571,0.0320315845310688,0.0009137448505498469,0.6285123229026794,0.5886828899383545,-7.801639867466292e-08,0.6182008981704712,0.5485746264457703,4.812390398001298e-05,0.6099223494529724,0.5042244791984558,-0.0016961186192929745,0.6037425994873047,0.4729614853858948,-0.004150636959820986,0.5968536734580994,0.450277715921402,-0.0071378774009644985,0.6215002536773682,0.4748952388763428,-0.007308024913072586,0.6135642528533936,0.4378429353237152,-0.014847533777356148,0.6059752702713013,0.41049185395240784,-0.018182704225182533,0.6004769802093506,0.38882485032081604,-0.02060672454535961,0.6248566508293152,0.4888085722923279,-0.011725569143891335,0.5920706987380981,0.4812536835670471,-0.02138371951878071,0.5850991606712341,0.5060487985610962,-0.020534787327051163,0.5891082286834717,0.5217722058296204,-0.018755877390503883,0.6245056986808777,0.5124524831771851,-0.016385706141591072,0.5923967957496643,0.5133486986160278,-0.025957802310585976,0.588577926158905,0.5333576798439026,-0.021482648327946663,0.5938377976417542,0.5427094101905823,-0.01701407879590988,0.6230335831642151,0.5400276780128479,-0.02106647938489914,0.597098171710968,0.5422420501708984,-0.027958475053310394,0.593979001045227,0.5556366443634033,-0.025793440639972687,0.5987417101860046,0.5606611967086792,-0.022969700396060944,0.0,0.0,0.0,0.0,0.0,0.0,0.0,0.0,0.0,0.0,0.0,0.0,0.0,0.0,0.0,0.0,0.0,0.0,0.0,0.0,0.0,0.0,0.0,0.0,0.0,0.0,0.0,0.0,0.0,0.0,0.0,0.0,0.0,0.0,0.0,0.0,0.0,0.0,0.0,0.0,0.0,0.0,0.0,0.0,0.0,0.0,0.0,0.0,0.0,0.0,0.0,0.0,0.0,0.0,0.0,0.0,0.0,0.0,0.0,0.0,0.0,0.0,0.0
0.5050687193870544,0.23484523594379425,-0.5812777876853943,0.9999158978462219,0.5201533436775208,0.20260360836982727,-0.5410624742507935,0.9998356103897095,0.5291877388954163,0.20292985439300537,-0.5411710739135742,0.9998518824577332,0.5369325876235962,0.20410872995853424,-0.5409466624259949,0.9997917413711548,0.49174878001213074,0.20182327926158905,-0.5418912172317505,0.9998378157615662,0.48138999938964844,0.20219092071056366,-0.5417913198471069,0.9998733997344971,0.47351571917533875,0.2029636949300766,-0.5421335697174072,0.9998447299003601,0.5481864809989929,0.22966711223125458,-0.30340275168418884,0.9997726082801819,0.46310481429100037,0.23214338719844818,-0.30645427107810974,0.9998345375061035,0.5220997333526611,0.28506043553352356,-0.4973536729812622,0.9999275803565979,0.48670053482055664,0.28432002663612366,-0.49903303384780884,0.9999176263809204,0.6103144884109497,0.4890626072883606,-0.18494901061058044,0.9994930028915405,0.40390679240226746,0.49325448274612427,-0.13027836382389069,0.9994696974754333,0.6294257044792175,0.8179779648780823,-0.4700111448764801,0.9667813181877136,0.38234439492225647,0.8170187473297119,-0.04883163049817085,0.957059383392334,0.6198898553848267,0.6239896416664124,-1.0084377527236938,0.9190911054611206,0.3780237138271332,0.9885295629501343,-0.25332629680633545,0.9301227331161499,0.616834819316864,0.5746967196464539,-1.1104919910430908,0.8787581324577332,0.3761771619319916,1.0787835121154785,-0.2895489037036896,0.8889879584312439,0.615402102470398,0.5427098274230957,-1.0805704593658447,0.8887399435043335,0.3802401125431061,1.0618631839752197,-0.3479495048522949,0.901660680770874,0.6117034554481506,0.5550202131271362,-1.01040518283844,0.8991662263870239,0.3843643367290497,1.0311273336410522,-0.2813226878643036,0.9161993861198425,0.5719358921051025,1.0019475221633911,-0.023776497691869736,0.7231069207191467,0.44478681683540344,0.9956393837928772,0.025528311729431152,0.6843332648277283,0.569373369216919,1.4253004789352417,0.029902877286076546,0.006137761753052473,0.42577308416366577,1.407751441001892,0.03660115227103233,0.004814815241843462,0.5599594712257385,1.7747770547866821,0.3977433741092682,0.0007493575685657561,0.4212631285190582,1.7619365453720093,0.3271733224391937,0.0006120534962974489,0.5640783905982971,1.8284051418304443,0.4160192310810089,0.00030868471367284656,0.4165973365306854,1.8168325424194336,0.3448120057582855,0.00045928359031677246,0.5360164046287537,1.8990263938903809,0.11132644861936569,0.00044526351848617196,0.44358760118484497,1.8861124515533447,0.020896652713418007,0.0009765324648469687,0.6280328035354614,0.5897514224052429,-7.741304841601959e-08,0.6169310212135315,0.549258291721344,0.00041622959543019533,0.609229564666748,0.5054349899291992,-0.0016572570893913507,0.6038670539855957,0.4738308787345886,-0.004584810230880976,0.5977548956871033,0.45067262649536133,-0.008049625903367996,0.6222664713859558,0.4751643240451813,-0.007395728956907988,0.6138561964035034,0.43725377321243286,-0.015233336016535759,0.6058357357978821,0.40939122438430786,-0.01883454993367195,0.599819004535675,0.3874167799949646,-0.021448593586683273,0.6256902813911438,0.48915401101112366,-0.012190182693302631,0.5919564366340637,0.4803677499294281,-0.022066853940486908,0.5850268006324768,0.5057985782623291,-0.02111455425620079,0.5895092487335205,0.5213062763214111,-0.019240323454141617,0.6252517104148865,0.5127978920936584,-0.01720529794692993,0.5924275517463684,0.511517345905304,-0.02679421752691269,0.5882580280303955,0.5320029854774475,-0.021877028048038483,0.5937338471412659,0.5415459275245667,-0.017103947699069977,0.6234794855117798,0.5405951738357544,-0.022251810878515244,0.5970261096954346,0.5406628847122192,-0.029124287888407707,0.593510091304779,0.5540998578071594,-0.026632169261574745,0.5984347462654114,0.5597013831138611,-0.023541856557130814,0.0,0.0,0.0,0.0,0.0,0.0,0.0,0.0,0.0,0.0,0.0,0.0,0.0,0.0,0.0,0.0,0.0,0.0,0.0,0.0,0.0,0.0,0.0,0.0,0.0,0.0,0.0,0.0,0.0,0.0,0.0,0.0,0.0,0.0,0.0,0.0,0.0,0.0,0.0,0.0,0.0,0.0,0.0,0.0,0.0,0.0,0.0,0.0,0.0,0.0,0.0,0.0,0.0,0.0,0.0,0.0,0.0,0.0,0.0,0.0,0.0,0.0,0.0
0.5053756833076477,0.23477034270763397,-0.5542916059494019,0.9999164342880249,0.520398736000061,0.20259405672550201,-0.513163685798645,0.9998365044593811,0.52943354845047,0.20294460654258728,-0.5132704973220825,0.9998524785041809,0.5371498465538025,0.20414966344833374,-0.5130273699760437,0.9997925758361816,0.49209707975387573,0.20175175368785858,-0.5155508518218994,0.9998379349708557,0.4817458391189575,0.20215189456939697,-0.5154219269752502,0.9998736381530762,0.4736883342266083,0.20295263826847076,-0.5157645344734192,0.9998446106910706,0.5483047962188721,0.22978445887565613,-0.27631890773773193,0.9997732639312744,0.46309569478034973,0.23212051391601562,-0.2861771583557129,0.9998331665992737,0.5221285223960876,0.2850085198879242,-0.47117361426353455,0.9999270439147949,0.48676368594169617,0.28423142433166504,-0.47469526529312134,0.9999164938926697,0.6101140379905701,0.48912009596824646,-0.168354794383049,0.9994775056838989,0.40388020873069763,0.4933715760707855,-0.12356612086296082,0.9994384050369263,0.628364622592926,0.8161775469779968,-0.4224995970726013,0.9659969806671143,0.38283929228782654,0.8176282048225403,-0.039779964834451675,0.9563575983047485,0.6199242472648621,0.6241602301597595,-0.947931706905365,0.9203937649726868,0.37816566228866577,0.9940409064292908,-0.2267911732196808,0.9299654364585876,0.6172987222671509,0.5764475464820862,-1.049990177154541,0.8807417750358582,0.3763648569583893,1.0847536325454712,-0.2628938555717468,0.888863742351532,0.6154637932777405,0.5431491136550903,-1.0218514204025269,0.8906030058860779,0.3802609443664551,1.068569540977478,-0.3243259787559509,0.9014343023300171,0.6120476126670837,0.5552381873130798,-0.9507965445518494,0.9006054997444153,0.3850250840187073,1.0371335744857788,-0.25574496388435364,0.916421115398407,0.5718977451324463,1.0016485452651978,-0.018247127532958984,0.7203658819198608,0.44483664631843567,0.9956575632095337,0.01990881748497486,0.6797444224357605,0.5700958371162415,1.4229786396026611,0.04772293195128441,0.006184464320540428,0.4260924756526947,1.4085549116134644,0.05420750379562378,0.004813387989997864,0.5595337152481079,1.7717607021331787,0.42644327878952026,0.0007533793104812503,0.4211696982383728,1.760698676109314,0.3554359972476959,0.0006279917433857918,0.5633690357208252,1.824999213218689,0.4463360607624054,0.0003052350948564708,0.4164038896560669,1.8152819871902466,0.37469425797462463,0.00047070463187992573,0.5360438227653503,1.8939135074615479,0.14817455410957336,0.0004455607268027961,0.44316646456718445,1.8829119205474854,0.056140173226594925,0.0010027495445683599,0.6284553408622742,0.5911513566970825,-6.264259866384236e-08,0.6170562505722046,0.5506486296653748,0.00044601582339964807,0.6090043187141418,0.5057801008224487,-0.0014360963832587004,0.6038376092910767,0.4743862748146057,-0.004228645004332066,0.597933828830719,0.4520901143550873,-0.0075495303608477116,0.6223805546760559,0.4758304953575134,-0.006480954587459564,0.6145076155662537,0.4386805593967438,-0.013795601204037666,0.6070339679718018,0.4104655683040619,-0.017264030873775482,0.6016759872436523,0.38760966062545776,-0.020009633153676987,0.625476598739624,0.4892447888851166,-0.011231785640120506,0.5917291641235352,0.48206526041030884,-0.020672118291258812,0.5852038860321045,0.5069401860237122,-0.019872451201081276,0.5899568796157837,0.5216724276542664,-0.018354792147874832,0.6248946785926819,0.5125887393951416,-0.01622573658823967,0.5918733477592468,0.5113833546638489,-0.025526663288474083,0.5884925127029419,0.5321771502494812,-0.02076047472655773,0.5945839881896973,0.5417123436927795,-0.016342388466000557,0.6231734156608582,0.5403441786766052,-0.021270742639899254,0.5960981249809265,0.541673481464386,-0.02824629284441471,0.5935352444648743,0.5553277730941772,-0.026031823828816414,0.5995572209358215,0.5607624650001526,-0.02325543947517872,0.0,0.0,0.0,0.0,0.0,0.0,0.0,0.0,0.0,0.0,0.0,0.0,0.0,0.0,0.0,0.0,0.0,0.0,0.0,0.0,0.0,0.0,0.0,0.0,0.0,0.0,0.0,0.0,0.0,0.0,0.0,0.0,0.0,0.0,0.0,0.0,0.0,0.0,0.0,0.0,0.0,0.0,0.0,0.0,0.0,0.0,0.0,0.0,0.0,0.0,0.0,0.0,0.0,0.0,0.0,0.0,0.0,0.0,0.0,0.0,0.0,0.0,0.0
0.5055105686187744,0.23478031158447266,-0.5658875703811646,0.9999178051948547,0.5204401016235352,0.20260116457939148,-0.5247333645820618,0.999839723110199,0.5294594168663025,0.20300088822841644,-0.5248189568519592,0.9998555183410645,0.5371583700180054,0.2042546570301056,-0.5245712995529175,0.9997968077659607,0.49215060472488403,0.20171186327934265,-0.5286804437637329,0.9998406171798706,0.4817587733268738,0.20215581357479095,-0.5285469889640808,0.9998760223388672,0.4737468659877777,0.2029804140329361,-0.5288829803466797,0.9998468160629272,0.5481809973716736,0.2299509346485138,-0.28433072566986084,0.9997772574424744,0.4629911780357361,0.23212656378746033,-0.30105793476104736,0.9998366832733154,0.522190272808075,0.2849925458431244,-0.4809780716896057,0.9999275803565979,0.48668330907821655,0.28431835770606995,-0.48644956946372986,0.9999167919158936,0.6098403930664062,0.48920339345932007,-0.16617640852928162,0.9994779229164124,0.40373101830482483,0.4933568835258484,-0.14348013699054718,0.9994263648986816,0.627801239490509,0.8156108260154724,-0.43355265259742737,0.9660542011260986,0.382627934217453,0.818527102470398,-0.05918929725885391,0.9558357000350952,0.6199624538421631,0.6219444274902344,-0.9652864933013916,0.9221674203872681,0.378160685300827,0.9986046552658081,-0.2384262979030609,0.9297314286231995,0.6172532439231873,0.573093056678772,-1.0675338506698608,0.8830515742301941,0.3755847215652466,1.0896257162094116,-0.274764746427536,0.8885244131088257,0.6154978275299072,0.5411775708198547,-1.0390434265136719,0.8927398920059204,0.38027316331863403,1.0747085809707642,-0.3355758488178253,0.9011433720588684,0.6121007204055786,0.5538400411605835,-0.9682766795158386,0.9023895263671875,0.3850890100002289,1.043258786201477,-0.2669053375720978,0.9164791703224182,0.5724420547485352,1.001830816268921,-0.011051029898226261,0.7165441513061523,0.44417858123779297,0.995719850063324,0.012761515565216541,0.6750809550285339,0.5704109072685242,1.4263757467269897,0.05735639110207558,0.006139201577752829,0.4257707893848419,1.4118034839630127,0.04565851390361786,0.004706735257059336,0.5592021346092224,1.7753629684448242,0.43686431646347046,0.000747423677239567,0.4205878674983978,1.7646147012710571,0.3476715087890625,0.0006188806728459895,0.5629450082778931,1.82913339138031,0.456407368183136,0.00030190483084879816,0.4159765839576721,1.8195006847381592,0.36677277088165283,0.00046259764349088073,0.5357548594474792,1.8975138664245605,0.1534883677959442,0.00044399354374036193,0.4421282112598419,1.8879270553588867,0.04244844615459442,0.0009966844227164984,0.6291994452476501,0.5887567400932312,-7.430195125834871e-08,0.6185516715049744,0.5501226782798767,0.000384398503229022,0.6100262999534607,0.505888044834137,-0.0014205843908712268,0.6040120124816895,0.4743635356426239,-0.003986426629126072,0.5976759791374207,0.45084288716316223,-0.0070263976231217384,0.6219579577445984,0.47684648633003235,-0.0071405027993023396,0.6138558983802795,0.4386582374572754,-0.014656352810561657,0.6064297556877136,0.4105636775493622,-0.018068721517920494,0.6010878682136536,0.3885744512081146,-0.02069834992289543,0.6252679228782654,0.4900260269641876,-0.011879902333021164,0.5920787453651428,0.4822762608528137,-0.02132699079811573,0.5869386196136475,0.505558431148529,-0.02041528932750225,0.5924508571624756,0.5186619758605957,-0.01879604533314705,0.6246905326843262,0.5131768584251404,-0.01681225746870041,0.5919092297554016,0.5137148499488831,-0.026060786098241806,0.5897831916809082,0.5322461128234863,-0.021244222298264503,0.5963835120201111,0.5388742089271545,-0.016882477328181267,0.6225781440734863,0.5403477549552917,-0.021777009591460228,0.5958696603775024,0.5430395603179932,-0.028743727132678032,0.5948945879936218,0.556167721748352,-0.02635864168405533,0.6017008423805237,0.5596553683280945,-0.023503528907895088,0.0,0.0,0.0,0.0,0.0,0.0,0.0,0.0,0.0,0.0,0.0,0.0,0.0,0.0,0.0,0.0,0.0,0.0,0.0,0.0,0.0,0.0,0.0,0.0,0.0,0.0,0.0,0.0,0.0,0.0,0.0,0.0,0.0,0.0,0.0,0.0,0.0,0.0,0.0,0.0,0.0,0.0,0.0,0.0,0.0,0.0,0.0,0.0,0.0,0.0,0.0,0.0,0.0,0.0,0.0,0.0,0.0,0.0,0.0,0.0,0.0,0.0,0.0
0.5056895613670349,0.23473860323429108,-0.5646626949310303,0.9999162554740906,0.5206280946731567,0.2026049792766571,-0.5233723521232605,0.9998377561569214,0.5296638607978821,0.20304173231124878,-0.5234550833702087,0.9998539090156555,0.5373005270957947,0.20432762801647186,-0.5232033133506775,0.9997944831848145,0.4924035966396332,0.2016608864068985,-0.5273644328117371,0.9998389482498169,0.48203542828559875,0.20210887491703033,-0.5272377133369446,0.999875545501709,0.4739798605442047,0.20293425023555756,-0.5275791883468628,0.9998461008071899,0.5482943058013916,0.2300349324941635,-0.2836700975894928,0.9997743368148804,0.4631110429763794,0.23206865787506104,-0.30083438754081726,0.9998357892036438,0.5222999453544617,0.28494793176651,-0.4801236093044281,0.999925971031189,0.486829936504364,0.28421276807785034,-0.48575249314308167,0.9999147057533264,0.6098509430885315,0.48921582102775574,-0.16394205391407013,0.999472439289093,0.40384435653686523,0.4926571249961853,-0.14259620010852814,0.9994152188301086,0.6283614635467529,0.815160870552063,-0.4246259927749634,0.9664367437362671,0.3825874328613281,0.8183468580245972,-0.05799794942140579,0.9558666348457336,0.6200132966041565,0.6221763491630554,-0.9505492448806763,0.9238274097442627,0.3782014846801758,0.999310314655304,-0.23448167741298676,0.9296404719352722,0.61723393201828,0.5726258158683777,-1.0513688325881958,0.8846110701560974,0.3758459985256195,1.0900369882583618,-0.2704464793205261,0.8882851600646973,0.6155194044113159,0.5406278967857361,-1.0232785940170288,0.8940185904502869,0.3803863525390625,1.0747467279434204,-0.3304573595523834,0.9009281992912292,0.612092137336731,0.5532507300376892,-0.9534618854522705,0.9034833908081055,0.385352224111557,1.0431416034698486,-0.26254597306251526,0.9165389537811279,0.5723620653152466,1.0016027688980103,-0.008088254369795322,0.7170423865318298,0.44407618045806885,0.9956937432289124,0.009840425103902817,0.6754708886146545,0.5720232725143433,1.4246878623962402,0.05643395334482193,0.006263905204832554,0.4266851544380188,1.4120148420333862,0.04040226712822914,0.004737589042633772,0.5613147020339966,1.7741831541061401,0.4310430586338043,0.0007605394930578768,0.4216265380382538,1.7654980421066284,0.3372693359851837,0.0006313059711828828,0.5653184056282043,1.827649712562561,0.45034995675086975,0.00030746779520995915,0.41683387756347656,1.8200290203094482,0.3555833697319031,0.0004685025487560779,0.5372343063354492,1.8959325551986694,0.14889360964298248,0.00045086580212228,0.44386789202690125,1.8886678218841553,0.03211047872900963,0.0010106863919645548,0.6293625831604004,0.588948130607605,-7.436289450879485e-08,0.6189163327217102,0.549895167350769,0.0002851251920219511,0.6103322505950928,0.5058825612068176,-0.0017721664626151323,0.6038419008255005,0.4744577407836914,-0.004585459362715483,0.5978241562843323,0.4508189260959625,-0.007899346761405468,0.6224533915519714,0.47724539041519165,-0.007450957782566547,0.6138805150985718,0.4387650191783905,-0.015016386285424232,0.6064912676811218,0.41069841384887695,-0.01846306398510933,0.6013545989990234,0.3884659707546234,-0.02114533632993698,0.6254191994667053,0.4904197156429291,-0.012171250768005848,0.5920993089675903,0.48270130157470703,-0.021822893992066383,0.5875162482261658,0.505352258682251,-0.02110263705253601,0.5933120250701904,0.5180110931396484,-0.01966830901801586,0.6246067881584167,0.5134151577949524,-0.01704101823270321,0.5918111205101013,0.5131100416183472,-0.02652585506439209,0.5898634791374207,0.5316067337989807,-0.021750198677182198,0.5963906049728394,0.5385985374450684,-0.017412487417459488,0.6224066615104675,0.5402625203132629,-0.02193748764693737,0.5957623720169067,0.5425035953521729,-0.029193460941314697,0.5946291089057922,0.556079626083374,-0.02693215012550354,0.6010873913764954,0.5600826740264893,-0.02414173074066639,0.0,0.0,0.0,0.0,0.0,0.0,0.0,0.0,0.0,0.0,0.0,0.0,0.0,0.0,0.0,0.0,0.0,0.0,0.0,0.0,0.0,0.0,0.0,0.0,0.0,0.0,0.0,0.0,0.0,0.0,0.0,0.0,0.0,0.0,0.0,0.0,0.0,0.0,0.0,0.0,0.0,0.0,0.0,0.0,0.0,0.0,0.0,0.0,0.0,0.0,0.0,0.0,0.0,0.0,0.0,0.0,0.0,0.0,0.0,0.0,0.0,0.0,0.0
0.5058425664901733,0.23473533987998962,-0.5480782985687256,0.9999166131019592,0.5207953453063965,0.20261119306087494,-0.5070476531982422,0.99983811378479,0.5298308730125427,0.20307627320289612,-0.5071336030960083,0.9998541474342346,0.5374046564102173,0.20438535511493683,-0.5068781971931458,0.9997947812080383,0.49259093403816223,0.2016114443540573,-0.510398805141449,0.999839186668396,0.48215803503990173,0.20204299688339233,-0.5102701783180237,0.9998757839202881,0.474020779132843,0.20284873247146606,-0.5106117725372314,0.9998464584350586,0.5483383536338806,0.23011218011379242,-0.27095648646354675,0.9997740387916565,0.4630542993545532,0.2319377213716507,-0.28512734174728394,0.9998362064361572,0.522363543510437,0.28492963314056396,-0.46514543890953064,0.999925434589386,0.4869389235973358,0.2840786576271057,-0.4698631465435028,0.9999141693115234,0.6100082993507385,0.4892849326133728,-0.15736328065395355,0.9994656443595886,0.40365245938301086,0.4927160143852234,-0.12855200469493866,0.9994044899940491,0.6286560297012329,0.8157569169998169,-0.4122890830039978,0.9663302898406982,0.38245469331741333,0.8188661336898804,-0.04343833774328232,0.9564294219017029,0.6200484037399292,0.6206954121589661,-0.9342948794364929,0.9247393012046814,0.3780938386917114,1.0012550354003906,-0.2178984433412552,0.9301307797431946,0.6175935864448547,0.5708268880844116,-1.0347435474395752,0.8856325149536133,0.3746420443058014,1.0916954278945923,-0.2525412142276764,0.8887428045272827,0.6155921220779419,0.5395445823669434,-1.0063247680664062,0.8949344158172607,0.3800380527973175,1.0762670040130615,-0.3135058581829071,0.9013277292251587,0.6122968196868896,0.5522884726524353,-0.9370851516723633,0.9042021036148071,0.3849129378795624,1.0446791648864746,-0.24628709256649017,0.9172178506851196,0.5726855993270874,1.0021989345550537,-0.010795830748975277,0.7167198657989502,0.4450767934322357,0.9957563877105713,0.01261144783347845,0.6747430562973022,0.5726563930511475,1.425344467163086,0.051294248551130295,0.006329452618956566,0.4274166524410248,1.4132128953933716,0.04657132178544998,0.004794350825250149,0.5617265701293945,1.775921106338501,0.4276714026927948,0.0007675550295971334,0.4223138391971588,1.7666116952896118,0.3420749306678772,0.0006436255644075572,0.5657690167427063,1.8295574188232422,0.44741666316986084,0.00030746569973416626,0.4173511266708374,1.8210387229919434,0.36057761311531067,0.00047690875362604856,0.537553608417511,1.8981775045394897,0.1498475968837738,0.00045270859845913947,0.44472572207450867,1.890350103378296,0.04121515527367592,0.0010201968252658844,0.6291651725769043,0.589593231678009,-7.486049469207501e-08,0.6174813508987427,0.5507894158363342,0.00027117400895804167,0.6091033220291138,0.5062329769134521,-0.00160752865485847,0.603631317615509,0.4742244780063629,-0.0041860113851726055,0.5980353355407715,0.4507997930049896,-0.007250305265188217,0.622426450252533,0.4768557846546173,-0.007403186522424221,0.6145644187927246,0.4388185441493988,-0.014699451625347137,0.6071105003356934,0.4108465909957886,-0.017942313104867935,0.6018911004066467,0.38887840509414673,-0.02049548737704754,0.6259031295776367,0.4902145266532898,-0.011992644518613815,0.5926147103309631,0.48189839720726013,-0.021103136241436005,0.5868252515792847,0.5051133036613464,-0.019988225772976875,0.592139482498169,0.5185819864273071,-0.018359581008553505,0.6252426505088806,0.5134174227714539,-0.01677125319838524,0.592450737953186,0.5128017067909241,-0.02589735947549343,0.5892782211303711,0.5316673517227173,-0.021124230697751045,0.5953314304351807,0.5396110415458679,-0.016846871003508568,0.6229987144470215,0.5404711961746216,-0.02158726379275322,0.5965629816055298,0.5422645211219788,-0.028644002974033356,0.5943892002105713,0.5558393001556396,-0.026495767757296562,0.6001996397972107,0.5607030391693115,-0.023828549310564995,0.0,0.0,0.0,0.0,0.0,0.0,0.0,0.0,0.0,0.0,0.0,0.0,0.0,0.0,0.0,0.0,0.0,0.0,0.0,0.0,0.0,0.0,0.0,0.0,0.0,0.0,0.0,0.0,0.0,0.0,0.0,0.0,0.0,0.0,0.0,0.0,0.0,0.0,0.0,0.0,0.0,0.0,0.0,0.0,0.0,0.0,0.0,0.0,0.0,0.0,0.0,0.0,0.0,0.0,0.0,0.0,0.0,0.0,0.0,0.0,0.0,0.0,0.0
0.5054110884666443,0.23476827144622803,-0.5581238865852356,0.999920129776001,0.5204852819442749,0.20261770486831665,-0.5167595744132996,0.9998449087142944,0.5295857787132263,0.2031024545431137,-0.5168503522872925,0.9998602271080017,0.5372921824455261,0.2044319361448288,-0.5165882110595703,0.999803364276886,0.4921131134033203,0.20156453549861908,-0.520806610584259,0.999845564365387,0.48170968890190125,0.2019841969013214,-0.5206794142723083,0.9998806118965149,0.47364312410354614,0.20275719463825226,-0.5210267305374146,0.9998521208763123,0.5485491156578064,0.23021377623081207,-0.27728697657585144,0.9997826814651489,0.4629625082015991,0.23193924129009247,-0.2945614159107208,0.9998432397842407,0.5222845077514648,0.2849220037460327,-0.4737037122249603,0.9999280571937561,0.4866500198841095,0.2841677963733673,-0.479301780462265,0.9999170899391174,0.610312819480896,0.48934033513069153,-0.15619680285453796,0.999482274055481,0.40403223037719727,0.49239489436149597,-0.13811202347278595,0.999413013458252,0.6288790106773376,0.8158640265464783,-0.42019402980804443,0.9669781923294067,0.38205528259277344,0.819155216217041,-0.05797000229358673,0.956258237361908,0.6201451420783997,0.6207619309425354,-0.949447512626648,0.9271048903465271,0.37805113196372986,1.0006992816925049,-0.23628908395767212,0.9290194511413574,0.6187055706977844,0.5716962814331055,-1.0509343147277832,0.8886011838912964,0.37431713938713074,1.0916603803634644,-0.2723731994628906,0.887923002243042,0.6160171031951904,0.5406580567359924,-1.0230311155319214,0.897720992565155,0.3799271285533905,1.0764777660369873,-0.3325018286705017,0.9006364345550537,0.6129972338676453,0.5527213215827942,-0.9526646733283997,0.9063812494277954,0.384769469499588,1.0446761846542358,-0.2645805776119232,0.9167985320091248,0.5716302990913391,1.0023036003112793,-0.010229913517832756,0.7137396335601807,0.4445904493331909,0.9957084655761719,0.012023268267512321,0.6715902090072632,0.569180428981781,1.4263907670974731,0.0490068681538105,0.0063560050912201405,0.42549803853034973,1.413421630859375,0.03766624629497528,0.00477036414667964,0.5577710270881653,1.7768440246582031,0.4232094883918762,0.000769816804677248,0.4200262427330017,1.7678720951080322,0.33213287591934204,0.0006407604669220746,0.5615347623825073,1.829771637916565,0.4422376751899719,0.00030781084205955267,0.4156065583229065,1.8220195770263672,0.35026779770851135,0.00047470381832681596,0.5344272255897522,1.8988267183303833,0.13960808515548706,0.0004567533324006945,0.44083115458488464,1.8909870386123657,0.025037871673703194,0.001017819158732891,0.6290572285652161,0.5896313190460205,-8.454824040882158e-08,0.6177294850349426,0.5490277409553528,0.0005186203634366393,0.6089428663253784,0.5050580501556396,-0.001836803276091814,0.6029818654060364,0.4736824333667755,-0.005115259904414415,0.5975009799003601,0.4514557123184204,-0.008957779966294765,0.6233684420585632,0.4770681858062744,-0.007505207788199186,0.6150527000427246,0.4393562376499176,-0.015720687806606293,0.6077364683151245,0.41161882877349854,-0.0196766946464777,0.6025441288948059,0.38961273431777954,-0.02267543412744999,0.6265940070152283,0.49130651354789734,-0.012709298171103,0.5930433869361877,0.48328566551208496,-0.0232635997235775,0.5872048735618591,0.5061507821083069,-0.022962933406233788,0.5920038819313049,0.5189176201820374,-0.021627439185976982,0.6257838010787964,0.5148579478263855,-0.018080582842230797,0.5922165513038635,0.5135983228683472,-0.028294717893004417,0.5896096229553223,0.5320169925689697,-0.023692850023508072,0.596049427986145,0.5387338399887085,-0.019268138334155083,0.6235823631286621,0.5420697927474976,-0.023439692333340645,0.5958705544471741,0.5422942042350769,-0.031069312244653702,0.5942676067352295,0.5554397702217102,-0.02871166355907917,0.6011244058609009,0.55937659740448,-0.025747641921043396,0.0,0.0,0.0,0.0,0.0,0.0,0.0,0.0,0.0,0.0,0.0,0.0,0.0,0.0,0.0,0.0,0.0,0.0,0.0,0.0,0.0,0.0,0.0,0.0,0.0,0.0,0.0,0.0,0.0,0.0,0.0,0.0,0.0,0.0,0.0,0.0,0.0,0.0,0.0,0.0,0.0,0.0,0.0,0.0,0.0,0.0,0.0,0.0,0.0,0.0,0.0,0.0,0.0,0.0,0.0,0.0,0.0,0.0,0.0,0.0,0.0,0.0,0.0
0.5052591562271118,0.23473747074604034,-0.552859365940094,0.9999197125434875,0.520445704460144,0.2026190459728241,-0.5114366412162781,0.999844491481781,0.5295528173446655,0.20311345160007477,-0.511541485786438,0.9998601675033569,0.5372937917709351,0.2044629007577896,-0.5113009214401245,0.9998033046722412,0.492074579000473,0.20150132477283478,-0.5158370137214661,0.9998450875282288,0.4816536605358124,0.2019042670726776,-0.515734851360321,0.9998802542686462,0.47358956933021545,0.20264528691768646,-0.5160883665084839,0.9998512864112854,0.5487365126609802,0.2302791327238083,-0.27149495482444763,0.9997814297676086,0.4631265103816986,0.23184803128242493,-0.29027649760246277,0.9998446106910706,0.5221693515777588,0.2848544120788574,-0.4680164158344269,0.9999275803565979,0.4866495132446289,0.28410911560058594,-0.47410258650779724,0.9999168515205383,0.6107060313224792,0.4893054664134979,-0.15299777686595917,0.9994893670082092,0.40424203872680664,0.49190154671669006,-0.1343282163143158,0.999419629573822,0.6285701990127563,0.8154917359352112,-0.4206961691379547,0.9674367904663086,0.3821669816970825,0.8180872797966003,-0.057134851813316345,0.9570769667625427,0.6202889680862427,0.619842529296875,-0.9504508376121521,0.9282547235488892,0.3778945803642273,1.003010869026184,-0.23869243264198303,0.9292813539505005,0.6187759637832642,0.5704998970031738,-1.0516705513000488,0.8903164863586426,0.3734954595565796,1.0942761898040771,-0.274997353553772,0.887901246547699,0.6162710785865784,0.538963794708252,-1.0239653587341309,0.8991826772689819,0.3796052634716034,1.079168438911438,-0.3353155553340912,0.9004612565040588,0.6133620738983154,0.5507386326789856,-0.9535209536552429,0.9076067805290222,0.3846660554409027,1.0473487377166748,-0.2669108211994171,0.9166706204414368,0.5720965266227722,1.0018296241760254,-0.005908797960728407,0.7241852283477783,0.4443165957927704,0.9955673813819885,0.007598449941724539,0.6838139891624451,0.5693740248680115,1.4244223833084106,0.04966958612203598,0.006457078270614147,0.42600905895233154,1.409235954284668,0.015690432861447334,0.004817588720470667,0.5573465824127197,1.7748446464538574,0.41486161947250366,0.0007843141793273389,0.4194510579109192,1.764969825744629,0.3047933578491211,0.0006405194289982319,0.5611398220062256,1.8275961875915527,0.43271195888519287,0.00031630240846425295,0.4148915708065033,1.8191877603530884,0.3218907415866852,0.00048190378583967686,0.532988965511322,1.897202730178833,0.12879320979118347,0.0004677749238908291,0.4401024878025055,1.888005018234253,-0.004786582663655281,0.001030430430546403,0.6289533376693726,0.5896291136741638,-7.845761018643316e-08,0.6182430386543274,0.549630343914032,0.0001878091279650107,0.6099650859832764,0.5051202774047852,-0.0019071906572207808,0.6042487621307373,0.47313442826271057,-0.0047292388044297695,0.5982064604759216,0.44977736473083496,-0.008052200078964233,0.6228840947151184,0.47559893131256104,-0.008056089282035828,0.6149997115135193,0.43754762411117554,-0.015872878953814507,0.6071674227714539,0.4098968505859375,-0.019335098564624786,0.6012027859687805,0.38822317123413086,-0.021878443658351898,0.6263576745986938,0.48957762122154236,-0.012659609317779541,0.5926854014396667,0.4811762869358063,-0.022382821887731552,0.5858888626098633,0.5060006976127625,-0.021237587556242943,0.5904296636581421,0.5209251642227173,-0.019329816102981567,0.6256467700004578,0.5133134126663208,-0.01747000403702259,0.5926946401596069,0.5128896236419678,-0.027020519599318504,0.5887631773948669,0.5327146053314209,-0.022172028198838234,0.594405472278595,0.5416883826255798,-0.017524635419249535,0.6233760714530945,0.5408786535263062,-0.022305475547909737,0.5968567728996277,0.5418704748153687,-0.029375577345490456,0.5935085415840149,0.5549700856208801,-0.02716817893087864,0.5983981490135193,0.5601727366447449,-0.024286547675728798,0.0,0.0,0.0,0.0,0.0,0.0,0.0,0.0,0.0,0.0,0.0,0.0,0.0,0.0,0.0,0.0,0.0,0.0,0.0,0.0,0.0,0.0,0.0,0.0,0.0,0.0,0.0,0.0,0.0,0.0,0.0,0.0,0.0,0.0,0.0,0.0,0.0,0.0,0.0,0.0,0.0,0.0,0.0,0.0,0.0,0.0,0.0,0.0,0.0,0.0,0.0,0.0,0.0,0.0,0.0,0.0,0.0,0.0,0.0,0.0,0.0,0.0,0.0
0.5050100088119507,0.2343675196170807,-0.5172916650772095,0.999916136264801,0.5201642513275146,0.20255689322948456,-0.47607940435409546,0.999837338924408,0.5292104482650757,0.2029823213815689,-0.4761907756328583,0.9998540282249451,0.5371131300926208,0.2042778879404068,-0.4759456217288971,0.9997953176498413,0.4918581247329712,0.20127500593662262,-0.4808806777000427,0.9998375177383423,0.4814806878566742,0.2016127109527588,-0.4807734489440918,0.9998741745948792,0.4734843671321869,0.20232121646404266,-0.4811382293701172,0.9998438954353333,0.5486238598823547,0.22995902597904205,-0.2429354339838028,0.9997701644897461,0.4632239043712616,0.23143839836120605,-0.2634923458099365,0.9998375177383423,0.5219177603721619,0.2845548093318939,-0.43528082966804504,0.9999238848686218,0.48644936084747314,0.2835296094417572,-0.4418351352214813,0.9999126195907593,0.6106162667274475,0.48913055658340454,-0.1336035132408142,0.9994828701019287,0.4046109616756439,0.4898242950439453,-0.11811124533414841,0.9994050860404968,0.6288031339645386,0.8139152526855469,-0.38866880536079407,0.9680554866790771,0.38218918442726135,0.8173719048500061,-0.03823188319802284,0.9573656320571899,0.6206971406936646,0.618842363357544,-0.9067294001579285,0.9303565621376038,0.37726545333862305,1.004811406135559,-0.20112945139408112,0.9281778335571289,0.6192042231559753,0.5706278085708618,-1.0056021213531494,0.8933358788490295,0.37172892689704895,1.0954418182373047,-0.23440447449684143,0.8864938020706177,0.6167792081832886,0.5385066270828247,-0.9773900508880615,0.9018981456756592,0.3783858120441437,1.082062840461731,-0.29523271322250366,0.8990733027458191,0.6140149235725403,0.549687385559082,-0.9095848202705383,0.9101132154464722,0.38432756066322327,1.0502614974975586,-0.22916525602340698,0.9156230092048645,0.5709062814712524,1.001853346824646,-0.0031814281828701496,0.7317566275596619,0.44452521204948425,0.9950422644615173,0.004807467572391033,0.6917083859443665,0.5678805112838745,1.4205106496810913,0.045216940343379974,0.006469906307756901,0.425683856010437,1.4050198793411255,0.011256188154220581,0.0048479787074029446,0.5549700260162354,1.7709639072418213,0.40157029032707214,0.0007725817849859595,0.4183915853500366,1.7598824501037598,0.2889941930770874,0.000630702415946871,0.5586856603622437,1.8227388858795166,0.41931599378585815,0.0003137327148579061,0.4136812090873718,1.8128817081451416,0.3052775263786316,0.0004817226144950837,0.530392587184906,1.8924777507781982,0.12510542571544647,0.0004640059487428516,0.4387577474117279,1.8816879987716675,-0.012783823534846306,0.001018163631670177,0.6280521750450134,0.5877230763435364,-7.29791054254747e-08,0.6165880560874939,0.5480666756629944,-6.703326653223485e-05,0.6083762645721436,0.5049406886100769,-0.0024862191639840603,0.6033992171287537,0.4735334813594818,-0.005561606027185917,0.5973966717720032,0.4499698281288147,-0.009172090329229832,0.6227350831031799,0.4748254716396332,-0.008568201214075089,0.6152740120887756,0.4380112588405609,-0.016544200479984283,0.6077699065208435,0.41004979610443115,-0.020230451598763466,0.6020750403404236,0.3877657651901245,-0.022975720465183258,0.6267496943473816,0.48875248432159424,-0.013146216049790382,0.5928184390068054,0.4801665246486664,-0.022656334564089775,0.5854429602622986,0.5046908259391785,-0.021507078781723976,0.5893734097480774,0.5194164514541626,-0.019702410325407982,0.6263176202774048,0.5125960111618042,-0.01793435774743557,0.5930770039558411,0.5128473043441772,-0.027459321543574333,0.5889678001403809,0.5320488810539246,-0.022631144151091576,0.5943136215209961,0.5408251881599426,-0.018067438155412674,0.62421053647995,0.5400675535202026,-0.022747594863176346,0.5976423621177673,0.5417158603668213,-0.029918596148490906,0.5944188237190247,0.5543592572212219,-0.027691802009940147,0.5993256568908691,0.5593779683113098,-0.02484411932528019,0.0,0.0,0.0,0.0,0.0,0.0,0.0,0.0,0.0,0.0,0.0,0.0,0.0,0.0,0.0,0.0,0.0,0.0,0.0,0.0,0.0,0.0,0.0,0.0,0.0,0.0,0.0,0.0,0.0,0.0,0.0,0.0,0.0,0.0,0.0,0.0,0.0,0.0,0.0,0.0,0.0,0.0,0.0,0.0,0.0,0.0,0.0,0.0,0.0,0.0,0.0,0.0,0.0,0.0,0.0,0.0,0.0,0.0,0.0,0.0,0.0,0.0,0.0
0.5049698352813721,0.2342207282781601,-0.5192773938179016,0.9999134540557861,0.5201967358589172,0.2025378942489624,-0.478171169757843,0.9998316168785095,0.529270350933075,0.20292483270168304,-0.4782892167568207,0.9998490810394287,0.5372600555419922,0.2042071670293808,-0.4780578911304474,0.9997888207435608,0.4917941689491272,0.20117077231407166,-0.4832606315612793,0.9998312592506409,0.48141157627105713,0.20154555141925812,-0.48316332697868347,0.9998692870140076,0.47351548075675964,0.20226632058620453,-0.4835220277309418,0.9998378157615662,0.5488835573196411,0.22990207374095917,-0.24341760575771332,0.999761700630188,0.4632587730884552,0.2315090149641037,-0.2653295695781708,0.9998307228088379,0.5220635533332825,0.2843916714191437,-0.4365410804748535,0.9999209046363831,0.486564964056015,0.2834259867668152,-0.44343575835227966,0.999908983707428,0.6104793548583984,0.48902130126953125,-0.1297539919614792,0.9994741082191467,0.4046429693698883,0.48893919587135315,-0.1195780485868454,0.9993840456008911,0.6286064982414246,0.8125320672988892,-0.3977915048599243,0.9687178134918213,0.3826789855957031,0.8158590793609619,-0.049172766506671906,0.9568146467208862,0.6211336255073547,0.6187607645988464,-0.9244623780250549,0.9326238036155701,0.377172589302063,0.9991590976715088,-0.22483181953430176,0.9253168106079102,0.6196755170822144,0.5695446729660034,-1.0250321626663208,0.8963618278503418,0.3725479245185852,1.089081883430481,-0.26014623045921326,0.8830133080482483,0.6173117756843567,0.5386027693748474,-0.9964417219161987,0.9045979380607605,0.3784598410129547,1.0748645067214966,-0.31983721256256104,0.8958195447921753,0.6149726510047913,0.5501590371131897,-0.9274863004684448,0.9126787185668945,0.38424789905548096,1.043440818786621,-0.25275862216949463,0.9128647446632385,0.5718690156936646,1.0007771253585815,-0.004509667865931988,0.7334926724433899,0.4447733163833618,0.9948300123214722,0.006182961165904999,0.6933571100234985,0.5706759691238403,1.41934335231781,0.041707634925842285,0.006468580104410648,0.42779096961021423,1.4041805267333984,0.015237322077155113,0.004893737845122814,0.5589982867240906,1.7691930532455444,0.4004272520542145,0.000758583249989897,0.42095834016799927,1.7586688995361328,0.2950327694416046,0.0006255793268792331,0.5630358457565308,1.8209125995635986,0.4181884229183197,0.00031038065208122134,0.4155331254005432,1.811892032623291,0.3114415109157562,0.0004832516424357891,0.5334656238555908,1.891050100326538,0.12192380428314209,0.0004564623231999576,0.4427981376647949,1.8806202411651611,-0.007947602309286594,0.0010103689273819327,0.6291681528091431,0.5877991914749146,-7.204391749837669e-08,0.6178932785987854,0.5488066673278809,-8.433269249508157e-05,0.6093557476997375,0.5050896406173706,-0.0023913332261145115,0.6038491129875183,0.4735991060733795,-0.005328848492354155,0.5979668498039246,0.44980746507644653,-0.008793243207037449,0.6229962110519409,0.4748799502849579,-0.008410392329096794,0.6151551604270935,0.4380229711532593,-0.0163650494068861,0.607714831829071,0.4100463092327118,-0.020147278904914856,0.6021095514297485,0.3877559304237366,-0.022974984720349312,0.6267393231391907,0.48871761560440063,-0.012930830009281635,0.5928990840911865,0.4801487326622009,-0.022361891344189644,0.5859147310256958,0.504016637802124,-0.02132508158683777,0.5900089144706726,0.5182741284370422,-0.019644958898425102,0.6262894868850708,0.5125387907028198,-0.01764279417693615,0.59312903881073,0.5120904445648193,-0.027080966159701347,0.5892719626426697,0.530762255191803,-0.02220187522470951,0.5947751998901367,0.5392756462097168,-0.0176578126847744,0.6242067813873291,0.5401713252067566,-0.022391747683286667,0.5978018045425415,0.5411974787712097,-0.029538234695792198,0.5950389504432678,0.5539853572845459,-0.027166271582245827,0.6004491448402405,0.5592851042747498,-0.024228431284427643,0.0,0.0,0.0,0.0,0.0,0.0,0.0,0.0,0.0,0.0,0.0,0.0,0.0,0.0,0.0,0.0,0.0,0.0,0.0,0.0,0.0,0.0,0.0,0.0,0.0,0.0,0.0,0.0,0.0,0.0,0.0,0.0,0.0,0.0,0.0,0.0,0.0,0.0,0.0,0.0,0.0,0.0,0.0,0.0,0.0,0.0,0.0,0.0,0.0,0.0,0.0,0.0,0.0,0.0,0.0,0.0,0.0,0.0,0.0,0.0,0.0,0.0,0.0
0.5047895908355713,0.2343442291021347,-0.5299885272979736,0.9999142289161682,0.5201376676559448,0.2025349736213684,-0.48843762278556824,0.9998325705528259,0.5292311310768127,0.20292891561985016,-0.4885401129722595,0.9998500347137451,0.5372562408447266,0.2042308896780014,-0.48829105496406555,0.9997905492782593,0.49159109592437744,0.20116275548934937,-0.4931090176105499,0.9998316764831543,0.4811853766441345,0.20160923898220062,-0.4929896593093872,0.9998693466186523,0.47333043813705444,0.20233051478862762,-0.49334368109703064,0.9998375177383423,0.5486674904823303,0.22998008131980896,-0.25120553374290466,0.9997614622116089,0.46303802728652954,0.23164339363574982,-0.27106353640556335,0.99983149766922,0.5218968391418457,0.2844114899635315,-0.4465772211551666,0.9999207854270935,0.48626068234443665,0.2835206985473633,-0.4529268443584442,0.9999085068702698,0.6101493239402771,0.48904600739479065,-0.13289111852645874,0.9994850754737854,0.4045775532722473,0.48908939957618713,-0.12206632643938065,0.9993885159492493,0.6283469796180725,0.813713550567627,-0.40247949957847595,0.9696823358535767,0.38198918104171753,0.8159307837486267,-0.045857347548007965,0.9573845863342285,0.6211825609207153,0.6180405020713806,-0.9300838708877563,0.9356356859207153,0.37712910771369934,1.0000776052474976,-0.22057108581066132,0.924745500087738,0.6195384860038757,0.5689560770988464,-1.0310394763946533,0.9004943370819092,0.3730810284614563,1.0908006429672241,-0.2555411159992218,0.8818930387496948,0.6174628734588623,0.5384754538536072,-1.0021036863327026,0.9083966612815857,0.378703773021698,1.0762468576431274,-0.31612205505371094,0.8946390151977539,0.6145752668380737,0.5502040386199951,-0.9329906702041626,0.9160844683647156,0.38422033190727234,1.044564962387085,-0.24875719845294952,0.9120389223098755,0.5711145401000977,1.0017881393432617,-0.005667423363775015,0.7371566295623779,0.44452884793281555,0.9948191046714783,0.007395743392407894,0.6973967552185059,0.5698261857032776,1.422263741493225,0.044631704688072205,0.006382249761372805,0.42704281210899353,1.4061203002929688,0.016024721786379814,0.004837073851376772,0.5575178265571594,1.7730093002319336,0.40698501467704773,0.0007419590838253498,0.4199165105819702,1.7622331380844116,0.30099472403526306,0.0006056799320504069,0.5613862872123718,1.825275182723999,0.42484721541404724,0.0003045356133952737,0.4147040545940399,1.816348671913147,0.31784841418266296,0.0004714441893156618,0.5325304865837097,1.895200252532959,0.12406384199857712,0.00044910755241289735,0.44126108288764954,1.8850404024124146,-0.007305194158107042,0.0009834828088060021,0.6290611028671265,0.5872187614440918,-7.057028028611967e-08,0.6180869340896606,0.5483098030090332,-0.00014873043983243406,0.6097254753112793,0.5043492913246155,-0.0024686739780008793,0.6040902733802795,0.47296687960624695,-0.005382335279136896,0.598524808883667,0.44941285252571106,-0.008826568722724915,0.623432993888855,0.47527173161506653,-0.008480655960738659,0.6154513359069824,0.4381606876850128,-0.01632968708872795,0.6077845692634583,0.4103371500968933,-0.019995642825961113,0.6022974252700806,0.3881899416446686,-0.022797638550400734,0.6270087361335754,0.4895421266555786,-0.01300953608006239,0.593405544757843,0.48003727197647095,-0.022355156019330025,0.5869269371032715,0.5032005310058594,-0.021276775747537613,0.5917949676513672,0.5164282917976379,-0.01965184323489666,0.6264244914054871,0.5135611295700073,-0.017716333270072937,0.5933504104614258,0.5115010738372803,-0.027244918048381805,0.5896341800689697,0.5299326181411743,-0.02230464108288288,0.5955927968025208,0.5378109812736511,-0.01776510663330555,0.6242033243179321,0.5412068963050842,-0.022445037961006165,0.597641110420227,0.5405817031860352,-0.029808448627591133,0.5952150225639343,0.5534677505493164,-0.027366677299141884,0.6012125611305237,0.5586955547332764,-0.024387190118432045,0.0,0.0,0.0,0.0,0.0,0.0,0.0,0.0,0.0,0.0,0.0,0.0,0.0,0.0,0.0,0.0,0.0,0.0,0.0,0.0,0.0,0.0,0.0,0.0,0.0,0.0,0.0,0.0,0.0,0.0,0.0,0.0,0.0,0.0,0.0,0.0,0.0,0.0,0.0,0.0,0.0,0.0,0.0,0.0,0.0,0.0,0.0,0.0,0.0,0.0,0.0,0.0,0.0,0.0,0.0,0.0,0.0,0.0,0.0,0.0,0.0,0.0,0.0
0.5047279000282288,0.2344914823770523,-0.5261196494102478,0.9999143481254578,0.520081639289856,0.20254436135292053,-0.48404428362846375,0.9998323321342468,0.5291431546211243,0.2029566913843155,-0.4841618835926056,0.9998499155044556,0.5372158885002136,0.20429052412509918,-0.48391133546829224,0.9997905492782593,0.4916716516017914,0.20117588341236115,-0.48909792304039,0.9998314380645752,0.48124781250953674,0.20165589451789856,-0.4889836311340332,0.9998692274093628,0.4733199179172516,0.20234334468841553,-0.48934686183929443,0.9998372197151184,0.5486797094345093,0.2301488220691681,-0.24588046967983246,0.9997596740722656,0.462947279214859,0.2317148894071579,-0.26737353205680847,0.999832272529602,0.5216044187545776,0.2844356894493103,-0.44249600172042847,0.9999200701713562,0.4860178530216217,0.28360629081726074,-0.4493798613548279,0.9999076724052429,0.6096407175064087,0.48895925283432007,-0.12953248620033264,0.999487042427063,0.40458473563194275,0.48948365449905396,-0.11846242100000381,0.9993900656700134,0.628727912902832,0.813033938407898,-0.39134934544563293,0.9703046083450317,0.3824787735939026,0.8159494996070862,-0.03988463804125786,0.9578587412834167,0.6213145852088928,0.617415189743042,-0.9146881699562073,0.9376402497291565,0.3766160309314728,1.000615119934082,-0.21131891012191772,0.9240951538085938,0.6193200349807739,0.5687842965126038,-1.0148957967758179,0.903156042098999,0.3715730607509613,1.0905219316482544,-0.2457510381937027,0.8813170194625854,0.6174919009208679,0.5383174419403076,-0.9858334064483643,0.9107868075370789,0.3776870667934418,1.0760159492492676,-0.3070211708545685,0.8940476775169373,0.6141523122787476,0.5500008463859558,-0.9175583124160767,0.9183182716369629,0.38391655683517456,1.044524073600769,-0.23970864713191986,0.9116092324256897,0.5713561773300171,1.0015021562576294,-0.0060064224526286125,0.7366790175437927,0.44487810134887695,0.9947243928909302,0.007739163003861904,0.6975558400154114,0.5705079436302185,1.4209001064300537,0.036893654614686966,0.006151391193270683,0.4283243715763092,1.4057245254516602,0.012526856735348701,0.004682290367782116,0.5579713582992554,1.771649956703186,0.3935476839542389,0.0007129519945010543,0.42074376344680786,1.761938452720642,0.29082292318344116,0.0005828513531014323,0.5618708729743958,1.8232632875442505,0.41072356700897217,0.0002943015715572983,0.4152342975139618,1.8157206773757935,0.3068884313106537,0.0004587233706843108,0.5327688455581665,1.89326012134552,0.11082617193460464,0.00043528861715458333,0.4423414468765259,1.8834644556045532,-0.01666049286723137,0.0009572058916091919,0.6287588477134705,0.586162805557251,-6.91736232738549e-08,0.6176445484161377,0.5476731657981873,-0.0004082440573256463,0.6096533536911011,0.5037013292312622,-0.002602327847853303,0.6045798659324646,0.4718793034553528,-0.005315796472132206,0.5984717607498169,0.44848838448524475,-0.008567695505917072,0.6228663325309753,0.47407910227775574,-0.008430021815001965,0.6151634454727173,0.43762245774269104,-0.016354447230696678,0.6077372431755066,0.4095822274684906,-0.020036371424794197,0.6022382974624634,0.3873950242996216,-0.022753650322556496,0.6266294717788696,0.4878549873828888,-0.012727132067084312,0.5931478142738342,0.47933581471443176,-0.02221241593360901,0.5859636664390564,0.5037451386451721,-0.02102721855044365,0.590054452419281,0.5184167623519897,-0.01911393739283085,0.6261349320411682,0.5116453170776367,-0.01727956347167492,0.593257486820221,0.5111793875694275,-0.026837659999728203,0.5892162322998047,0.5302400588989258,-0.021965833380818367,0.5947824120521545,0.5386965870857239,-0.017321625724434853,0.623970091342926,0.5392887592315674,-0.02188156358897686,0.5976811647415161,0.5407525897026062,-0.029121557250618935,0.595273494720459,0.5535780191421509,-0.026810303330421448,0.601102352142334,0.5583317875862122,-0.023873019963502884,0.0,0.0,0.0,0.0,0.0,0.0,0.0,0.0,0.0,0.0,0.0,0.0,0.0,0.0,0.0,0.0,0.0,0.0,0.0,0.0,0.0,0.0,0.0,0.0,0.0,0.0,0.0,0.0,0.0,0.0,0.0,0.0,0.0,0.0,0.0,0.0,0.0,0.0,0.0,0.0,0.0,0.0,0.0,0.0,0.0,0.0,0.0,0.0,0.0,0.0,0.0,0.0,0.0,0.0,0.0,0.0,0.0,0.0,0.0,0.0,0.0,0.0,0.0
0.5045192837715149,0.23508934676647186,-0.5094850063323975,0.9999076128005981,0.5199711918830872,0.20264923572540283,-0.4682607650756836,0.9998193383216858,0.5290878415107727,0.20308320224285126,-0.46840745210647583,0.9998380541801453,0.5371533632278442,0.2044808715581894,-0.46818679571151733,0.9997750520706177,0.4914036691188812,0.20138072967529297,-0.47332754731178284,0.9998180270195007,0.4809708893299103,0.2019512951374054,-0.47323423624038696,0.9998586177825928,0.4731655418872833,0.20262868702411652,-0.4736185669898987,0.9998254179954529,0.5485643148422241,0.23049144446849823,-0.23415251076221466,0.9997407793998718,0.46286216378211975,0.2320549041032791,-0.2551010251045227,0.9998181462287903,0.5214492678642273,0.2847527265548706,-0.42704853415489197,0.9999136924743652,0.48571473360061646,0.28430458903312683,-0.43379971385002136,0.9999006390571594,0.6096368432044983,0.4889489710330963,-0.12480919063091278,0.9994637966156006,0.40473324060440063,0.49010607600212097,-0.10862687230110168,0.9993603229522705,0.6288038492202759,0.8132930994033813,-0.3906177282333374,0.9704798460006714,0.3825717568397522,0.8154280185699463,-0.03511083126068115,0.9581125378608704,0.6212739944458008,0.6182877421379089,-0.9189545512199402,0.9382714033126831,0.37613755464553833,0.9995172619819641,-0.2052486687898636,0.9213708639144897,0.6191107034683228,0.5676667094230652,-1.0194460153579712,0.9035349488258362,0.3716506063938141,1.0896639823913574,-0.23894311487674713,0.8768360018730164,0.6174890995025635,0.5383027791976929,-0.9906676411628723,0.910940945148468,0.37724390625953674,1.0752637386322021,-0.29975664615631104,0.8898738622665405,0.6139336824417114,0.550723135471344,-0.9221218228340149,0.9184998869895935,0.383698046207428,1.0440701246261597,-0.23337361216545105,0.9079099893569946,0.5724277496337891,1.001620888710022,-0.008678855374455452,0.7368625998497009,0.44398751854896545,0.9945732951164246,0.010381024330854416,0.6976054906845093,0.5723616480827332,1.4223586320877075,0.027748195454478264,0.006352635100483894,0.4296420216560364,1.4058696031570435,0.01032162830233574,0.004938645754009485,0.5621570944786072,1.7739031314849854,0.38101181387901306,0.0007154330378398299,0.4235859513282776,1.762175440788269,0.2832780182361603,0.0006022407906129956,0.5663283467292786,1.8260301351547241,0.3979894816875458,0.0002949322515632957,0.41776591539382935,1.816425085067749,0.2990879714488983,0.00047828166862018406,0.5368058681488037,1.8964412212371826,0.10070495307445526,0.000434650806710124,0.4466072618961334,1.883838415145874,-0.019828056916594505,0.0009821198182180524,0.629197359085083,0.5859655141830444,-7.098230980773224e-08,0.6181233525276184,0.5473377108573914,-0.00023184438759926707,0.6099286079406738,0.50380939245224,-0.0023630582727491856,0.6046358942985535,0.4724850654602051,-0.005063223652541637,0.5993586778640747,0.4490489661693573,-0.008279450237751007,0.622788667678833,0.47516849637031555,-0.008697880432009697,0.6157266497612,0.437580943107605,-0.01645522378385067,0.6083878874778748,0.4095931649208069,-0.019938800483942032,0.6027846932411194,0.3875757157802582,-0.02249460481107235,0.6263493895530701,0.4889488220214844,-0.012906377203762531,0.5934033393859863,0.4804530143737793,-0.022377431392669678,0.5860568284988403,0.5048543214797974,-0.021140754222869873,0.5900073051452637,0.5199089050292969,-0.019178645685315132,0.6257924437522888,0.5124076008796692,-0.017310084775090218,0.5936139822006226,0.5113567113876343,-0.02664065919816494,0.5892577171325684,0.5305742621421814,-0.021878443658351898,0.5944666862487793,0.5398877859115601,-0.017294876277446747,0.6236923933029175,0.5396773219108582,-0.02174718864262104,0.5979834794998169,0.5400357842445374,-0.028737137094140053,0.5944790840148926,0.552564263343811,-0.026568543165922165,0.599186360836029,0.5580930709838867,-0.023703938350081444,0.0,0.0,0.0,0.0,0.0,0.0,0.0,0.0,0.0,0.0,0.0,0.0,0.0,0.0,0.0,0.0,0.0,0.0,0.0,0.0,0.0,0.0,0.0,0.0,0.0,0.0,0.0,0.0,0.0,0.0,0.0,0.0,0.0,0.0,0.0,0.0,0.0,0.0,0.0,0.0,0.0,0.0,0.0,0.0,0.0,0.0,0.0,0.0,0.0,0.0,0.0,0.0,0.0,0.0,0.0,0.0,0.0,0.0,0.0,0.0,0.0,0.0,0.0
0.5043633580207825,0.2358374297618866,-0.5022203326225281,0.9999081492424011,0.5198603868484497,0.20285023748874664,-0.4609069228172302,0.999819815158844,0.5289562344551086,0.20330196619033813,-0.461048424243927,0.9998384714126587,0.5370606780052185,0.20475144684314728,-0.4608311951160431,0.9997764229774475,0.49138253927230835,0.2017274647951126,-0.4658069312572479,0.9998178482055664,0.4809804856777191,0.20243948698043823,-0.46571606397628784,0.9998576045036316,0.47323352098464966,0.20313207805156708,-0.46609827876091003,0.9998244047164917,0.5485696196556091,0.2309071123600006,-0.22850017249584198,0.9997397661209106,0.46302512288093567,0.232587993144989,-0.2489062249660492,0.9998183250427246,0.521406352519989,0.28525012731552124,-0.42048078775405884,0.999914288520813,0.4857691824436188,0.2852088510990143,-0.42707017064094543,0.9999014735221863,0.6097941994667053,0.4890231192111969,-0.1209426149725914,0.999469518661499,0.4047578275203705,0.49061521887779236,-0.10193458199501038,0.9993675351142883,0.6291263699531555,0.8142449259757996,-0.3782859742641449,0.9713627099990845,0.38272732496261597,0.8158162832260132,-0.020132770761847496,0.9587996602058411,0.6213504076004028,0.6179737448692322,-0.9000361561775208,0.9398917555809021,0.3741014897823334,1.0087846517562866,-0.18131454288959503,0.921226441860199,0.6192219257354736,0.5666067600250244,-1.0002171993255615,0.9050962328910828,0.36787834763526917,1.0992350578308105,-0.21404777467250824,0.8762900829315186,0.6175057888031006,0.5368576645851135,-0.9721086621284485,0.9122479557991028,0.3744916319847107,1.086267113685608,-0.2755473256111145,0.8893318772315979,0.6139079332351685,0.5498780608177185,-0.9033669829368591,0.9197911620140076,0.3821396827697754,1.054679036140442,-0.20957332849502563,0.9073643684387207,0.5718725919723511,1.0013024806976318,-0.009684585966169834,0.7398881912231445,0.4440866708755493,0.994524359703064,0.011366620659828186,0.7006623148918152,0.5703639388084412,1.422365665435791,0.031619325280189514,0.00629489216953516,0.42674538493156433,1.4067869186401367,0.017808370292186737,0.004975327290594578,0.5606153607368469,1.7745108604431152,0.3895787298679352,0.0006976480362936854,0.4215807318687439,1.7636815309524536,0.29438015818595886,0.0005950430640950799,0.5647505521774292,1.8264977931976318,0.4075143039226532,0.00028856704011559486,0.4161947965621948,1.8176504373550415,0.31070759892463684,0.00047319382429122925,0.5356792211532593,1.8963524103164673,0.11292149871587753,0.0004240760754328221,0.4445454776287079,1.8851364850997925,-0.006595494691282511,0.0009654288878664374,0.629718005657196,0.5868626236915588,-7.088242881536644e-08,0.6188191771507263,0.5495126843452454,-0.0002933959476649761,0.6107770800590515,0.5044455528259277,-0.0023062441032379866,0.6053395867347717,0.47213149070739746,-0.004842634312808514,0.5992984771728516,0.44817084074020386,-0.00793481431901455,0.6229758262634277,0.4760030210018158,-0.008843396790325642,0.6147363185882568,0.4377587139606476,-0.016699310392141342,0.6074718832969666,0.4097740352153778,-0.02035721391439438,0.6024585366249084,0.38716161251068115,-0.02314339019358158,0.6267344951629639,0.48947426676750183,-0.01308981329202652,0.5935680866241455,0.4801936447620392,-0.022473089396953583,0.5869649648666382,0.5038240551948547,-0.02128370851278305,0.5918475985527039,0.5172652006149292,-0.019564267247915268,0.6262076497077942,0.5127866268157959,-0.01753831095993519,0.5938206911087036,0.5105217099189758,-0.027076037600636482,0.5895216464996338,0.5293691158294678,-0.022283777594566345,0.5950976610183716,0.5376608967781067,-0.017850225791335106,0.6238945126533508,0.5399158596992493,-0.022015418857336044,0.5983975529670715,0.5398113131523132,-0.02954530529677868,0.5952346920967102,0.5529715418815613,-0.027470314875245094,0.6004121899604797,0.5583816766738892,-0.024730853736400604,0.0,0.0,0.0,0.0,0.0,0.0,0.0,0.0,0.0,0.0,0.0,0.0,0.0,0.0,0.0,0.0,0.0,0.0,0.0,0.0,0.0,0.0,0.0,0.0,0.0,0.0,0.0,0.0,0.0,0.0,0.0,0.0,0.0,0.0,0.0,0.0,0.0,0.0,0.0,0.0,0.0,0.0,0.0,0.0,0.0,0.0,0.0,0.0,0.0,0.0,0.0,0.0,0.0,0.0,0.0,0.0,0.0,0.0,0.0,0.0,0.0,0.0,0.0
0.5039981603622437,0.2365420013666153,-0.5114337801933289,0.9999085664749146,0.5196722745895386,0.20315997302532196,-0.4703297019004822,0.9998198747634888,0.528803825378418,0.20353743433952332,-0.47046148777008057,0.9998381733894348,0.5369470715522766,0.20499706268310547,-0.470236212015152,0.9997760057449341,0.4909982979297638,0.20213466882705688,-0.4753682017326355,0.9998188614845276,0.48070043325424194,0.20289018750190735,-0.4752785861492157,0.9998584985733032,0.4730273187160492,0.20352083444595337,-0.47565126419067383,0.9998259544372559,0.5485251545906067,0.23126263916492462,-0.23568233847618103,0.9997380375862122,0.4630267322063446,0.23309780657291412,-0.25676846504211426,0.9998192191123962,0.5210085511207581,0.2857409715652466,-0.42873531579971313,0.9999136924743652,0.4854489862918854,0.28593775629997253,-0.4354659914970398,0.999901533126831,0.6094409823417664,0.48903316259384155,-0.12248055636882782,0.9994710087776184,0.40478935837745667,0.49057069420814514,-0.10921798646450043,0.9993770718574524,0.6290534734725952,0.8144256472587585,-0.38632112741470337,0.9719204902648926,0.38232630491256714,0.8152323365211487,-0.028713371604681015,0.9597455859184265,0.6213510632514954,0.6196285486221313,-0.915631890296936,0.9411250948905945,0.3722997009754181,1.0081969499588013,-0.19206956028938293,0.921574056148529,0.6191924214363098,0.5682520270347595,-1.0163730382919312,0.9068350195884705,0.3655082583427429,1.0991182327270508,-0.2254800945520401,0.8763971924781799,0.6174684166908264,0.5380427241325378,-0.9890821576118469,0.9138097167015076,0.37221813201904297,1.087041974067688,-0.2865878641605377,0.8894395232200623,0.6138405203819275,0.5513139367103577,-0.9194076657295227,0.9210947751998901,0.380449116230011,1.055336356163025,-0.22014816105365753,0.9072831273078918,0.5715755224227905,1.0015223026275635,-0.0094863660633564,0.7383776307106018,0.44485291838645935,0.9946962594985962,0.011137474328279495,0.6997754573822021,0.5707269906997681,1.4239983558654785,0.02852676995098591,0.006176114082336426,0.4277964234352112,1.4090546369552612,0.011494597420096397,0.00492924265563488,0.5607162117958069,1.7763910293579102,0.3843303620815277,0.0006824342999607325,0.42222341895103455,1.7672885656356812,0.28548601269721985,0.0005848209257237613,0.5648811459541321,1.8280234336853027,0.4017699062824249,0.00028137958724983037,0.4168732762336731,1.820860505104065,0.30130255222320557,0.0004669322806876153,0.5356242060661316,1.8979989290237427,0.10403814166784286,0.00041676321416161954,0.44494685530662537,1.8894015550613403,-0.020617611706256866,0.0009520284947939217,0.6299323439598083,0.5847402215003967,-7.080682706828156e-08,0.6195715665817261,0.5466217398643494,-0.00033844885183498263,0.611537754535675,0.5026296973228455,-0.0023151985369622707,0.6058189868927002,0.47159266471862793,-0.004830532241612673,0.5995287895202637,0.44819608330726624,-0.00790437962859869,0.6230362057685852,0.47504961490631104,-0.00854780338704586,0.6152766346931458,0.43750321865081787,-0.016438109800219536,0.607921838760376,0.4098047614097595,-0.020032186061143875,0.6026211977005005,0.3874896764755249,-0.022698109969496727,0.6266629695892334,0.4890124797821045,-0.012836642563343048,0.5937290787696838,0.4798622131347656,-0.022521641105413437,0.5869174003601074,0.5040490627288818,-0.02140871249139309,0.5914580225944519,0.5185418128967285,-0.019524376839399338,0.6261272430419922,0.5125646591186523,-0.01735282875597477,0.5937984585762024,0.5111083388328552,-0.026951104402542114,0.5897056460380554,0.5303313136100769,-0.022042186930775642,0.5953426361083984,0.5388826727867126,-0.01735732890665531,0.6239662170410156,0.5398025512695312,-0.021919235587120056,0.5981842279434204,0.5398602485656738,-0.029166778549551964,0.5951989889144897,0.5530363321304321,-0.02681855484843254,0.6005373001098633,0.5582853555679321,-0.023830018937587738,0.0,0.0,0.0,0.0,0.0,0.0,0.0,0.0,0.0,0.0,0.0,0.0,0.0,0.0,0.0,0.0,0.0,0.0,0.0,0.0,0.0,0.0,0.0,0.0,0.0,0.0,0.0,0.0,0.0,0.0,0.0,0.0,0.0,0.0,0.0,0.0,0.0,0.0,0.0,0.0,0.0,0.0,0.0,0.0,0.0,0.0,0.0,0.0,0.0,0.0,0.0,0.0,0.0,0.0,0.0,0.0,0.0,0.0,0.0,0.0,0.0,0.0,0.0
0.5042568445205688,0.23693594336509705,-0.5491809248924255,0.9999104142189026,0.5197977423667908,0.20330600440502167,-0.5086823105812073,0.9998230338096619,0.5288812518119812,0.20364755392074585,-0.508798360824585,0.9998410940170288,0.5369607210159302,0.20513245463371277,-0.5085898041725159,0.9997797608375549,0.49133381247520447,0.20236679911613464,-0.5135711431503296,0.9998227953910828,0.48102638125419617,0.20315520465373993,-0.5135117173194885,0.9998617768287659,0.47330614924430847,0.2037770301103592,-0.5138469338417053,0.9998300671577454,0.5485297441482544,0.23145756125450134,-0.26829054951667786,0.9997420907020569,0.463396817445755,0.23336993157863617,-0.28807270526885986,0.999823272228241,0.5211708545684814,0.28597575426101685,-0.4633837938308716,0.9999151229858398,0.4858534634113312,0.2863072156906128,-0.46924856305122375,0.9999033808708191,0.6097711324691772,0.4890284836292267,-0.13337662816047668,0.9994868040084839,0.4049587845802307,0.4900900423526764,-0.13692332804203033,0.9993948340415955,0.6293136477470398,0.8142304420471191,-0.41489046812057495,0.9723806381225586,0.38257357478141785,0.8134870529174805,-0.0537424273788929,0.9610471725463867,0.6213982701301575,0.6195690631866455,-0.9566577672958374,0.9420430064201355,0.3714751899242401,1.006330966949463,-0.22206899523735046,0.9226990938186646,0.6193113923072815,0.5676637887954712,-1.0601181983947754,0.908404529094696,0.3646678030490875,1.0967259407043457,-0.25837573409080505,0.8769648671150208,0.6175327897071838,0.5375247597694397,-1.0347623825073242,0.9152860641479492,0.3711128830909729,1.084119200706482,-0.31949397921562195,0.8899630308151245,0.6140418648719788,0.5506973266601562,-0.9613592028617859,0.9223108291625977,0.3791583478450775,1.0528075695037842,-0.2502312958240509,0.9074164628982544,0.5719348192214966,1.0011147260665894,-0.008170773275196552,0.7412129640579224,0.4450911581516266,0.9945729374885559,0.009784172289073467,0.7038283944129944,0.5693576335906982,1.4232901334762573,0.04219960793852806,0.006186187732964754,0.4276967942714691,1.407900333404541,0.005489184521138668,0.004960160702466965,0.558539092540741,1.7744958400726318,0.4099353849887848,0.0006786177400499582,0.42082059383392334,1.7663110494613647,0.29459741711616516,0.0005799386999569833,0.5625140070915222,1.8258005380630493,0.4279125928878784,0.00028184798429720104,0.41585439443588257,1.8196344375610352,0.31167593598365784,0.00047003384679555893,0.5331732034683228,1.8969554901123047,0.12325815111398697,0.0004171970358584076,0.44188329577445984,1.889669418334961,-0.018087977543473244,0.0009587101521901786,0.6304516792297363,0.5864383578300476,-7.312841177053997e-08,0.6201106905937195,0.5480245351791382,-0.000394832924939692,0.6119096279144287,0.5029441714286804,-0.0022051141131669283,0.6059867739677429,0.47147202491760254,-0.004588477313518524,0.5993385910987854,0.4476434588432312,-0.007541883736848831,0.623087465763092,0.47531381249427795,-0.008014049381017685,0.6152750849723816,0.43733227252960205,-0.015847567468881607,0.6079638004302979,0.40948227047920227,-0.019494500011205673,0.6026914119720459,0.38709893822669983,-0.022184837609529495,0.6265919804573059,0.4890790283679962,-0.012272674590349197,0.5939880609512329,0.47979268431663513,-0.02226278744637966,0.5870857238769531,0.5038521885871887,-0.021589936688542366,0.5913311839103699,0.5189060568809509,-0.019907807931303978,0.6260165572166443,0.5124929547309875,-0.016769006848335266,0.5938377380371094,0.5109747648239136,-0.02661856636404991,0.58967125415802,0.5304707288742065,-0.02205345220863819,0.5950993895530701,0.539609432220459,-0.017499396577477455,0.6237680912017822,0.5397058129310608,-0.021316464990377426,0.5982244610786438,0.5394431948661804,-0.028752073645591736,0.5951318740844727,0.5531043410301208,-0.02658812329173088,0.6002455353736877,0.5589174032211304,-0.023654207587242126,0.0,0.0,0.0,0.0,0.0,0.0,0.0,0.0,0.0,0.0,0.0,0.0,0.0,0.0,0.0,0.0,0.0,0.0,0.0,0.0,0.0,0.0,0.0,0.0,0.0,0.0,0.0,0.0,0.0,0.0,0.0,0.0,0.0,0.0,0.0,0.0,0.0,0.0,0.0,0.0,0.0,0.0,0.0,0.0,0.0,0.0,0.0,0.0,0.0,0.0,0.0,0.0,0.0,0.0,0.0,0.0,0.0,0.0,0.0,0.0,0.0,0.0,0.0
0.5041834712028503,0.23732316493988037,-0.5028597712516785,0.9999075531959534,0.5196877121925354,0.20352765917778015,-0.4611349403858185,0.9998175501823425,0.5287508368492126,0.20377002656459808,-0.46127650141716003,0.999836266040802,0.536853015422821,0.205250084400177,-0.46105316281318665,0.999774694442749,0.4912772476673126,0.2026849389076233,-0.46725189685821533,0.9998165965080261,0.48097750544548035,0.20350772142410278,-0.4671776592731476,0.9998562335968018,0.47331804037094116,0.2041447013616562,-0.4675597846508026,0.9998238682746887,0.5484521389007568,0.23164048790931702,-0.22630520164966583,0.9997333288192749,0.4633970856666565,0.23370109498500824,-0.25227290391921997,0.9998167157173157,0.5211875438690186,0.2862033247947693,-0.4202016592025757,0.9999136924743652,0.4857878088951111,0.28662312030792236,-0.4283508062362671,0.9999013543128967,0.6100619435310364,0.4890235662460327,-0.11508176475763321,0.9995028376579285,0.4050157368183136,0.48954981565475464,-0.10858822613954544,0.9994006752967834,0.6299602389335632,0.8144549131393433,-0.36990100145339966,0.9733307957649231,0.38216572999954224,0.8133307695388794,-0.02990904077887535,0.9619650840759277,0.6214016675949097,0.6180254220962524,-0.8946201205253601,0.9439588189125061,0.3721522390842438,1.0040507316589355,-0.18972992897033691,0.9215224981307983,0.6194833517074585,0.5662573575973511,-0.9955981373786926,0.9106855988502502,0.3672942817211151,1.0950056314468384,-0.22414250671863556,0.8751401901245117,0.6177015900611877,0.5368808507919312,-0.9705069065093994,0.9173128008842468,0.37325188517570496,1.0825823545455933,-0.2849591374397278,0.8879997730255127,0.614393413066864,0.5501523613929749,-0.8993436694145203,0.9243624806404114,0.37966474890708923,1.0505985021591187,-0.2176649421453476,0.9058932662010193,0.5719075798988342,1.001893401145935,-0.004417796619236469,0.7495670318603516,0.4449182152748108,0.99461430311203,0.005960965994745493,0.712838888168335,0.5703389644622803,1.422644019126892,0.04124541953206062,0.0062120635993778706,0.4279404282569885,1.407735824584961,0.014623508788645267,0.005024308804422617,0.5589191913604736,1.773417353630066,0.40325281023979187,0.0006664007669314742,0.42141294479370117,1.7647212743759155,0.2947547137737274,0.0005697102169506252,0.562938928604126,1.824330449104309,0.4213672876358032,0.0002819137298502028,0.4161781668663025,1.8170803785324097,0.3108287751674652,0.00047020797501318157,0.5335889458656311,1.8944642543792725,0.12417244166135788,0.0004124102124478668,0.44335174560546875,1.8876289129257202,-0.010976161807775497,0.0009451420046389103,0.6297597289085388,0.5862242579460144,-7.748805330720643e-08,0.6183628439903259,0.5491418838500977,-7.121133239706978e-05,0.610376238822937,0.504550039768219,-0.0018440214917063713,0.605423092842102,0.47256696224212646,-0.004253366030752659,0.5995116233825684,0.4481287896633148,-0.0072275022976100445,0.6227021217346191,0.47535622119903564,-0.007933841086924076,0.6150726675987244,0.4374842941761017,-0.01575726456940174,0.608075737953186,0.4092823565006256,-0.019537033513188362,0.6030746698379517,0.3868315815925598,-0.022379932925105095,0.6266281008720398,0.48832425475120544,-0.012336570769548416,0.5939158201217651,0.47987085580825806,-0.021999211981892586,0.587186872959137,0.5036371946334839,-0.02123451419174671,0.5915578007698059,0.5178833603858948,-0.019652066752314568,0.6263024806976318,0.5112364888191223,-0.016963012516498566,0.5940129160881042,0.5104151964187622,-0.026544347405433655,0.589980959892273,0.5294249057769775,-0.022013071924448013,0.5954159498214722,0.5379195809364319,-0.0176536925137043,0.6241868138313293,0.5382134318351746,-0.021622173488140106,0.5982487201690674,0.5387617349624634,-0.028992539271712303,0.5952020883560181,0.5521634817123413,-0.02690459042787552,0.600458562374115,0.5575824975967407,-0.024101825430989265,0.0,0.0,0.0,0.0,0.0,0.0,0.0,0.0,0.0,0.0,0.0,0.0,0.0,0.0,0.0,0.0,0.0,0.0,0.0,0.0,0.0,0.0,0.0,0.0,0.0,0.0,0.0,0.0,0.0,0.0,0.0,0.0,0.0,0.0,0.0,0.0,0.0,0.0,0.0,0.0,0.0,0.0,0.0,0.0,0.0,0.0,0.0,0.0,0.0,0.0,0.0,0.0,0.0,0.0,0.0,0.0,0.0,0.0,0.0,0.0,0.0,0.0,0.0
0.5044009685516357,0.23781150579452515,-0.4990653693675995,0.9999077916145325,0.520001232624054,0.20379909873008728,-0.4579712748527527,0.9998178482055664,0.5290667414665222,0.2040216475725174,-0.45810815691947937,0.9998361468315125,0.5371294021606445,0.20553632080554962,-0.4578898549079895,0.9997751116752625,0.4917689561843872,0.20301733911037445,-0.46214526891708374,0.9998164176940918,0.48154380917549133,0.20385603606700897,-0.46203362941741943,0.9998556971549988,0.4737851321697235,0.20449146628379822,-0.4624033272266388,0.999823808670044,0.5486887693405151,0.23203423619270325,-0.2265048772096634,0.9997337460517883,0.46368491649627686,0.233805850148201,-0.2439686357975006,0.9998153448104858,0.5211858153343201,0.2865132689476013,-0.4177893102169037,0.9999139308929443,0.485771507024765,0.28687068819999695,-0.42361173033714294,0.9999014139175415,0.6094623804092407,0.48899564146995544,-0.12205766141414642,0.9995061755180359,0.4046677350997925,0.4896131157875061,-0.09314969927072525,0.9993979930877686,0.6294831037521362,0.8137607574462891,-0.3822699189186096,0.9737806916236877,0.38183143734931946,0.8136877417564392,-0.01053712796419859,0.9621561765670776,0.6214941143989563,0.6179670095443726,-0.9046915173530579,0.9447969198226929,0.37255042791366577,1.003125548362732,-0.17760063707828522,0.9222949147224426,0.6195157766342163,0.5665801167488098,-1.006255030632019,0.911540687084198,0.3688870966434479,1.0938681364059448,-0.21093709766864777,0.8766433000564575,0.617766261100769,0.5372537970542908,-0.9776899814605713,0.9180665612220764,0.37462180852890015,1.0802184343338013,-0.2717108428478241,0.8892900347709656,0.6143313050270081,0.5503764152526855,-0.9079194664955139,0.9250726699829102,0.3800349831581116,1.048484206199646,-0.20579056441783905,0.9068983197212219,0.5710580945014954,1.0024940967559814,-0.011895081028342247,0.7510008215904236,0.4443458318710327,0.9946023225784302,0.013672715984284878,0.7133156657218933,0.5697107315063477,1.423450231552124,0.027762137353420258,0.006408619228750467,0.42615726590156555,1.408507227897644,0.02820867858827114,0.005212367512285709,0.5588229894638062,1.7753782272338867,0.39067861437797546,0.0006815127562731504,0.42004355788230896,1.7663005590438843,0.30919256806373596,0.0005896631628274918,0.5627536773681641,1.8265752792358398,0.40930649638175964,0.0002858113730326295,0.41483160853385925,1.8196094036102295,0.3260478377342224,0.0004758993745781481,0.5339747071266174,1.8974424600601196,0.11373015493154526,0.00041619574767537415,0.44299280643463135,1.8883599042892456,0.006721637211740017,0.0009453791426494718,0.6299468874931335,0.58628249168396,-7.463680162800301e-08,0.619071900844574,0.5487880706787109,-0.00030526789487339556,0.6109453439712524,0.5041702389717102,-0.0023115493822842836,0.6055846214294434,0.47201481461524963,-0.004891307093203068,0.5994049310684204,0.4477507472038269,-0.008011559955775738,0.6230915188789368,0.4752010107040405,-0.008413205854594707,0.6151480078697205,0.437389075756073,-0.01639997586607933,0.6079046726226807,0.4092600345611572,-0.020174549892544746,0.6026347279548645,0.38685429096221924,-0.022983580827713013,0.6268392205238342,0.48860853910446167,-0.012743478640913963,0.5937379598617554,0.47957804799079895,-0.022449012845754623,0.5867616534233093,0.5034822821617126,-0.02149365283548832,0.591105043888092,0.5175409913063049,-0.019764039665460587,0.6263253688812256,0.5117756128311157,-0.017315570265054703,0.5939242839813232,0.5102372169494629,-0.027025360614061356,0.5897117257118225,0.5293431878089905,-0.022319475188851357,0.5951727032661438,0.5377978682518005,-0.01779503934085369,0.6240161061286926,0.5387945771217346,-0.021934226155281067,0.5982875823974609,0.5391815900802612,-0.02941448800265789,0.5952891707420349,0.5524764060974121,-0.027279265224933624,0.6006149053573608,0.5577504634857178,-0.024414094164967537,0.0,0.0,0.0,0.0,0.0,0.0,0.0,0.0,0.0,0.0,0.0,0.0,0.0,0.0,0.0,0.0,0.0,0.0,0.0,0.0,0.0,0.0,0.0,0.0,0.0,0.0,0.0,0.0,0.0,0.0,0.0,0.0,0.0,0.0,0.0,0.0,0.0,0.0,0.0,0.0,0.0,0.0,0.0,0.0,0.0,0.0,0.0,0.0,0.0,0.0,0.0,0.0,0.0,0.0,0.0,0.0,0.0,0.0,0.0,0.0,0.0,0.0,0.0
0.5040445923805237,0.23827220499515533,-0.5170592665672302,0.9999092817306519,0.5197773575782776,0.20412787795066833,-0.4754120707511902,0.9998199343681335,0.5288994312286377,0.20434311032295227,-0.47554194927215576,0.9998381733894348,0.5370520949363708,0.20587989687919617,-0.4753051698207855,0.9997774958610535,0.4914349615573883,0.2033507525920868,-0.4795699715614319,0.9998190999031067,0.4813562333583832,0.2041696310043335,-0.4794905483722687,0.999858021736145,0.4736921191215515,0.20477516949176788,-0.4798581302165985,0.9998263120651245,0.5487507581710815,0.2324024736881256,-0.2397022843360901,0.9997360110282898,0.46379348635673523,0.23396062850952148,-0.2576585114002228,0.9998178482055664,0.5209307074546814,0.28688281774520874,-0.43421807885169983,0.9999150633811951,0.48540499806404114,0.28722378611564636,-0.4400225579738617,0.9999032020568848,0.6093970537185669,0.48876428604125977,-0.1284237951040268,0.999515950679779,0.40473583340644836,0.48881033062934875,-0.1063028872013092,0.9994108080863953,0.629388153553009,0.8128206729888916,-0.38547199964523315,0.9742296934127808,0.3823038637638092,0.8136534690856934,-0.028988691046833992,0.9617735743522644,0.6219721436500549,0.6188311576843262,-0.9111870527267456,0.9451081156730652,0.3735913634300232,0.9992690682411194,-0.20241285860538483,0.9205871224403381,0.6206128597259521,0.5688671469688416,-1.0126864910125732,0.9121246337890625,0.3701747953891754,1.089759111404419,-0.2381918579339981,0.8751928806304932,0.6183387637138367,0.5395994782447815,-0.9870976209640503,0.9186583161354065,0.37598901987075806,1.0758267641067505,-0.2980041205883026,0.8880013823509216,0.6151103377342224,0.5519458055496216,-0.915530264377594,0.9254554510116577,0.3805723786354065,1.043996810913086,-0.23038530349731445,0.9057860374450684,0.5708807706832886,1.0010658502578735,-0.01024912390857935,0.7494357824325562,0.44424399733543396,0.9941558837890625,0.011914829723536968,0.7111324667930603,0.5681352615356445,1.4215197563171387,0.0400625616312027,0.0063285380601882935,0.4258542060852051,1.407185435295105,0.02442665956914425,0.005119489040225744,0.557138204574585,1.7724627256393433,0.4026300609111786,0.000689768057782203,0.41985222697257996,1.7633590698242188,0.3057573735713959,0.0005952197243459523,0.5608413219451904,1.8233585357666016,0.4207999110221863,0.00028795606340281665,0.4148300886154175,1.8153712749481201,0.32222044467926025,0.00047809432726353407,0.5327644944190979,1.893337607383728,0.12210775166749954,0.0004237889952491969,0.44157448410987854,1.8853148221969604,-0.0008554657688364387,0.0009522847831249237,0.6289783716201782,0.5839239954948425,-7.892260356356928e-08,0.6177811622619629,0.5462316274642944,-0.00026665753102861345,0.6094414591789246,0.5033660531044006,-0.002811524085700512,0.6041568517684937,0.47186142206192017,-0.00607531052082777,0.599661648273468,0.44969820976257324,-0.009911670349538326,0.624045193195343,0.4765511155128479,-0.008723780512809753,0.6159548759460449,0.4382728338241577,-0.017436932772397995,0.6086714863777161,0.40967750549316406,-0.02171328105032444,0.603349506855011,0.38695064187049866,-0.024885836988687515,0.6274700164794922,0.49048349261283875,-0.013418165035545826,0.5938772559165955,0.4811520576477051,-0.024483362212777138,0.5871492624282837,0.5045346021652222,-0.024144349619746208,0.5913879871368408,0.5179625749588013,-0.022564036771655083,0.6266398429870605,0.5133906006813049,-0.018322234973311424,0.5931580662727356,0.5107382535934448,-0.029085610061883926,0.5897933840751648,0.5295772552490234,-0.02443273738026619,0.5959947109222412,0.537126362323761,-0.01969604566693306,0.6242788434028625,0.5396639704704285,-0.023231687024235725,0.5972026586532593,0.5385468602180481,-0.031265586614608765,0.5948503613471985,0.5516774654388428,-0.028907787054777145,0.6013908982276917,0.556274950504303,-0.025773949921131134,0.0,0.0,0.0,0.0,0.0,0.0,0.0,0.0,0.0,0.0,0.0,0.0,0.0,0.0,0.0,0.0,0.0,0.0,0.0,0.0,0.0,0.0,0.0,0.0,0.0,0.0,0.0,0.0,0.0,0.0,0.0,0.0,0.0,0.0,0.0,0.0,0.0,0.0,0.0,0.0,0.0,0.0,0.0,0.0,0.0,0.0,0.0,0.0,0.0,0.0,0.0,0.0,0.0,0.0,0.0,0.0,0.0,0.0,0.0,0.0,0.0,0.0,0.0
0.5041319131851196,0.23904526233673096,-0.5063369274139404,0.9999109506607056,0.519787609577179,0.20459650456905365,-0.4645160138607025,0.9998222589492798,0.5290138125419617,0.20478954911231995,-0.46464067697525024,0.9998406767845154,0.5371877551078796,0.2063344269990921,-0.46439245343208313,0.9997801780700684,0.49108192324638367,0.2038605809211731,-0.4694382846355438,0.9998219013214111,0.48093268275260925,0.20466002821922302,-0.4693419337272644,0.9998607635498047,0.4732127785682678,0.20524592697620392,-0.46971625089645386,0.9998292326927185,0.5488626956939697,0.23274347186088562,-0.22961679100990295,0.9997391104698181,0.46311190724372864,0.23449428379535675,-0.2509509027004242,0.9998202919960022,0.5210884213447571,0.2875955104827881,-0.4240189790725708,0.9999164938926697,0.4853019118309021,0.2881721556186676,-0.4308060109615326,0.9999053478240967,0.6095761656761169,0.48870816826820374,-0.12003258615732193,0.9995293021202087,0.4049295485019684,0.4891517460346222,-0.10398497432470322,0.9994269609451294,0.6295183300971985,0.8131376504898071,-0.3702647387981415,0.974789023399353,0.3820316195487976,0.8148546814918518,-0.02831903286278248,0.9619132280349731,0.6223559975624084,0.6181819438934326,-0.890460193157196,0.9453431963920593,0.3743726909160614,1.0024696588516235,-0.2004193216562271,0.921069860458374,0.6212947964668274,0.5694819688796997,-0.990583062171936,0.9123019576072693,0.370479941368103,1.0931212902069092,-0.23515047132968903,0.8765506148338318,0.6188510656356812,0.5397761464118958,-0.9636032581329346,0.9188768863677979,0.37655606865882874,1.0797208547592163,-0.29599612951278687,0.889159619808197,0.61567223072052,0.5519480109214783,-0.8942009210586548,0.925435483455658,0.3809868097305298,1.047759771347046,-0.22867077589035034,0.9069404006004333,0.5713374614715576,1.0008753538131714,-0.006905573420226574,0.7482587695121765,0.44443485140800476,0.9938843846321106,0.008464905433356762,0.7097112536430359,0.5693314671516418,1.4213062524795532,0.036965690553188324,0.006505134515464306,0.42653167247772217,1.406711459159851,0.01647968403995037,0.005240181460976601,0.5580849051475525,1.7723922729492188,0.3916776478290558,0.0007275944226421416,0.4207817614078522,1.763099193572998,0.28912031650543213,0.0006281709647737443,0.5619314312934875,1.8233425617218018,0.4091075360774994,0.00030159606831148267,0.41560038924217224,1.815260648727417,0.3047051727771759,0.0004997467622160912,0.5334413051605225,1.8931349515914917,0.11294131726026535,0.0004431994748301804,0.44298189878463745,1.885000467300415,-0.015678292140364647,0.0009791840566322207,0.6283566951751709,0.5825958251953125,-9.303207093580568e-08,0.6172728538513184,0.5435158014297485,5.2719573432113975e-05,0.6097711324691772,0.5018089413642883,-0.0025498936884105206,0.6042498350143433,0.47150322794914246,-0.006115326192229986,0.5986391305923462,0.44837743043899536,-0.010342924855649471,0.6233845353126526,0.4737359285354614,-0.00845799408853054,0.6155902743339539,0.43657147884368896,-0.01722538471221924,0.6086141467094421,0.40865716338157654,-0.021630892530083656,0.6034756302833557,0.3861575722694397,-0.02476983703672886,0.626433253288269,0.4878389239311218,-0.013591952621936798,0.5939222574234009,0.47850239276885986,-0.024662725627422333,0.5863438248634338,0.5028766989707947,-0.024638518691062927,0.5891344547271729,0.5187566876411438,-0.02322627604007721,0.6256937980651855,0.5111693143844604,-0.018936822190880775,0.5933234095573425,0.5102995038032532,-0.02921837382018566,0.5893906354904175,0.530062735080719,-0.024668823927640915,0.5943886041641235,0.5395795702934265,-0.020081430673599243,0.6238386034965515,0.5383764505386353,-0.02435111440718174,0.5980077981948853,0.5387320518493652,-0.03147610276937485,0.5952084064483643,0.5512852668762207,-0.028943078592419624,0.6006227731704712,0.5565574169158936,-0.0258640106767416,0.0,0.0,0.0,0.0,0.0,0.0,0.0,0.0,0.0,0.0,0.0,0.0,0.0,0.0,0.0,0.0,0.0,0.0,0.0,0.0,0.0,0.0,0.0,0.0,0.0,0.0,0.0,0.0,0.0,0.0,0.0,0.0,0.0,0.0,0.0,0.0,0.0,0.0,0.0,0.0,0.0,0.0,0.0,0.0,0.0,0.0,0.0,0.0,0.0,0.0,0.0,0.0,0.0,0.0,0.0,0.0,0.0,0.0,0.0,0.0,0.0,0.0,0.0
0.5041598081588745,0.2393203228712082,-0.5076691508293152,0.9999109506607056,0.5198832154273987,0.20486706495285034,-0.4661422371864319,0.999821662902832,0.5290716290473938,0.20499131083488464,-0.4662678837776184,0.9998401999473572,0.5372238755226135,0.20655439794063568,-0.46602243185043335,0.9997793436050415,0.49105504155158997,0.20407292246818542,-0.4700353443622589,0.999821662902832,0.4807998836040497,0.20482702553272247,-0.4699093699455261,0.9998606443405151,0.47315698862075806,0.2053910344839096,-0.47027337551116943,0.9998292922973633,0.5490272641181946,0.23304174840450287,-0.23301608860492706,0.9997385144233704,0.4630322754383087,0.2346237301826477,-0.24977758526802063,0.9998184442520142,0.5212168097496033,0.28795236349105835,-0.4260607063770294,0.9999163746833801,0.4853571057319641,0.2883804738521576,-0.4315764605998993,0.999905526638031,0.6097018718719482,0.4886345863342285,-0.12581095099449158,0.9995351433753967,0.40493351221084595,0.48913145065307617,-0.10124064236879349,0.9994319677352905,0.6295449733734131,0.8135970234870911,-0.3709270656108856,0.975335955619812,0.38198408484458923,0.8165646195411682,-0.024242954328656197,0.9616921544075012,0.6221524477005005,0.6178159713745117,-0.8774375319480896,0.9458999037742615,0.3748527467250824,1.0021969079971313,-0.19529786705970764,0.9204983115196228,0.6212120056152344,0.5701683163642883,-0.9754034876823425,0.9128156304359436,0.3717593550682068,1.0929564237594604,-0.22947607934474945,0.8764048218727112,0.6189283728599548,0.5407986640930176,-0.9475048780441284,0.9193399548530579,0.37733185291290283,1.0794039964675903,-0.2902304232120514,0.8890047669410706,0.6153504252433777,0.5528915524482727,-0.8803587555885315,0.9257085919380188,0.3814436197280884,1.0473804473876953,-0.22371479868888855,0.9070432782173157,0.5715798139572144,1.0011497735977173,-0.008172712288796902,0.7481025457382202,0.44429507851600647,0.993674635887146,0.009824379347264767,0.7090719938278198,0.5702928304672241,1.4196792840957642,0.0343882255256176,0.006695185787975788,0.4265540540218353,1.4056848287582397,0.017980581149458885,0.0054306513629853725,0.5585004687309265,1.7714000940322876,0.38500910997390747,0.0007575692143291235,0.420402467250824,1.7622876167297363,0.28465473651885986,0.0006604330847039819,0.5624462962150574,1.822262167930603,0.40227118134498596,0.0003103329800069332,0.41526809334754944,1.8148443698883057,0.3000372350215912,0.0005171396187506616,0.5334180593490601,1.8932594060897827,0.10786756128072739,0.00045461306581273675,0.4422750473022461,1.8841530084609985,-0.017405657097697258,0.0009975400753319263,0.628004789352417,0.5825659036636353,-9.864941574733166e-08,0.6170762181282043,0.5426667928695679,0.00026638005510903895,0.6096274852752686,0.4990770220756531,-0.0021813747007399797,0.6047376990318298,0.4681547284126282,-0.0058121574111282825,0.6000315546989441,0.4473954737186432,-0.01006571389734745,0.6227256059646606,0.47183600068092346,-0.007337259594351053,0.6163514256477356,0.43440771102905273,-0.0154411094263196,0.6094666123390198,0.4071386456489563,-0.019070466980338097,0.6039812564849854,0.3855661451816559,-0.021829480305314064,0.626292884349823,0.48652374744415283,-0.012643039226531982,0.5922244787216187,0.47732850909233093,-0.023295613005757332,0.5853959918022156,0.5029175281524658,-0.022768378257751465,0.5889795422554016,0.5183640718460083,-0.021016128361225128,0.6260776519775391,0.5102970004081726,-0.018185999244451523,0.5929340720176697,0.5106834769248962,-0.028001204133033752,0.5903457403182983,0.5308302640914917,-0.02294684387743473,0.5964146256446838,0.5392716526985168,-0.018137754872441292,0.6243990063667297,0.5377780199050903,-0.0238551814109087,0.5984272360801697,0.5392270088195801,-0.030594656243920326,0.5963340401649475,0.5519033670425415,-0.0279302429407835,0.6023659706115723,0.5560891628265381,-0.02487826719880104,0.0,0.0,0.0,0.0,0.0,0.0,0.0,0.0,0.0,0.0,0.0,0.0,0.0,0.0,0.0,0.0,0.0,0.0,0.0,0.0,0.0,0.0,0.0,0.0,0.0,0.0,0.0,0.0,0.0,0.0,0.0,0.0,0.0,0.0,0.0,0.0,0.0,0.0,0.0,0.0,0.0,0.0,0.0,0.0,0.0,0.0,0.0,0.0,0.0,0.0,0.0,0.0,0.0,0.0,0.0,0.0,0.0,0.0,0.0,0.0,0.0,0.0,0.0
0.5044434666633606,0.23984703421592712,-0.5009879469871521,0.9999106526374817,0.5201798677444458,0.2052513062953949,-0.45959243178367615,0.9998199939727783,0.5293955206871033,0.20548593997955322,-0.45972079038619995,0.9998395442962646,0.5375233888626099,0.2071325033903122,-0.45948123931884766,0.9997780323028564,0.4914202392101288,0.20443454384803772,-0.4643547236919403,0.9998200535774231,0.48129749298095703,0.20517969131469727,-0.4642523229122162,0.9998595714569092,0.47343841195106506,0.2057487964630127,-0.46462780237197876,0.99982750415802,0.5494099855422974,0.23365207016468048,-0.22718854248523712,0.999736487865448,0.46327221393585205,0.23494549095630646,-0.24788816273212433,0.9998165369033813,0.5213781595230103,0.2883443832397461,-0.4194788932800293,0.9999160170555115,0.48554691672325134,0.2888716757297516,-0.42608800530433655,0.9999055862426758,0.6097075343132019,0.4885714054107666,-0.11970646679401398,0.9995469450950623,0.40509623289108276,0.48934853076934814,-0.10291539132595062,0.9994428753852844,0.6291590332984924,0.8130785822868347,-0.3667277991771698,0.9760848879814148,0.38235995173454285,0.8167418837547302,-0.028772560879588127,0.961280345916748,0.6220122575759888,0.617397129535675,-0.8756909966468811,0.946592390537262,0.375178724527359,1.002190113067627,-0.19822406768798828,0.9193265438079834,0.621181309223175,0.5693621635437012,-0.9738933444023132,0.9134638905525208,0.371636301279068,1.0932897329330444,-0.23219840228557587,0.8754348754882812,0.6189835071563721,0.5400934815406799,-0.9459423422813416,0.9199566841125488,0.3775850832462311,1.0803966522216797,-0.2929457128047943,0.8881032466888428,0.6152077913284302,0.5523338913917542,-0.878799557685852,0.9261499047279358,0.38164663314819336,1.0484492778778076,-0.22654183208942413,0.9065314531326294,0.5713784098625183,1.0011134147644043,-0.006243768613785505,0.7471066117286682,0.44442319869995117,0.9932254552841187,0.007830341346561909,0.7077533602714539,0.5700698494911194,1.4209818840026855,0.03597484529018402,0.006768476217985153,0.42671096324920654,1.4054559469223022,0.01079463865607977,0.0055123623460531235,0.5585376024246216,1.773108959197998,0.38597121834754944,0.0007771725649945438,0.42056357860565186,1.7621033191680908,0.2783246636390686,0.0006766545702703297,0.5625094771385193,1.8243440389633179,0.4031507670879364,0.00031798603595234454,0.41534680128097534,1.814962387084961,0.29380592703819275,0.0005265790969133377,0.5333494544029236,1.8950705528259277,0.10979273170232773,0.0004615899524651468,0.44243061542510986,1.8839025497436523,-0.02322251908481121,0.0009982339106500149,0.6276958584785461,0.5821318626403809,-1.076041513670134e-07,0.6167802214622498,0.5426943898200989,6.722217221977189e-05,0.6094992756843567,0.4999140799045563,-0.002289585303515196,0.6046414971351624,0.46868401765823364,-0.005801414605230093,0.5998322367668152,0.44672691822052,-0.009875250048935413,0.6226345300674438,0.47179311513900757,-0.006935864686965942,0.6167032122612,0.43433305621147156,-0.01505929883569479,0.6096572279930115,0.4073365032672882,-0.01867717131972313,0.6041144132614136,0.38611626625061035,-0.021363653242588043,0.6263420581817627,0.4858987033367157,-0.011967705562710762,0.592806339263916,0.47737520933151245,-0.02242126688361168,0.5855059027671814,0.5028250217437744,-0.02170749194920063,0.5888170003890991,0.517866849899292,-0.01981774903833866,0.6260214447975159,0.5092535614967346,-0.017322121188044548,0.5928167700767517,0.5102146863937378,-0.02679017186164856,0.5901927351951599,0.5304052829742432,-0.02157726138830185,0.5963587164878845,0.5386641025543213,-0.016748568043112755,0.6242383718490601,0.5365830659866333,-0.02287846803665161,0.5977961421012878,0.5398083329200745,-0.029525944963097572,0.5962848663330078,0.5523678064346313,-0.02698785439133644,0.6029589176177979,0.5557984113693237,-0.02401379495859146,0.0,0.0,0.0,0.0,0.0,0.0,0.0,0.0,0.0,0.0,0.0,0.0,0.0,0.0,0.0,0.0,0.0,0.0,0.0,0.0,0.0,0.0,0.0,0.0,0.0,0.0,0.0,0.0,0.0,0.0,0.0,0.0,0.0,0.0,0.0,0.0,0.0,0.0,0.0,0.0,0.0,0.0,0.0,0.0,0.0,0.0,0.0,0.0,0.0,0.0,0.0,0.0,0.0,0.0,0.0,0.0,0.0,0.0,0.0,0.0,0.0,0.0,0.0
0.5045129060745239,0.23985514044761658,-0.5344685316085815,0.9999138712882996,0.5202507376670837,0.2054002583026886,-0.4929875135421753,0.999825656414032,0.5295029878616333,0.20561014115810394,-0.4931090474128723,0.9998448491096497,0.5375973582267761,0.2073661834001541,-0.49285802245140076,0.9997847676277161,0.49128323793411255,0.20446953177452087,-0.49744704365730286,0.9998257160186768,0.48099952936172485,0.20514781773090363,-0.49732667207717896,0.9998642802238464,0.4732840359210968,0.2056894749403,-0.49768462777137756,0.9998326897621155,0.549454391002655,0.23389564454555511,-0.2542634606361389,0.9997458457946777,0.4629523456096649,0.23491902649402618,-0.2735436260700226,0.9998214244842529,0.5215648412704468,0.28849056363105774,-0.45043376088142395,0.9999188184738159,0.48554012179374695,0.2887529134750366,-0.4566352963447571,0.9999082684516907,0.6098333597183228,0.48864006996154785,-0.139087975025177,0.9995617270469666,0.4050215184688568,0.4891923666000366,-0.11880728602409363,0.9994562268257141,0.6292253732681274,0.8132270574569702,-0.3914406895637512,0.9766760468482971,0.38194042444229126,0.8163395524024963,-0.04198002070188522,0.9615784883499146,0.621881902217865,0.6204866170883179,-0.9145267009735107,0.9480770230293274,0.37552642822265625,1.0017857551574707,-0.22040608525276184,0.9210529327392578,0.62136310338974,0.5735719203948975,-1.0150827169418335,0.9155088067054749,0.3714989423751831,1.0932693481445312,-0.25639238953590393,0.8778789043426514,0.6191235184669495,0.5435128808021545,-0.9885883331298828,0.9219393730163574,0.37776926159858704,1.0798792839050293,-0.3169349431991577,0.890274167060852,0.6153386235237122,0.5557666420936584,-0.9182179570198059,0.9279546737670898,0.38186708092689514,1.0477818250656128,-0.24871674180030823,0.9084956645965576,0.5723491311073303,1.0008386373519897,-0.00782313384115696,0.7446705102920532,0.44460394978523254,0.9935117363929749,0.009483003057539463,0.7053572535514832,0.5721937417984009,1.423645257949829,0.04294544830918312,0.006550225429236889,0.4276624321937561,1.4096254110336304,0.02485516481101513,0.005364895332604647,0.5613378882408142,1.7750699520111084,0.4066877067089081,0.0007540418882854283,0.4219578802585602,1.7669490575790405,0.3064272701740265,0.0006583448266610503,0.5655717849731445,1.826464295387268,0.4248218536376953,0.0003107373777311295,0.41673538088798523,1.8202377557754517,0.32312408089637756,0.0005167890922166407,0.5358478426933289,1.8976718187332153,0.12511533498764038,0.00044994798372499645,0.4444001615047455,1.8903138637542725,-0.00027906562900170684,0.000981189077720046,0.6299424767494202,0.5895066857337952,-9.121977484483068e-08,0.6197986006736755,0.5504787564277649,0.0006688140565529466,0.6113978028297424,0.505879819393158,-0.0015165108488872647,0.6051384210586548,0.4728007912635803,-0.0047894627787172794,0.5995867252349854,0.44978928565979004,-0.00862457137554884,0.6239129900932312,0.47676417231559753,-0.006930540315806866,0.6151551008224487,0.43739187717437744,-0.015416623093187809,0.6079889535903931,0.40858274698257446,-0.019536657258868217,0.602843165397644,0.38523662090301514,-0.022662030532956123,0.6268396973609924,0.48973363637924194,-0.012144822627305984,0.5927213430404663,0.4812047481536865,-0.02293587103486061,0.5870881080627441,0.5056295394897461,-0.02250317484140396,0.5920529961585999,0.5194784998893738,-0.021035486832261086,0.6258055567741394,0.5121069550514221,-0.01761874184012413,0.5925762057304382,0.511165201663971,-0.02779022976756096,0.5906598567962646,0.5312497615814209,-0.022769160568714142,0.5976144671440125,0.5393150448799133,-0.01811809651553631,0.623597264289856,0.5383791923522949,-0.023157285526394844,0.5968442559242249,0.5385249257087708,-0.03072795644402504,0.5953453183174133,0.5524175763130188,-0.028333216905593872,0.6021276116371155,0.5573489665985107,-0.02539869025349617,0.0,0.0,0.0,0.0,0.0,0.0,0.0,0.0,0.0,0.0,0.0,0.0,0.0,0.0,0.0,0.0,0.0,0.0,0.0,0.0,0.0,0.0,0.0,0.0,0.0,0.0,0.0,0.0,0.0,0.0,0.0,0.0,0.0,0.0,0.0,0.0,0.0,0.0,0.0,0.0,0.0,0.0,0.0,0.0,0.0,0.0,0.0,0.0,0.0,0.0,0.0,0.0,0.0,0.0,0.0,0.0,0.0,0.0,0.0,0.0,0.0,0.0,0.0
0.5045838356018066,0.23970690369606018,-0.5098434686660767,0.9999159574508667,0.5202950835227966,0.20545202493667603,-0.46834877133369446,0.9998300671577454,0.5295460820198059,0.2056729793548584,-0.468490332365036,0.999848484992981,0.537609875202179,0.2074575275182724,-0.46823856234550476,0.9997894167900085,0.49140486121177673,0.2043585479259491,-0.47362402081489563,0.9998310208320618,0.48107239603996277,0.20496661961078644,-0.47351351380348206,0.9998691082000732,0.47335755825042725,0.20549969375133514,-0.47388333082199097,0.9998389482498169,0.5495494604110718,0.23391616344451904,-0.23367010056972504,0.9997529983520508,0.46300843358039856,0.23473693430423737,-0.2568344473838806,0.9998254776000977,0.5215889811515808,0.2885284721851349,-0.42738527059555054,0.9999203085899353,0.4856015145778656,0.2885589897632599,-0.4348503053188324,0.9999101161956787,0.6097633242607117,0.4886123538017273,-0.12440334260463715,0.9995648264884949,0.4050324261188507,0.4886353015899658,-0.10615856200456619,0.9994640350341797,0.6294963955879211,0.8135390877723694,-0.36905065178871155,0.9766185283660889,0.38265591859817505,0.8158785104751587,-0.030170468613505363,0.9615042209625244,0.6220468282699585,0.6210387349128723,-0.8859261274337769,0.9472745656967163,0.37542662024497986,0.9999885559082031,-0.2097408026456833,0.9199936389923096,0.6216512322425842,0.5750495791435242,-0.9863271713256836,0.9141548275947571,0.3709948658943176,1.0918364524841309,-0.24593320488929749,0.8776249885559082,0.6193179488182068,0.5439482927322388,-0.9604700207710266,0.9207160472869873,0.3775669038295746,1.0781686305999756,-0.30667537450790405,0.8900691866874695,0.6152909398078918,0.5558867454528809,-0.8899962902069092,0.926396906375885,0.3819611668586731,1.0455915927886963,-0.23825055360794067,0.9080601930618286,0.5711625814437866,1.0009797811508179,-0.008828490041196346,0.7402733564376831,0.4453968405723572,0.993107795715332,0.010486146435141563,0.7012512683868408,0.571316659450531,1.4200471639633179,0.025915788486599922,0.007267158944159746,0.42864710092544556,1.407058596611023,0.008669255301356316,0.005928982514888048,0.5618694424629211,1.7707269191741943,0.3759242594242096,0.0008434311603195965,0.4238802194595337,1.7640440464019775,0.27506086230278015,0.000747628160752356,0.5658193230628967,1.820640206336975,0.39266595244407654,0.00033910851925611496,0.41876301169395447,1.8156871795654297,0.2899130582809448,0.0005740001797676086,0.5373290181159973,1.892087697982788,0.09564963728189468,0.0004944708780385554,0.44673746824264526,1.885246992111206,-0.03198404237627983,0.0010741223813965917,0.6293359398841858,0.5885481834411621,-7.539405544321198e-08,0.6177310347557068,0.5505552887916565,-0.00016283664444927126,0.6093793511390686,0.5063193440437317,-0.0022629760205745697,0.6037059426307678,0.47379931807518005,-0.0050693051889538765,0.5982528924942017,0.4499462842941284,-0.008377056568861008,0.6230760216712952,0.4754878580570221,-0.007697142194956541,0.6155678629875183,0.4377455711364746,-0.016013985499739647,0.6082552075386047,0.4093504250049591,-0.019964545965194702,0.6027554273605347,0.38655591011047363,-0.02287979982793331,0.6268438100814819,0.4886734187602997,-0.012215393595397472,0.592780590057373,0.4789629578590393,-0.022358901798725128,0.5859436392784119,0.5038676261901855,-0.02156062051653862,0.5904561281204224,0.518649697303772,-0.01979152485728264,0.6263363361358643,0.5117581486701965,-0.01703055016696453,0.5929901003837585,0.5105119347572327,-0.027330605313181877,0.5893704295158386,0.5308626890182495,-0.022599682211875916,0.5952888131141663,0.5400866270065308,-0.01782393269240856,0.6241250038146973,0.5386909246444702,-0.021877214312553406,0.5977402925491333,0.5391993522644043,-0.029582232236862183,0.5951281785964966,0.5531439781188965,-0.027388567104935646,0.6009849905967712,0.5588122010231018,-0.024403205141425133,0.0,0.0,0.0,0.0,0.0,0.0,0.0,0.0,0.0,0.0,0.0,0.0,0.0,0.0,0.0,0.0,0.0,0.0,0.0,0.0,0.0,0.0,0.0,0.0,0.0,0.0,0.0,0.0,0.0,0.0,0.0,0.0,0.0,0.0,0.0,0.0,0.0,0.0,0.0,0.0,0.0,0.0,0.0,0.0,0.0,0.0,0.0,0.0,0.0,0.0,0.0,0.0,0.0,0.0,0.0,0.0,0.0,0.0,0.0,0.0,0.0,0.0,0.0
0.5047261714935303,0.23983120918273926,-0.4934018850326538,0.9999163746833801,0.5203999280929565,0.20554311573505402,-0.4527677595615387,0.9998305439949036,0.5296339988708496,0.20582315325737,-0.45290178060531616,0.9998490810394287,0.5376927256584167,0.20768915116786957,-0.4526488482952118,0.9997902512550354,0.4914896786212921,0.2044631540775299,-0.4573851525783539,0.9998314380645752,0.48114868998527527,0.20505401492118835,-0.4572681188583374,0.9998695254325867,0.47340118885040283,0.20559436082839966,-0.4576440453529358,0.9998396635055542,0.5496429800987244,0.23411382734775543,-0.22420623898506165,0.9997545480728149,0.46290433406829834,0.23477475345134735,-0.24394242465496063,0.9998248219490051,0.52168208360672,0.2886601984500885,-0.41317984461784363,0.9999207258224487,0.4856749176979065,0.28863900899887085,-0.41962671279907227,0.9999103546142578,0.6103622913360596,0.4886648654937744,-0.11880823224782944,0.9995728731155396,0.40497222542762756,0.48875483870506287,-0.09979024529457092,0.9994683265686035,0.6297158598899841,0.8140533566474915,-0.35961052775382996,0.9769152402877808,0.382727712392807,0.8155869841575623,-0.0178044643253088,0.9616385698318481,0.6222745180130005,0.6188079714775085,-0.8639029264450073,0.9479498267173767,0.37492144107818604,1.0044010877609253,-0.18001689016819,0.9202788472175598,0.6219110488891602,0.5728279948234558,-0.962047278881073,0.9149723649024963,0.3697424530982971,1.0963953733444214,-0.2134122997522354,0.8783124685287476,0.6194635033607483,0.5422881245613098,-0.9350913763046265,0.9215174913406372,0.3765724003314972,1.0842796564102173,-0.2749789357185364,0.8906934857368469,0.6154628992080688,0.5542429685592651,-0.8673143982887268,0.9268972277641296,0.3818860352039337,1.0517038106918335,-0.20858611166477203,0.9086228013038635,0.5710427165031433,1.0030536651611328,-0.007950021885335445,0.7405029535293579,0.4448763132095337,0.9932230710983276,0.009529327042400837,0.7012465596199036,0.5701140761375427,1.4193034172058105,0.02977951057255268,0.00746588921174407,0.4276279807090759,1.4052791595458984,0.005737986881285906,0.006086726672947407,0.5598586797714233,1.771443247795105,0.3806917071342468,0.0008717926102690399,0.4224787950515747,1.7628318071365356,0.27328675985336304,0.0007738022250123322,0.5638672709465027,1.8216696977615356,0.3979443311691284,0.0003458967839833349,0.41765910387039185,1.8151674270629883,0.2887483537197113,0.0005887491861358285,0.5353193879127502,1.8931630849838257,0.10493867099285126,0.0005059233517386019,0.44440412521362305,1.8832308053970337,-0.029540447518229485,0.0010932112345471978,0.6286846995353699,0.5828532576560974,-9.53463299424584e-08,0.6188874840736389,0.5436651110649109,-1.4807554180151783e-05,0.6108787059783936,0.501872181892395,-0.0027618894819170237,0.6046241521835327,0.4713647961616516,-0.006450101267546415,0.5988834500312805,0.4482303857803345,-0.010715757496654987,0.6235776543617249,0.4740946292877197,-0.0085207624360919,0.6151963472366333,0.4358557164669037,-0.01730419136583805,0.6081769466400146,0.40806418657302856,-0.02171950228512287,0.6030381321907043,0.3854079246520996,-0.024987122043967247,0.6262810826301575,0.48800498247146606,-0.013592209666967392,0.593733012676239,0.47960421442985535,-0.024796077981591225,0.5868996977806091,0.5043530464172363,-0.024654146283864975,0.5903260111808777,0.5195779204368591,-0.02330453135073185,0.6251868605613708,0.5109754204750061,-0.018909843638539314,0.5929144024848938,0.5112201571464539,-0.02881678007543087,0.590377926826477,0.5310002565383911,-0.0238836407661438,0.596402108669281,0.5395508408546448,-0.01937967538833618,0.6230936050415039,0.5377640128135681,-0.02438458614051342,0.5970656275749207,0.5383861660957336,-0.031373318284749985,0.5950908064842224,0.5512046217918396,-0.02880454808473587,0.6011499166488647,0.5558509826660156,-0.02587224543094635,0.0,0.0,0.0,0.0,0.0,0.0,0.0,0.0,0.0,0.0,0.0,0.0,0.0,0.0,0.0,0.0,0.0,0.0,0.0,0.0,0.0,0.0,0.0,0.0,0.0,0.0,0.0,0.0,0.0,0.0,0.0,0.0,0.0,0.0,0.0,0.0,0.0,0.0,0.0,0.0,0.0,0.0,0.0,0.0,0.0,0.0,0.0,0.0,0.0,0.0,0.0,0.0,0.0,0.0,0.0,0.0,0.0,0.0,0.0,0.0,0.0,0.0,0.0
0.5051488280296326,0.23996230959892273,-0.5005550980567932,0.9999169707298279,0.5208319425582886,0.20564527809619904,-0.4596359431743622,0.9998323917388916,0.5300552845001221,0.20603443682193756,-0.4597514569759369,0.9998506903648376,0.5379879474639893,0.20796680450439453,-0.45948708057403564,0.9997926950454712,0.4919360876083374,0.2046291083097458,-0.4639706313610077,0.9998336434364319,0.4815862774848938,0.2052350640296936,-0.46385103464126587,0.9998714923858643,0.47369101643562317,0.2058202177286148,-0.4642121195793152,0.9998422265052795,0.5497401356697083,0.23431070148944855,-0.22857697308063507,0.9997584819793701,0.46303272247314453,0.23499666154384613,-0.247273251414299,0.9998265504837036,0.5220279693603516,0.2887701988220215,-0.4196045696735382,0.9999219179153442,0.4859348237514496,0.2887287139892578,-0.42569294571876526,0.9999116659164429,0.6101750135421753,0.48882463574409485,-0.12236198782920837,0.9995819330215454,0.4047457277774811,0.48912522196769714,-0.10145445168018341,0.9994774460792542,0.6295009255409241,0.8147552609443665,-0.36687910556793213,0.9769039750099182,0.38245895504951477,0.8149999976158142,-0.022312084212899208,0.9617699384689331,0.6223175525665283,0.6186219453811646,-0.8759320974349976,0.9474051594734192,0.3744935989379883,1.0015572309494019,-0.18995705246925354,0.9212101697921753,0.6217845678329468,0.5721307992935181,-0.9750686287879944,0.9143082499504089,0.36923789978027344,1.092969298362732,-0.22401385009288788,0.8796840310096741,0.6194272637367249,0.5412123203277588,-0.9480311870574951,0.9209597706794739,0.37596607208251953,1.080514907836914,-0.28516528010368347,0.8918624520301819,0.6154289245605469,0.5532733201980591,-0.879420280456543,0.9262869358062744,0.3817533552646637,1.0481475591659546,-0.2185104489326477,0.9098133444786072,0.571272075176239,1.0036438703536987,-0.0069774664007127285,0.742335855960846,0.44478145241737366,0.993362307548523,0.008565397933125496,0.7026389837265015,0.570710301399231,1.421501874923706,0.03742796927690506,0.007647580932825804,0.42732760310173035,1.4082236289978027,0.014087429270148277,0.006177586503326893,0.5596340298652649,1.7747572660446167,0.39582207798957825,0.0008889884920790792,0.42200741171836853,1.766752004623413,0.2900477349758148,0.0007817516452632844,0.5636940598487854,1.8254724740982056,0.4138140082359314,0.0003515504067763686,0.4172063171863556,1.81942880153656,0.30624815821647644,0.0005903855781070888,0.5348963141441345,1.896743655204773,0.11827699095010757,0.0005117391119711101,0.44401320815086365,1.888430118560791,-0.01571202091872692,0.0010879372712224722,0.6287731528282166,0.5848150849342346,-8.651650063029592e-08,0.6187970042228699,0.5472306609153748,0.00040591511060483754,0.6105089783668518,0.5043807625770569,-0.0017950155306607485,0.6041796207427979,0.47339171171188354,-0.0049083419144153595,0.5988700985908508,0.45147767663002014,-0.008585064671933651,0.6235304474830627,0.4763304591178894,-0.0076487865298986435,0.6145728230476379,0.43873095512390137,-0.015984006226062775,0.6073383092880249,0.41090402007102966,-0.019996291026473045,0.6026555895805359,0.38829749822616577,-0.022983327507972717,0.6263161897659302,0.4901764392852783,-0.012655393220484257,0.5930004119873047,0.4804368019104004,-0.023474760353565216,0.5865099430084229,0.5037301182746887,-0.02331603318452835,0.5908821821212769,0.5176177024841309,-0.02192557230591774,0.625356912612915,0.5130651593208313,-0.01784168742597103,0.5924443006515503,0.5101923942565918,-0.028207536786794662,0.5889774560928345,0.5293467044830322,-0.023837320506572723,0.5949245095252991,0.5375726222991943,-0.019420089200139046,0.6232979893684387,0.53963702917099,-0.02300936169922352,0.5967615842819214,0.5379061698913574,-0.030570803210139275,0.5940570831298828,0.5508422255516052,-0.028383571654558182,0.6000382900238037,0.5561390519142151,-0.025528812780976295,0.0,0.0,0.0,0.0,0.0,0.0,0.0,0.0,0.0,0.0,0.0,0.0,0.0,0.0,0.0,0.0,0.0,0.0,0.0,0.0,0.0,0.0,0.0,0.0,0.0,0.0,0.0,0.0,0.0,0.0,0.0,0.0,0.0,0.0,0.0,0.0,0.0,0.0,0.0,0.0,0.0,0.0,0.0,0.0,0.0,0.0,0.0,0.0,0.0,0.0,0.0,0.0,0.0,0.0,0.0,0.0,0.0,0.0,0.0,0.0,0.0,0.0,0.0
0.505115270614624,0.23992595076560974,-0.5234429836273193,0.9999173283576965,0.5207284092903137,0.20568670332431793,-0.4822116196155548,0.9998332262039185,0.5299937725067139,0.20617744326591492,-0.48231932520866394,0.9998518228530884,0.5379406213760376,0.2081245481967926,-0.48206213116645813,0.9997938275337219,0.49184295535087585,0.20467977225780487,-0.48701849579811096,0.9998347759246826,0.48150700330734253,0.20528915524482727,-0.48691999912261963,0.9998729825019836,0.4735974669456482,0.20591627061367035,-0.4872865080833435,0.9998434782028198,0.5496591329574585,0.23450376093387604,-0.24618840217590332,0.9997593760490417,0.463006854057312,0.2351958304643631,-0.2671765387058258,0.999828040599823,0.5221197009086609,0.2888437509536743,-0.44036123156547546,0.999921977519989,0.48599904775619507,0.2887076437473297,-0.4470459222793579,0.9999119639396667,0.6101789474487305,0.48885220289230347,-0.13065899908542633,0.9995847940444946,0.4044986963272095,0.48973721265792847,-0.11659662425518036,0.9994814991950989,0.6294299364089966,0.8151827454566956,-0.379702091217041,0.9768698215484619,0.38231709599494934,0.816562831401825,-0.03404190391302109,0.9618093371391296,0.6222211718559265,0.619262158870697,-0.9001668095588684,0.9472013711929321,0.37450817227363586,1.0043445825576782,-0.20320385694503784,0.9217596054077148,0.62163907289505,0.5723739862442017,-1.0005110502243042,0.9140006899833679,0.36950403451919556,1.0958013534545898,-0.2381921112537384,0.8801808953285217,0.619392991065979,0.5413745045661926,-0.9746713042259216,0.9207034111022949,0.37589651346206665,1.083150029182434,-0.2998726963996887,0.8922364711761475,0.6153019070625305,0.5537610650062561,-0.9041977524757385,0.9259504079818726,0.38174206018447876,1.0509363412857056,-0.23173347115516663,0.9102491736412048,0.5716512203216553,1.0034831762313843,-0.004369734786450863,0.7445539832115173,0.44484320282936096,0.9934597611427307,0.0059012724086642265,0.7052122354507446,0.570814847946167,1.4224659204483032,0.04491260275244713,0.007798283826559782,0.42739999294281006,1.4081038236618042,0.010586349293589592,0.00623956648632884,0.5595988631248474,1.7744736671447754,0.4055864214897156,0.0009101987234316766,0.42181769013404846,1.7661203145980835,0.2904756963253021,0.0007951917359605432,0.563595175743103,1.8259689807891846,0.42335471510887146,0.0003603854274842888,0.41696861386299133,1.8189809322357178,0.3065168559551239,0.0006012734374962747,0.5347583293914795,1.8960756063461304,0.12373790889978409,0.0005235450225882232,0.44364508986473083,1.888756513595581,-0.018479563295841217,0.0011055739596486092,0.6289899945259094,0.5858957767486572,-8.283926433705346e-08,0.6183565855026245,0.5490909814834595,0.0004037575563415885,0.6105749607086182,0.5058103203773499,-0.0016933403676375747,0.6048925518989563,0.4740205705165863,-0.0046378253027796745,0.5993407368659973,0.4501628577709198,-0.008225931786000729,0.6233174800872803,0.476550817489624,-0.00781255029141903,0.6141987442970276,0.4386306405067444,-0.015958698466420174,0.6072655320167542,0.41020143032073975,-0.019816963002085686,0.6026944518089294,0.38703709840774536,-0.0226965993642807,0.6264470815658569,0.4898495376110077,-0.012678456492722034,0.5929672122001648,0.4801563024520874,-0.02319077029824257,0.5864455699920654,0.5037388205528259,-0.022937463596463203,0.5906492471694946,0.518339991569519,-0.021542014554142952,0.6256625056266785,0.5124364495277405,-0.017684441059827805,0.5923846364021301,0.5098430514335632,-0.027972511947155,0.5887944102287292,0.5295186638832092,-0.023589598014950752,0.5945011377334595,0.5385297536849976,-0.019197555258870125,0.6235764026641846,0.538872241973877,-0.0226444099098444,0.5967773795127869,0.537856936454773,-0.030352838337421417,0.5942660570144653,0.5515647530555725,-0.02823152206838131,0.600284218788147,0.5572550892829895,-0.025401758030056953,0.0,0.0,0.0,0.0,0.0,0.0,0.0,0.0,0.0,0.0,0.0,0.0,0.0,0.0,0.0,0.0,0.0,0.0,0.0,0.0,0.0,0.0,0.0,0.0,0.0,0.0,0.0,0.0,0.0,0.0,0.0,0.0,0.0,0.0,0.0,0.0,0.0,0.0,0.0,0.0,0.0,0.0,0.0,0.0,0.0,0.0,0.0,0.0,0.0,0.0,0.0,0.0,0.0,0.0,0.0,0.0,0.0,0.0,0.0,0.0,0.0,0.0,0.0
0.5050100088119507,0.23993349075317383,-0.5348676443099976,0.9999164342880249,0.5206050872802734,0.20571006834506989,-0.49336162209510803,0.9998322129249573,0.529832124710083,0.20627805590629578,-0.4934655427932739,0.9998508095741272,0.5377727150917053,0.20819060504436493,-0.49320027232170105,0.9997925758361816,0.49176666140556335,0.2047109603881836,-0.4976823925971985,0.9998339414596558,0.481474906206131,0.20532605051994324,-0.4975813031196594,0.999872624874115,0.47354015707969666,0.20597977936267853,-0.4979436993598938,0.9998429417610168,0.5493994355201721,0.23452119529247284,-0.2557038962841034,0.9997576475143433,0.4630984663963318,0.23525458574295044,-0.2744232714176178,0.9998265504837036,0.5220302939414978,0.28884759545326233,-0.4512501358985901,0.9999215006828308,0.4859015643596649,0.28874894976615906,-0.4572444260120392,0.9999111890792847,0.6100510954856873,0.48890799283981323,-0.1390436291694641,0.999588668346405,0.4044435918331146,0.49010106921195984,-0.12150870263576508,0.9994823336601257,0.6291454434394836,0.8146759867668152,-0.39030721783638,0.9770126938819885,0.38250938057899475,0.815793514251709,-0.03746800497174263,0.9615850448608398,0.6222506165504456,0.6195008158683777,-0.913728654384613,0.9479036331176758,0.37466371059417725,1.0051395893096924,-0.2042149007320404,0.9214511513710022,0.6216371059417725,0.5724753141403198,-1.0142074823379517,0.9147546887397766,0.3696591258049011,1.0967642068862915,-0.23882798850536346,0.8794981837272644,0.6193760633468628,0.5409513711929321,-0.9886628985404968,0.921303391456604,0.37581154704093933,1.0848559141159058,-0.30084019899368286,0.8917075991630554,0.615261971950531,0.5532470345497131,-0.9178581833839417,0.926581859588623,0.3817282021045685,1.0526994466781616,-0.2328573763370514,0.9099164009094238,0.5712000131607056,1.004103660583496,-0.005370956379920244,0.7487831711769104,0.4439500570297241,0.9936200380325317,0.0069624269381165504,0.7095009088516235,0.5693467259407043,1.4240409135818481,0.04891787841916084,0.007764528971165419,0.42638862133026123,1.4093091487884521,0.01613481715321541,0.006182895507663488,0.557519793510437,1.7758427858352661,0.4111070930957794,0.0009001065627671778,0.42013245820999146,1.7668557167053223,0.29893961548805237,0.0007853953866288066,0.561359167098999,1.8275805711746216,0.42899802327156067,0.00035968920565210283,0.4154634177684784,1.8199987411499023,0.31524762511253357,0.0005965221207588911,0.532793402671814,1.897919774055481,0.12836168706417084,0.0005194413824938238,0.4410193860530853,1.8902032375335693,-0.010778220370411873,0.0011010445887222886,0.6299039125442505,0.5875949263572693,-7.792736056444483e-08,0.6199141144752502,0.5499964952468872,0.0002521837595850229,0.61147141456604,0.5059345960617065,-0.0019100195495411754,0.6048302054405212,0.4739176034927368,-0.004897265695035458,0.5986530184745789,0.44949889183044434,-0.008498651906847954,0.6233238577842712,0.47671303153038025,-0.007711856160312891,0.6145665049552917,0.43851596117019653,-0.016053933650255203,0.6073228120803833,0.4095707833766937,-0.020129138603806496,0.602284848690033,0.38628333806991577,-0.023159587755799294,0.6262063384056091,0.4893740713596344,-0.012436317279934883,0.5925037860870361,0.4798954427242279,-0.02277691848576069,0.5862001776695251,0.5037980675697327,-0.02239101380109787,0.5906979441642761,0.5181301832199097,-0.020919714123010635,0.6252765655517578,0.511806309223175,-0.017336642369627953,0.5920389294624329,0.510743260383606,-0.02736382745206356,0.5890712141990662,0.5302700400352478,-0.022824645042419434,0.5952894687652588,0.5387355089187622,-0.01837017759680748,0.6230371594429016,0.5383806228637695,-0.022241510450839996,0.5962585806846619,0.5387058258056641,-0.029774906113743782,0.5941523909568787,0.5523983240127563,-0.027552366256713867,0.6004095077514648,0.5578811764717102,-0.024642182514071465,0.0,0.0,0.0,0.0,0.0,0.0,0.0,0.0,0.0,0.0,0.0,0.0,0.0,0.0,0.0,0.0,0.0,0.0,0.0,0.0,0.0,0.0,0.0,0.0,0.0,0.0,0.0,0.0,0.0,0.0,0.0,0.0,0.0,0.0,0.0,0.0,0.0,0.0,0.0,0.0,0.0,0.0,0.0,0.0,0.0,0.0,0.0,0.0,0.0,0.0,0.0,0.0,0.0,0.0,0.0,0.0,0.0,0.0,0.0,0.0,0.0,0.0,0.0
0.5051171779632568,0.23987875878810883,-0.5056489109992981,0.9999166131019592,0.5207462906837463,0.20576514303684235,-0.46447327733039856,0.9998330473899841,0.5299935936927795,0.20632213354110718,-0.4645697772502899,0.9998510479927063,0.5378764271736145,0.20820289850234985,-0.46430066227912903,0.999793291091919,0.4918639361858368,0.2047356367111206,-0.4694856107234955,0.9998347759246826,0.48157408833503723,0.2053479701280594,-0.46936288475990295,0.9998732209205627,0.47359344363212585,0.20602025091648102,-0.46972590684890747,0.9998438358306885,0.5494457483291626,0.2344483733177185,-0.23176732659339905,0.9997578263282776,0.4630652368068695,0.23526732623577118,-0.2535894215106964,0.9998270273208618,0.522083580493927,0.2888520359992981,-0.4239882528781891,0.9999217391014099,0.48600897192955017,0.28874990344047546,-0.4309304356575012,0.999911367893219,0.6100250482559204,0.4889158010482788,-0.12190059572458267,0.9995891451835632,0.4043773114681244,0.49021923542022705,-0.10847128927707672,0.9994823336601257,0.6296852231025696,0.8137884736061096,-0.36692455410957336,0.9768628478050232,0.381535142660141,0.8159437775611877,-0.02484779991209507,0.9620703458786011,0.6224083304405212,0.6185133457183838,-0.8813541531562805,0.9484330415725708,0.37537166476249695,1.0302672386169434,-0.1824159324169159,0.9232507944107056,0.6218922734260559,0.5718057751655579,-0.980022668838501,0.9156647324562073,0.3706982433795929,1.095925211906433,-0.21535375714302063,0.8813400864601135,0.6194387674331665,0.5402213931083679,-0.9529820084571838,0.9221082925796509,0.3763945996761322,1.0843757390975952,-0.276701420545578,0.8932623267173767,0.6153646111488342,0.5521544218063354,-0.8847389221191406,0.9272325038909912,0.3817930817604065,1.0521267652511597,-0.2105608880519867,0.9114291667938232,0.5718424320220947,1.0037540197372437,-0.003481972962617874,0.7556408643722534,0.444368451833725,0.9938983917236328,0.004924463573843241,0.7164374589920044,0.5722821950912476,1.4227415323257446,0.05046644061803818,0.007856841199100018,0.42839667201042175,1.409163236618042,0.013911575078964233,0.006241696421056986,0.5607971549034119,1.775012493133545,0.41133564710617065,0.0009020406869240105,0.4225570559501648,1.7665910720825195,0.2923069894313812,0.0007900833734311163,0.5648009777069092,1.8262975215911865,0.42960256338119507,0.00035650323843583465,0.41753849387168884,1.8194074630737305,0.3085285425186157,0.0005980003043077886,0.535685658454895,1.897276759147644,0.1338721215724945,0.000520734756719321,0.4447769820690155,1.889251708984375,-0.013243835419416428,0.001108501572161913,0.6300560235977173,0.5880240201950073,-8.116703753557886e-08,0.6195279955863953,0.5505049228668213,0.000523740949574858,0.6107497811317444,0.5063934922218323,-0.0015225715469568968,0.6042186617851257,0.474325567483902,-0.004425545688718557,0.5985989570617676,0.4499465823173523,-0.007886757142841816,0.6233113408088684,0.47730207443237305,-0.007360274437814951,0.6144228577613831,0.4393232464790344,-0.015474500134587288,0.6070597767829895,0.4106026589870453,-0.019393790513277054,0.6019500494003296,0.3874432444572449,-0.02238801121711731,0.6262373328208923,0.49013516306877136,-0.01227223314344883,0.5922480225563049,0.48139357566833496,-0.02248290926218033,0.5864179134368896,0.5049619674682617,-0.02202223427593708,0.5914865136146545,0.5184170603752136,-0.02061397396028042,0.625274658203125,0.5125951170921326,-0.017352398484945297,0.5918336510658264,0.5113056898117065,-0.027332356199622154,0.5892071723937988,0.5307492613792419,-0.022640379145741463,0.595828652381897,0.5385225415229797,-0.018196480348706245,0.622964084148407,0.5390141010284424,-0.022423896938562393,0.5959832668304443,0.5392791628837585,-0.030025620013475418,0.5942726731300354,0.5530984401702881,-0.027763590216636658,0.6010069251060486,0.5581055879592896,-0.02488262765109539,0.0,0.0,0.0,0.0,0.0,0.0,0.0,0.0,0.0,0.0,0.0,0.0,0.0,0.0,0.0,0.0,0.0,0.0,0.0,0.0,0.0,0.0,0.0,0.0,0.0,0.0,0.0,0.0,0.0,0.0,0.0,0.0,0.0,0.0,0.0,0.0,0.0,0.0,0.0,0.0,0.0,0.0,0.0,0.0,0.0,0.0,0.0,0.0,0.0,0.0,0.0,0.0,0.0,0.0,0.0,0.0,0.0,0.0,0.0,0.0,0.0,0.0,0.0
0.5048633217811584,0.23959580063819885,-0.5134473443031311,0.9999196529388428,0.5204629898071289,0.20576982200145721,-0.4721614718437195,0.9998390674591064,0.529682993888855,0.20633427798748016,-0.47226443886756897,0.9998564720153809,0.5376606583595276,0.20812790095806122,-0.47199755907058716,0.9998006820678711,0.4917025566101074,0.20470687747001648,-0.47676050662994385,0.9998408555984497,0.4814755320549011,0.2053324282169342,-0.4766145646572113,0.9998779296875,0.47347840666770935,0.20604203641414642,-0.4769667983055115,0.9998492002487183,0.549338698387146,0.23433126509189606,-0.23804524540901184,0.9997670650482178,0.46302369236946106,0.2352418154478073,-0.2581613063812256,0.9998334050178528,0.5219339728355408,0.2887100577354431,-0.4313183128833771,0.9999249577522278,0.4858921468257904,0.2884329557418823,-0.43784409761428833,0.9999150633811951,0.610211968421936,0.48893076181411743,-0.1275363266468048,0.999603807926178,0.40416496992111206,0.4903443455696106,-0.11060749739408493,0.999498724937439,0.6297903060913086,0.8146701455116272,-0.3725607693195343,0.9769266843795776,0.3816750943660736,0.8160099983215332,-0.030811691656708717,0.9621643424034119,0.6225271821022034,0.6190531849861145,-0.8843244314193726,0.9484426975250244,0.3754197955131531,1.0046814680099487,-0.1989070326089859,0.925727128982544,0.6218225359916687,0.5722936987876892,-0.9833559393882751,0.9158413410186768,0.37101098895072937,1.0965917110443115,-0.23329824209213257,0.8846603035926819,0.6194791197776794,0.5403143763542175,-0.9561768770217896,0.9223998785018921,0.37672433257102966,1.0841104984283447,-0.29448798298835754,0.8961800336837769,0.6155097484588623,0.5524187684059143,-0.8875392079353333,0.9274954795837402,0.38191378116607666,1.0517417192459106,-0.22738046944141388,0.9140119552612305,0.5718250870704651,1.0051438808441162,-0.0028487227391451597,0.7580834031105042,0.44418397545814514,0.9940462708473206,0.0043611302971839905,0.7183926701545715,0.5742544531822205,1.4203588962554932,0.052787553519010544,0.007714345585554838,0.42913228273391724,1.409240484237671,0.02429864928126335,0.006062141619622707,0.5639743208885193,1.7725672721862793,0.4147343933582306,0.0008889525197446346,0.4249347448348999,1.7664802074432373,0.30619198083877563,0.0007701998110860586,0.5681260824203491,1.8236305713653564,0.43333202600479126,0.00035354384453967214,0.42001643776893616,1.8193753957748413,0.322885125875473,0.0005833101458847523,0.539352297782898,1.894531011581421,0.13792230188846588,0.0005144872702658176,0.4478694796562195,1.8876385688781738,0.0022641646210104227,0.0010828155791386962,0.6300098299980164,0.5877946615219116,-8.286106378818658e-08,0.6194832921028137,0.5501430034637451,0.00043472202378325164,0.6107165217399597,0.5061086416244507,-0.0015855130041018128,0.6044220328330994,0.4738181233406067,-0.004495555534958839,0.5987536907196045,0.4504825472831726,-0.007934022694826126,0.623262882232666,0.4769960641860962,-0.0070839375257492065,0.6139995455741882,0.43965834379196167,-0.015306760556995869,0.6067439913749695,0.4113922715187073,-0.019274301826953888,0.6019382476806641,0.38831827044487,-0.02228553406894207,0.6260663270950317,0.4900475740432739,-0.012061575427651405,0.5922338366508484,0.48047491908073425,-0.02262207679450512,0.586479127407074,0.5041337013244629,-0.022353483363986015,0.5914406180381775,0.5179256200790405,-0.02093673311173916,0.6250975131988525,0.5125216245651245,-0.01724875718355179,0.5918139815330505,0.5110970735549927,-0.027517490088939667,0.5892217755317688,0.5306406021118164,-0.022958407178521156,0.5957285761833191,0.5384930968284607,-0.018483949825167656,0.6228905916213989,0.5389412045478821,-0.02245364338159561,0.5960419178009033,0.5393598675727844,-0.030175840482115746,0.5942828059196472,0.5531327128410339,-0.02803400345146656,0.600862443447113,0.5579900741577148,-0.02521308697760105,0.0,0.0,0.0,0.0,0.0,0.0,0.0,0.0,0.0,0.0,0.0,0.0,0.0,0.0,0.0,0.0,0.0,0.0,0.0,0.0,0.0,0.0,0.0,0.0,0.0,0.0,0.0,0.0,0.0,0.0,0.0,0.0,0.0,0.0,0.0,0.0,0.0,0.0,0.0,0.0,0.0,0.0,0.0,0.0,0.0,0.0,0.0,0.0,0.0,0.0,0.0,0.0,0.0,0.0,0.0,0.0,0.0,0.0,0.0,0.0,0.0,0.0,0.0
0.5050753355026245,0.23973165452480316,-0.5096678137779236,0.9999181032180786,0.5205445289611816,0.20580773055553436,-0.46854153275489807,0.9998363256454468,0.5297480225563049,0.20642773807048798,-0.468664288520813,0.9998541474342346,0.5376835465431213,0.20820645987987518,-0.4684045612812042,0.9997970461845398,0.491889625787735,0.2048281729221344,-0.47315865755081177,0.9998388886451721,0.4816449284553528,0.20549215376377106,-0.4730464220046997,0.9998769760131836,0.4736763536930084,0.2062378078699112,-0.47341564297676086,0.9998481273651123,0.5493547916412354,0.23439225554466248,-0.235264852643013,0.9997625350952148,0.4631732106208801,0.23528431355953217,-0.25517866015434265,0.999832034111023,0.5220282077789307,0.28876322507858276,-0.4276575744152069,0.9999233484268188,0.4861071705818176,0.2886357307434082,-0.43411779403686523,0.99991375207901,0.6100641489028931,0.488937109708786,-0.12394266575574875,0.9995977878570557,0.4040984809398651,0.490264892578125,-0.10725902765989304,0.999498724937439,0.6297603249549866,0.8134170770645142,-0.36698073148727417,0.9767308831214905,0.3819118142127991,0.8143396377563477,-0.025087224319577217,0.9626592993736267,0.6225360631942749,0.618166446685791,-0.8774198889732361,0.9478563666343689,0.3748725950717926,0.9998217821121216,-0.19055797159671783,0.9268942475318909,0.622393786907196,0.5705581307411194,-0.9762698411941528,0.9149703979492188,0.3699069917201996,1.091397762298584,-0.2247340828180313,0.885888397693634,0.6195036172866821,0.5387179851531982,-0.9497543573379517,0.9215368032455444,0.3762196898460388,1.0786980390548706,-0.28617995977401733,0.89718097448349,0.6154788732528687,0.5515144467353821,-0.880955159664154,0.926644504070282,0.38183772563934326,1.046457052230835,-0.21906352043151855,0.9149452447891235,0.571191668510437,1.006492018699646,-0.0033634984865784645,0.7618739604949951,0.44409164786338806,0.9943680167198181,0.0049091060645878315,0.7229300141334534,0.5714455246925354,1.419193983078003,0.04702514410018921,0.007836559787392616,0.42803695797920227,1.4067927598953247,0.013815922662615776,0.006100170314311981,0.5606786012649536,1.771627426147461,0.40299931168556213,0.0009201915236189961,0.42298850417137146,1.7641688585281372,0.29006052017211914,0.0007923465454950929,0.5645570755004883,1.8225408792495728,0.4207689166069031,0.0003654379106592387,0.4182921051979065,1.816976547241211,0.3062644898891449,0.0005988545017316937,0.5364930629730225,1.8936582803726196,0.12497659772634506,0.0005303593934513628,0.44492197036743164,1.884933590888977,-0.015439793467521667,0.001108792144805193,0.6294753551483154,0.5855989456176758,-7.998786344387554e-08,0.6199458241462708,0.5480313301086426,3.446250411798246e-05,0.6118751764297485,0.5040302276611328,-0.0019129151478409767,0.6051799058914185,0.4720574617385864,-0.004649541340768337,0.5996196269989014,0.44874781370162964,-0.007915759459137917,0.6223257184028625,0.47643160820007324,-0.00755968876183033,0.6137122511863708,0.43820273876190186,-0.015666421502828598,0.6069070100784302,0.41031426191329956,-0.019528288394212723,0.6023131012916565,0.387498676776886,-0.022435547783970833,0.6255121231079102,0.48933595418930054,-0.012073325924575329,0.5921750664710999,0.48146864771842957,-0.022465836256742477,0.5870248079299927,0.5047478079795837,-0.02202184684574604,0.5925078988075256,0.5180270671844482,-0.020524870604276657,0.6249066591262817,0.5118465423583984,-0.016815686598420143,0.5919806361198425,0.510624885559082,-0.026818783953785896,0.5892258286476135,0.5296289920806885,-0.02235032245516777,0.5955942869186401,0.5372297763824463,-0.01796562410891056,0.6229344010353088,0.5383455753326416,-0.021598046645522118,0.5960434675216675,0.5393026471138,-0.02906963787972927,0.5938944816589355,0.55274498462677,-0.02705821953713894,0.6001085042953491,0.557310938835144,-0.02433251589536667,0.0,0.0,0.0,0.0,0.0,0.0,0.0,0.0,0.0,0.0,0.0,0.0,0.0,0.0,0.0,0.0,0.0,0.0,0.0,0.0,0.0,0.0,0.0,0.0,0.0,0.0,0.0,0.0,0.0,0.0,0.0,0.0,0.0,0.0,0.0,0.0,0.0,0.0,0.0,0.0,0.0,0.0,0.0,0.0,0.0,0.0,0.0,0.0,0.0,0.0,0.0,0.0,0.0,0.0,0.0,0.0,0.0,0.0,0.0,0.0,0.0,0.0,0.0
0.505516767501831,0.2400057166814804,-0.5261156558990479,0.9999173879623413,0.5209247469902039,0.2058911919593811,-0.4856248199939728,0.9998345971107483,0.5302215218544006,0.20657168328762054,-0.4857214689254761,0.9998528957366943,0.5379989147186279,0.20838133990764618,-0.4854462444782257,0.9997948408126831,0.49212735891342163,0.20494912564754486,-0.4900640845298767,0.9998380541801453,0.4817352294921875,0.2055952250957489,-0.4899492859840393,0.9998767971992493,0.4737200140953064,0.20633545517921448,-0.4903160333633423,0.9998477697372437,0.5496497750282288,0.23448625206947327,-0.25193527340888977,0.9997605085372925,0.4630686938762665,0.23524732887744904,-0.27103015780448914,0.9998316764831543,0.5222561955451965,0.2888813316822052,-0.44386741518974304,0.9999231696128845,0.48640310764312744,0.28889212012290955,-0.44995859265327454,0.9999141693115234,0.6101458668708801,0.4889547824859619,-0.13789746165275574,0.9996017813682556,0.4042421877384186,0.49054571986198425,-0.12219934910535812,0.9995098114013672,0.6295584440231323,0.8133564591407776,-0.3840086758136749,0.9766885638237,0.3820236325263977,0.8142877817153931,-0.03883792459964752,0.9627835154533386,0.6224502921104431,0.6206793189048767,-0.9003944396972656,0.9464484453201294,0.3741813600063324,1.0046343803405762,-0.20277215540409088,0.9273308515548706,0.621691882610321,0.5726712346076965,-0.9998293519020081,0.9129583835601807,0.3684993386268616,1.0965372323989868,-0.23668025434017181,0.8861218690872192,0.6193926334381104,0.5407782793045044,-0.973305881023407,0.9196967482566833,0.3750287890434265,1.0845317840576172,-0.29863253235816956,0.8974726796150208,0.6150804758071899,0.5535886883735657,-0.9040223956108093,0.9249886870384216,0.381367564201355,1.0524418354034424,-0.23137784004211426,0.915294349193573,0.5717489719390869,1.0054380893707275,-0.003547084517776966,0.758360743522644,0.44449254870414734,0.9944005608558655,0.005147057119756937,0.7199360132217407,0.5723053216934204,1.4226796627044678,0.04686283320188522,0.007923336699604988,0.4286626875400543,1.4100207090377808,0.015727227553725243,0.006062984466552734,0.5608070492744446,1.7755801677703857,0.40797650814056396,0.0009400438866578043,0.42258647084236145,1.7686041593551636,0.2960355579853058,0.000794222520198673,0.5646826028823853,1.827004313468933,0.4260752499103546,0.00037685519782826304,0.4177529513835907,1.822180986404419,0.31245240569114685,0.0006011112127453089,0.5360537767410278,1.8986281156539917,0.12848545610904694,0.0005387401906773448,0.4437808692455292,1.8906736373901367,-0.010929558426141739,0.0011021678801625967,0.6303450465202332,0.5875720977783203,-8.118342265106548e-08,0.6209090948104858,0.5493807792663574,0.0005132340011186898,0.6120362877845764,0.5048773288726807,-0.001248649088665843,0.6048389077186584,0.4726429283618927,-0.0038290040101855993,0.5987334251403809,0.4490029215812683,-0.0068977875635027885,0.6226418614387512,0.47703975439071655,-0.007202248089015484,0.6140982508659363,0.4386122226715088,-0.014816266484558582,0.6067686080932617,0.4105979800224304,-0.01818157359957695,0.601638913154602,0.38825932145118713,-0.02079101838171482,0.6254869103431702,0.4901752769947052,-0.011942933313548565,0.5919865965843201,0.48148077726364136,-0.021793777123093605,0.5871216654777527,0.5045862793922424,-0.020991412922739983,0.5927331447601318,0.5178219079971313,-0.019380327314138412,0.6247180104255676,0.5126470923423767,-0.01686166599392891,0.5917052030563354,0.5123291611671448,-0.026406310498714447,0.5894372463226318,0.5308893918991089,-0.02184370346367359,0.5959193706512451,0.5379253029823303,-0.017591342329978943,0.6226298213005066,0.5388382077217102,-0.021788254380226135,0.5955697298049927,0.5404214262962341,-0.02894114889204502,0.5938219428062439,0.5538579225540161,-0.026888223364949226,0.6000823378562927,0.5580955147743225,-0.02427208051085472,0.0,0.0,0.0,0.0,0.0,0.0,0.0,0.0,0.0,0.0,0.0,0.0,0.0,0.0,0.0,0.0,0.0,0.0,0.0,0.0,0.0,0.0,0.0,0.0,0.0,0.0,0.0,0.0,0.0,0.0,0.0,0.0,0.0,0.0,0.0,0.0,0.0,0.0,0.0,0.0,0.0,0.0,0.0,0.0,0.0,0.0,0.0,0.0,0.0,0.0,0.0,0.0,0.0,0.0,0.0,0.0,0.0,0.0,0.0,0.0,0.0,0.0,0.0
0.5055394768714905,0.24029581248760223,-0.5378673076629639,0.9999212026596069,0.5210464000701904,0.20597659051418304,-0.4968918561935425,0.9998419284820557,0.5303451418876648,0.2067086547613144,-0.4969986379146576,0.999859631061554,0.538095235824585,0.208535298705101,-0.49673348665237427,0.9998041987419128,0.4921053349971771,0.20514044165611267,-0.5014410018920898,0.9998449087142944,0.4817315638065338,0.20579732954502106,-0.5013092160224915,0.9998818039894104,0.4736975431442261,0.2065599262714386,-0.5016626715660095,0.9998534321784973,0.549735426902771,0.23463310301303864,-0.2595919966697693,0.9997715353965759,0.46307358145713806,0.23531080782413483,-0.2789027988910675,0.9998389482498169,0.5223947167396545,0.2890431582927704,-0.45432454347610474,0.9999270439147949,0.4863356947898865,0.2892145812511444,-0.4605385661125183,0.9999182820320129,0.6104263663291931,0.489063560962677,-0.14494864642620087,0.9996213316917419,0.40415653586387634,0.49098268151283264,-0.12560425698757172,0.9995291829109192,0.6297362446784973,0.8138681054115295,-0.39474278688430786,0.9773399233818054,0.3814973831176758,0.8160841464996338,-0.041588664054870605,0.9634935855865479,0.6225284337997437,0.6193307042121887,-0.9189842343330383,0.9471133351325989,0.37307050824165344,1.0074081420898438,-0.20956985652446747,0.9286318421363831,0.6219284534454346,0.5712668895721436,-1.0208903551101685,0.9137840867042542,0.36653149127960205,1.0996675491333008,-0.24443064630031586,0.8876718878746033,0.6194788813591003,0.5396509170532227,-0.9953194856643677,0.9205650687217712,0.37355300784111023,1.0869990587234497,-0.3071820139884949,0.8988209366798401,0.6154816150665283,0.5525495409965515,-0.9232256412506104,0.9258902072906494,0.38054487109184265,1.0546897649765015,-0.2385501116514206,0.9165577292442322,0.5713862776756287,1.0068321228027344,-0.005586873274296522,0.7579315900802612,0.444375604391098,0.9948972463607788,0.007261140272021294,0.7196895480155945,0.5717983245849609,1.4249439239501953,0.04716924577951431,0.007681030780076981,0.4279957711696625,1.4128892421722412,0.024187393486499786,0.005876454990357161,0.56027752161026,1.7774730920791626,0.411850243806839,0.000914461852516979,0.4219851791858673,1.7718219757080078,0.309285044670105,0.0007627272279933095,0.5642436146736145,1.8287607431411743,0.43012723326683044,0.0003703978727571666,0.41704219579696655,1.825243353843689,0.32616135478019714,0.0005834954790771008,0.5357010364532471,1.899827480316162,0.13040791451931,0.000524125003721565,0.4435447156429291,1.8941422700881958,-0.0005864923004992306,0.0010667539900168777,0.6295045614242554,0.5854260325431824,-7.705840232574701e-08,0.6193917989730835,0.5480242967605591,0.00014934205682948232,0.6114267110824585,0.5038179755210876,-0.0014812672743573785,0.6052074432373047,0.47198009490966797,-0.0038017339538782835,0.5984769463539124,0.4486106336116791,-0.006706648506224155,0.6220247745513916,0.47554314136505127,-0.007781291846185923,0.6134450435638428,0.4376830458641052,-0.015434755943715572,0.6062393188476562,0.4092593789100647,-0.019029200077056885,0.6011626720428467,0.38641586899757385,-0.02176690101623535,0.6253429055213928,0.4885466992855072,-0.012151245959103107,0.5917620658874512,0.48111197352409363,-0.021529676392674446,0.5860925912857056,0.5049877762794495,-0.020443210378289223,0.5915858745574951,0.5186038613319397,-0.018701912835240364,0.6247967481613159,0.5112218856811523,-0.01671602576971054,0.5921809673309326,0.5110788345336914,-0.02592635340988636,0.5889334082603455,0.5303422808647156,-0.021133510395884514,0.5951609015464783,0.5384324193000793,-0.01669255644083023,0.6228721737861633,0.5380737781524658,-0.021327558904886246,0.5964927673339844,0.5388967990875244,-0.028284111991524696,0.5938104391098022,0.5524660348892212,-0.025990808382630348,0.5994558334350586,0.5577723383903503,-0.023133309558033943,0.0,0.0,0.0,0.0,0.0,0.0,0.0,0.0,0.0,0.0,0.0,0.0,0.0,0.0,0.0,0.0,0.0,0.0,0.0,0.0,0.0,0.0,0.0,0.0,0.0,0.0,0.0,0.0,0.0,0.0,0.0,0.0,0.0,0.0,0.0,0.0,0.0,0.0,0.0,0.0,0.0,0.0,0.0,0.0,0.0,0.0,0.0,0.0,0.0,0.0,0.0,0.0,0.0,0.0,0.0,0.0,0.0,0.0,0.0,0.0,0.0,0.0,0.0
0.5055505633354187,0.24038320779800415,-0.5060767531394958,0.9999231696128845,0.5210154056549072,0.20601731538772583,-0.46467527747154236,0.9998449087142944,0.5303364396095276,0.20681704580783844,-0.46478861570358276,0.9998624920845032,0.5380777716636658,0.2086370438337326,-0.4645220637321472,0.9998080730438232,0.4921831488609314,0.2051871418952942,-0.46989503502845764,0.9998477101325989,0.4818492829799652,0.20580489933490753,-0.46976420283317566,0.9998838901519775,0.47369736433029175,0.2065417468547821,-0.47012683749198914,0.9998556971549988,0.5496498346328735,0.23469963669776917,-0.2318241447210312,0.9997748732566833,0.46305137872695923,0.2352762222290039,-0.25456997752189636,0.9998425841331482,0.5222381949424744,0.28913605213165283,-0.42450591921806335,0.9999287128448486,0.48628243803977966,0.28925517201423645,-0.43179577589035034,0.9999202489852905,0.6097780466079712,0.48910340666770935,-0.12343013286590576,0.9996280670166016,0.40409690141677856,0.4910195767879486,-0.10956023633480072,0.9995393753051758,0.6298011541366577,0.8131564855575562,-0.3634815514087677,0.9775682091712952,0.3812318742275238,0.8169247508049011,-0.029136793687939644,0.964137852191925,0.6225839257240295,0.6174749135971069,-0.8749048709869385,0.947475790977478,0.3732546269893646,1.0043500661849976,-0.19367088377475739,0.9312187433242798,0.6220276355743408,0.5693535208702087,-0.9744065999984741,0.9141793251037598,0.36800849437713623,1.0954710245132446,-0.22850504517555237,0.8911374807357788,0.6195181608200073,0.5375399589538574,-0.9477388858795166,0.9209611415863037,0.37451303005218506,1.082718849182129,-0.289690762758255,0.9018574357032776,0.6154043078422546,0.5505649447441101,-0.87857586145401,0.9262236952781677,0.380740225315094,1.0503253936767578,-0.22207945585250854,0.919116199016571,0.5710707306861877,1.0077691078186035,-0.003972924780100584,0.7605602741241455,0.4438399374485016,0.995028555393219,0.005480279214680195,0.72233647108078,0.5704509615898132,1.4219530820846558,0.05474578216671944,0.007491524796932936,0.4261927008628845,1.4102747440338135,0.025951648131012917,0.005737971048802137,0.5592860579490662,1.774396538734436,0.4236568808555603,0.0009087441139854491,0.42152947187423706,1.76726233959198,0.31456905603408813,0.0007541213999502361,0.5632467865943909,1.825892448425293,0.44291093945503235,0.0003672781749628484,0.4168350398540497,1.8197026252746582,0.3322736322879791,0.0005780014907941222,0.5350537896156311,1.8950225114822388,0.14800585806369781,0.0005217522266320884,0.44416019320487976,1.8887231349945068,0.010921414941549301,0.0010590485762804747,0.6305679082870483,0.5888350009918213,-8.497629266912554e-08,0.6203324198722839,0.5512799024581909,0.0008140439749695361,0.6118671894073486,0.5063769817352295,-0.0008236832800321281,0.6052101850509644,0.47337856888771057,-0.0034265194553881884,0.5992529392242432,0.4493098258972168,-0.006585034541785717,0.6223899722099304,0.4771212637424469,-0.006855344399809837,0.6130645275115967,0.4384543299674988,-0.014617101289331913,0.6064524054527283,0.41054847836494446,-0.018138526007533073,0.6022977232933044,0.38753530383110046,-0.020803548395633698,0.6255195140838623,0.49016398191452026,-0.011665231548249722,0.5920501351356506,0.482462078332901,-0.021706469357013702,0.5871100425720215,0.5058227777481079,-0.021030087023973465,0.5926864147186279,0.5189222097396851,-0.01948368363082409,0.6248210668563843,0.5125468373298645,-0.016645066440105438,0.5919869542121887,0.5118303298950195,-0.02626253291964531,0.5892871618270874,0.5310415029525757,-0.021659404039382935,0.5954384803771973,0.5387149453163147,-0.017339643090963364,0.6227729916572571,0.5387999415397644,-0.021618327125906944,0.5960660576820374,0.5395716428756714,-0.028729042038321495,0.5939863324165344,0.5533430576324463,-0.026622474193572998,0.5999258756637573,0.5580563545227051,-0.02393859438598156,0.0,0.0,0.0,0.0,0.0,0.0,0.0,0.0,0.0,0.0,0.0,0.0,0.0,0.0,0.0,0.0,0.0,0.0,0.0,0.0,0.0,0.0,0.0,0.0,0.0,0.0,0.0,0.0,0.0,0.0,0.0,0.0,0.0,0.0,0.0,0.0,0.0,0.0,0.0,0.0,0.0,0.0,0.0,0.0,0.0,0.0,0.0,0.0,0.0,0.0,0.0,0.0,0.0,0.0,0.0,0.0,0.0,0.0,0.0,0.0,0.0,0.0,0.0
0.5055744647979736,0.2403881847858429,-0.5339305996894836,0.99992436170578,0.5211288928985596,0.2060409039258957,-0.4924453794956207,0.9998461008071899,0.5304221510887146,0.20685793459415436,-0.49254730343818665,0.9998640418052673,0.5381662845611572,0.20863014459609985,-0.49226778745651245,0.9998093247413635,0.49211597442626953,0.20514434576034546,-0.49696671962738037,0.9998491406440735,0.4816904366016388,0.20574679970741272,-0.4968498647212982,0.9998854398727417,0.4736068546772003,0.20648758113384247,-0.4972120523452759,0.9998570084571838,0.5499018430709839,0.2347380816936493,-0.2548922002315521,0.9997768998146057,0.4628807604312897,0.23529113829135895,-0.27440422773361206,0.9998443722724915,0.5224165320396423,0.2891947329044342,-0.4506537616252899,0.9999293088912964,0.4862493872642517,0.28930220007896423,-0.45693477988243103,0.9999210834503174,0.6098609566688538,0.48916253447532654,-0.1413184255361557,0.999627947807312,0.4039973020553589,0.49148106575012207,-0.12225087732076645,0.9995406270027161,0.6298651099205017,0.8138443827629089,-0.39467552304267883,0.97767573595047,0.38079169392585754,0.8168398141860962,-0.04332144558429718,0.9638838171958923,0.6226505637168884,0.6194013953208923,-0.9186468720436096,0.9474441409111023,0.37371525168418884,1.0035442113876343,-0.21582362055778503,0.9315431714057922,0.6217581033706665,0.5704209804534912,-1.0196309089660645,0.9143295884132385,0.36910101771354675,1.0954171419143677,-0.2504670023918152,0.8917199373245239,0.6195104122161865,0.5384573340415955,-0.9924284815788269,0.921150803565979,0.3752102851867676,1.082241177558899,-0.31218141317367554,0.9024535417556763,0.6155592203140259,0.5518282055854797,-0.9222368001937866,0.9263814091682434,0.38092151284217834,1.0500938892364502,-0.2444368451833725,0.9197362065315247,0.5728326439857483,1.0050742626190186,-0.006838133092969656,0.7514210343360901,0.4447513818740845,0.9951808452606201,0.00849595945328474,0.7123557925224304,0.573036253452301,1.4269403219223022,0.044884782284498215,0.007296352181583643,0.4271732568740845,1.415733814239502,0.03047209605574608,0.005557626951485872,0.5616052746772766,1.7804229259490967,0.41031476855278015,0.0009033369133248925,0.42222970724105835,1.773911952972412,0.3151143193244934,0.0007426270167343318,0.5657259225845337,1.8323789834976196,0.42867419123649597,0.00036328245187178254,0.4173566997051239,1.827207326889038,0.3320356011390686,0.0005670892423950136,0.5369272232055664,1.9028743505477905,0.1285536140203476,0.0005185576737858355,0.4450633227825165,1.8972070217132568,0.006608789321035147,0.0010442078346386552,0.6297850012779236,0.5880494713783264,-8.917461968849238e-08,0.618828296661377,0.5498562455177307,0.0006216299370862544,0.6104466915130615,0.5051765441894531,-0.0011418809881433845,0.6043383479118347,0.4724157750606537,-0.0038503489922732115,0.5993168950080872,0.4506007432937622,-0.007120927795767784,0.6226465106010437,0.47590455412864685,-0.006831263657659292,0.6135578751564026,0.438093364238739,-0.01458689384162426,0.6066524386405945,0.4108884334564209,-0.018199177458882332,0.6022921800613403,0.3886699974536896,-0.020949365571141243,0.62606281042099,0.4893074035644531,-0.011660639196634293,0.5927153825759888,0.4817747175693512,-0.02172602340579033,0.5867704153060913,0.5050815343856812,-0.021104848012328148,0.5916103720664978,0.5185412168502808,-0.019600147381424904,0.6253542304039001,0.5120532512664795,-0.016706520691514015,0.5922757387161255,0.5105440616607666,-0.026341257616877556,0.5887821912765503,0.5297485589981079,-0.021882308647036552,0.5945900082588196,0.5378835797309875,-0.017661290243268013,0.6231892704963684,0.5387083888053894,-0.021766552701592445,0.59599769115448,0.5390632152557373,-0.028920192271471024,0.5934654474258423,0.5525193214416504,-0.02689306065440178,0.5994000434875488,0.5574740767478943,-0.024266580119729042,0.0,0.0,0.0,0.0,0.0,0.0,0.0,0.0,0.0,0.0,0.0,0.0,0.0,0.0,0.0,0.0,0.0,0.0,0.0,0.0,0.0,0.0,0.0,0.0,0.0,0.0,0.0,0.0,0.0,0.0,0.0,0.0,0.0,0.0,0.0,0.0,0.0,0.0,0.0,0.0,0.0,0.0,0.0,0.0,0.0,0.0,0.0,0.0,0.0,0.0,0.0,0.0,0.0,0.0,0.0,0.0,0.0,0.0,0.0,0.0,0.0,0.0,0.0
0.5058437585830688,0.2403758317232132,-0.5354539155960083,0.9999247789382935,0.5212863683700562,0.20606198906898499,-0.4943732023239136,0.999846339225769,0.5305094122886658,0.2068748027086258,-0.49449166655540466,0.9998642206192017,0.5381871461868286,0.208580881357193,-0.4942123293876648,0.9998089075088501,0.49248701333999634,0.2051045149564743,-0.49836236238479614,0.9998495578765869,0.48205751180648804,0.20568649470806122,-0.49823957681655884,0.9998859167098999,0.47397729754447937,0.20642328262329102,-0.4986133277416229,0.9998575448989868,0.5497191548347473,0.23466545343399048,-0.2590878903865814,0.9997765421867371,0.4632563591003418,0.23521535098552704,-0.2761899530887604,0.9998447299003601,0.5225539207458496,0.28922638297080994,-0.45297184586524963,0.9999289512634277,0.4865689277648926,0.2892100512981415,-0.4586406648159027,0.9999210834503174,0.6097789406776428,0.4891893267631531,-0.1483568400144577,0.9996157884597778,0.40404465794563293,0.4913436472415924,-0.12075941264629364,0.9995304942131042,0.6295114755630493,0.8124008774757385,-0.39233314990997314,0.9773308038711548,0.3808020055294037,0.816814661026001,-0.037598866969347,0.9638427495956421,0.6226822733879089,0.6207146048545837,-0.9139472842216492,0.9467729926109314,0.3736349046230316,1.0041037797927856,-0.2062554508447647,0.9319723844528198,0.6218879222869873,0.5729528069496155,-1.0141226053237915,0.912936270236969,0.36888188123703003,1.095540165901184,-0.2404368817806244,0.8920521140098572,0.6195617318153381,0.5398811101913452,-0.9870540499687195,0.9197653532028198,0.37506893277168274,1.0822863578796387,-0.30198293924331665,0.902792751789093,0.6157348155975342,0.5534152388572693,-0.9174212217330933,0.9247531890869141,0.3809070587158203,1.0503191947937012,-0.23471687734127045,0.9200296998023987,0.5716105699539185,1.003400444984436,-0.009197316132485867,0.7473035454750061,0.44452592730522156,0.9952095150947571,0.010814000852406025,0.7079294323921204,0.5722018480300903,1.4252642393112183,0.04498325288295746,0.008199242874979973,0.4271034598350525,1.4140616655349731,0.03099927119910717,0.006360029801726341,0.561833381652832,1.7779754400253296,0.412835031747818,0.0010104130487889051,0.42237231135368347,1.7718462944030762,0.3164617121219635,0.0008733583381399512,0.5658366680145264,1.8297086954116821,0.43159401416778564,0.0003921443712897599,0.4175770878791809,1.8250812292099,0.3340315520763397,0.0006502187461592257,0.5373079776763916,1.9012259244918823,0.1342499852180481,0.0005604340694844723,0.44543585181236267,1.8948452472686768,0.012479692697525024,0.0011646616039797664,0.630024790763855,0.5869849920272827,-8.058924549914082e-08,0.6191188097000122,0.5494714379310608,0.00018023134907707572,0.6111506223678589,0.5048367977142334,-0.001577493967488408,0.6050237417221069,0.4724457859992981,-0.004062016494572163,0.5981605052947998,0.4478963613510132,-0.007159433327615261,0.6218636631965637,0.47611135244369507,-0.007668840233236551,0.6131611466407776,0.43861913681030273,-0.01533261127769947,0.6060000658035278,0.4107491970062256,-0.01896548829972744,0.6011450886726379,0.3882715702056885,-0.021707240492105484,0.625552773475647,0.4891282618045807,-0.012137498706579208,0.5920741558074951,0.48213720321655273,-0.021612556651234627,0.5863223671913147,0.5058394074440002,-0.02070368081331253,0.5915650129318237,0.5195262432098389,-0.019110579043626785,0.6252001523971558,0.5119841694831848,-0.016796065494418144,0.5922015905380249,0.5115896463394165,-0.026040781289339066,0.5889232158660889,0.531026303768158,-0.021296117454767227,0.5950750112533569,0.5391795039176941,-0.016955893486738205,0.6233237981796265,0.5388779044151306,-0.021492954343557358,0.5963924527168274,0.5397774577140808,-0.028537968173623085,0.5938954949378967,0.5534960031509399,-0.026279792189598083,0.5997832417488098,0.5587329864501953,-0.023474929854273796,0.0,0.0,0.0,0.0,0.0,0.0,0.0,0.0,0.0,0.0,0.0,0.0,0.0,0.0,0.0,0.0,0.0,0.0,0.0,0.0,0.0,0.0,0.0,0.0,0.0,0.0,0.0,0.0,0.0,0.0,0.0,0.0,0.0,0.0,0.0,0.0,0.0,0.0,0.0,0.0,0.0,0.0,0.0,0.0,0.0,0.0,0.0,0.0,0.0,0.0,0.0,0.0,0.0,0.0,0.0,0.0,0.0,0.0,0.0,0.0,0.0,0.0,0.0
0.5057942271232605,0.24014131724834442,-0.5229048132896423,0.9999275803565979,0.5211843252182007,0.20600904524326324,-0.4816164970397949,0.9998508095741272,0.5303794741630554,0.20671755075454712,-0.4817337691783905,0.9998685121536255,0.5380964279174805,0.20834241807460785,-0.4814583957195282,0.9998143315315247,0.49235841631889343,0.2048845738172531,-0.486417680978775,0.9998540282249451,0.48193830251693726,0.20539899170398712,-0.48629361391067505,0.9998893737792969,0.4738551676273346,0.20612865686416626,-0.4866648316383362,0.9998614192008972,0.5498067140579224,0.23464877903461456,-0.24617399275302887,0.9997836351394653,0.4630511403083801,0.23510590195655823,-0.26700320839881897,0.9998498558998108,0.5226122140884399,0.28917762637138367,-0.4404315948486328,0.9999308586120605,0.48656702041625977,0.2888318598270416,-0.4471281170845032,0.9999233484268188,0.6097787618637085,0.4892292618751526,-0.13891610503196716,0.9996165633201599,0.40384289622306824,0.4914248287677765,-0.11539305001497269,0.9995355010032654,0.6292051076889038,0.8151443004608154,-0.390967458486557,0.9772179126739502,0.3804687559604645,0.8167781829833984,-0.04298129305243492,0.9631084203720093,0.6222829222679138,0.6200982332229614,-0.9213968515396118,0.9460984468460083,0.3741985559463501,0.9950209856033325,-0.22517825663089752,0.9302887320518494,0.6212654709815979,0.5707482695579529,-1.0238447189331055,0.9122759699821472,0.3710844814777374,1.0863327980041504,-0.26148808002471924,0.8908140659332275,0.6193702816963196,0.540003776550293,-0.9973964095115662,0.9192184805870056,0.3764347434043884,1.071279764175415,-0.32113614678382874,0.9016565084457397,0.615195095539093,0.554162859916687,-0.9256575107574463,0.9242579936981201,0.3811759054660797,1.0390305519104004,-0.2533223330974579,0.9190104007720947,0.5711402297019958,1.0023610591888428,-0.01010879036039114,0.7338157296180725,0.44410139322280884,0.9952393770217896,0.011780688539147377,0.6935214400291443,0.5702266097068787,1.4261659383773804,0.04152962937951088,0.007836276665329933,0.42549628019332886,1.414388656616211,0.03480340167880058,0.00611903378739953,0.5587188005447388,1.778855323791504,0.4093642234802246,0.0009743503178469837,0.4199829399585724,1.7714682817459106,0.31956371665000916,0.0008407756686210632,0.5624989867210388,1.8300349712371826,0.42788705229759216,0.0003793200012296438,0.415183961391449,1.8235037326812744,0.3366793990135193,0.0006280221277847886,0.5345373153686523,1.9006072282791138,0.12667451798915863,0.0005436358624137938,0.4423125088214874,1.894364833831787,0.010726847685873508,0.001126668183133006,0.6307726502418518,0.5894275903701782,-8.781641724908695e-08,0.6192353367805481,0.5514742732048035,0.000881258281879127,0.6104653477668762,0.506924033164978,-0.0007271465146914124,0.6038954854011536,0.4743538498878479,-0.003254419658333063,0.5981041193008423,0.4503933787345886,-0.006334930192679167,0.62203449010849,0.4769599437713623,-0.006478144787251949,0.6128950119018555,0.4394066631793976,-0.013932919129729271,0.6060516238212585,0.41155001521110535,-0.017322827130556107,0.6016995310783386,0.38894230127334595,-0.019963661208748817,0.6256350874900818,0.48976805806159973,-0.0113352220505476,0.5916992425918579,0.4828152656555176,-0.020910043269395828,0.5864737033843994,0.5068392157554626,-0.02001664787530899,0.5920230746269226,0.520001232624054,-0.018406696617603302,0.6253138184547424,0.5122197270393372,-0.016384068876504898,0.5919020771980286,0.5118137001991272,-0.025730492547154427,0.5890181064605713,0.5314832925796509,-0.02100348472595215,0.5952476263046265,0.5390222668647766,-0.01670771650969982,0.6236541867256165,0.5387308597564697,-0.02141103893518448,0.5961247682571411,0.5403987169265747,-0.02844909392297268,0.5941582918167114,0.5544888377189636,-0.02624785341322422,0.6004724502563477,0.5590671300888062,-0.023546727374196053,0.0,0.0,0.0,0.0,0.0,0.0,0.0,0.0,0.0,0.0,0.0,0.0,0.0,0.0,0.0,0.0,0.0,0.0,0.0,0.0,0.0,0.0,0.0,0.0,0.0,0.0,0.0,0.0,0.0,0.0,0.0,0.0,0.0,0.0,0.0,0.0,0.0,0.0,0.0,0.0,0.0,0.0,0.0,0.0,0.0,0.0,0.0,0.0,0.0,0.0,0.0,0.0,0.0,0.0,0.0,0.0,0.0,0.0,0.0,0.0,0.0,0.0,0.0
0.5055105090141296,0.24005089700222015,-0.5060751438140869,0.9999256134033203,0.5209481120109558,0.2059718817472458,-0.4651433527469635,0.9998466968536377,0.5301557779312134,0.2066333144903183,-0.4652709662914276,0.999864935874939,0.537888765335083,0.20822612941265106,-0.4650096595287323,0.9998090267181396,0.49219682812690735,0.20483706891536713,-0.46915680170059204,0.9998511672019958,0.48178786039352417,0.20536881685256958,-0.46902981400489807,0.9998878240585327,0.4737047851085663,0.20612147450447083,-0.469391405582428,0.9998602867126465,0.5496016144752502,0.2348194122314453,-0.23392431437969208,0.9997790455818176,0.4628741145133972,0.23524409532546997,-0.2511956989765167,0.9998468160629272,0.5222830772399902,0.2891678810119629,-0.4250955581665039,0.99992835521698,0.48625582456588745,0.28884533047676086,-0.4308265745639801,0.9999208450317383,0.609728217124939,0.4892933666706085,-0.1304018795490265,0.9996069073677063,0.4033248722553253,0.49123629927635193,-0.10181919485330582,0.9995304346084595,0.6297916173934937,0.8164888620376587,-0.3754105567932129,0.977191150188446,0.37979283928871155,0.8150277733802795,-0.025897540152072906,0.963042676448822,0.622125506401062,0.6228018999099731,-0.8935020565986633,0.9455230832099915,0.37490028142929077,0.992411196231842,-0.2036789506673813,0.9300333261489868,0.6212554574012756,0.574256181716919,-0.9943320751190186,0.9115490317344666,0.37297093868255615,1.0831995010375977,-0.23964358866214752,0.8914222121238708,0.6194050908088684,0.5423840284347534,-0.968400239944458,0.9184579849243164,0.3779866099357605,1.0673102140426636,-0.2980874478816986,0.9021869897842407,0.6154019236564636,0.5561851263046265,-0.897709310054779,0.9237120151519775,0.38185054063796997,1.0346864461898804,-0.23141932487487793,0.9192914962768555,0.5713193416595459,1.001824975013733,-0.011310283094644547,0.7291621565818787,0.4437076449394226,0.9951779842376709,0.01298076193779707,0.6881892085075378,0.5693768858909607,1.4219098091125488,0.04268450662493706,0.007667753845453262,0.4246201515197754,1.4111216068267822,0.037693727761507034,0.0060293348506093025,0.5581759214401245,1.7748422622680664,0.40907928347587585,0.0009580714977346361,0.42016521096229553,1.7667726278305054,0.32003116607666016,0.0008282761555165052,0.5618227124214172,1.825372576713562,0.42808470129966736,0.0003721375251188874,0.41545140743255615,1.817639946937561,0.33739325404167175,0.0006141181802377105,0.5343248844146729,1.8952254056930542,0.13239479064941406,0.0005325889214873314,0.44361498951911926,1.888450264930725,0.016466494649648666,0.0010990871815010905,0.6298490762710571,0.587761402130127,-8.96123992788489e-08,0.6183661222457886,0.5495654344558716,0.0008878588560037315,0.6093736290931702,0.5058696866035461,-0.0008619519066996872,0.603178858757019,0.4745800197124481,-0.0035312629770487547,0.5977083444595337,0.4525158405303955,-0.006809040438383818,0.622559130191803,0.47726354002952576,-0.0068227569572627544,0.6137495636940002,0.44070494174957275,-0.014568261802196503,0.6065195798873901,0.41274118423461914,-0.018208865076303482,0.6017751693725586,0.39041900634765625,-0.020986169576644897,0.6259977221488953,0.4905175268650055,-0.011870138347148895,0.5924723148345947,0.4833933413028717,-0.021858105435967445,0.5859686732292175,0.5072799921035767,-0.021313097327947617,0.5904791951179504,0.5214239954948425,-0.019800446927547455,0.6255492568016052,0.5132467746734619,-0.017068713903427124,0.5923091173171997,0.5129481554031372,-0.026833772659301758,0.5889499187469482,0.5325050354003906,-0.022325946018099785,0.5950621366500854,0.5406743288040161,-0.017980724573135376,0.6239252686500549,0.5397927165031433,-0.022206025198101997,0.5965047478675842,0.5405920743942261,-0.029473641887307167,0.5942986607551575,0.5544251799583435,-0.027194088324904442,0.6008490920066833,0.5593162775039673,-0.024340108036994934,0.0,0.0,0.0,0.0,0.0,0.0,0.0,0.0,0.0,0.0,0.0,0.0,0.0,0.0,0.0,0.0,0.0,0.0,0.0,0.0,0.0,0.0,0.0,0.0,0.0,0.0,0.0,0.0,0.0,0.0,0.0,0.0,0.0,0.0,0.0,0.0,0.0,0.0,0.0,0.0,0.0,0.0,0.0,0.0,0.0,0.0,0.0,0.0,0.0,0.0,0.0,0.0,0.0,0.0,0.0,0.0,0.0,0.0,0.0,0.0,0.0,0.0,0.0
0.5059319734573364,0.24002434313297272,-0.4871877133846283,0.999927282333374,0.5212820172309875,0.20594458281993866,-0.4463496804237366,0.9998496770858765,0.5305207967758179,0.2065698504447937,-0.4464828372001648,0.9998674392700195,0.5380982756614685,0.20812320709228516,-0.44622278213500977,0.9998121857643127,0.49271857738494873,0.20480875670909882,-0.4511794149875641,0.9998542666435242,0.4823002517223358,0.20534545183181763,-0.4510408341884613,0.9998902082443237,0.47397366166114807,0.20611146092414856,-0.4514138102531433,0.9998635053634644,0.5499956011772156,0.23495252430438995,-0.2176763266324997,0.9997835159301758,0.4632429778575897,0.2353433519601822,-0.23880572617053986,0.9998505711555481,0.5227456092834473,0.2891722023487091,-0.4070174992084503,0.9999295473098755,0.48667821288108826,0.289034366607666,-0.41397520899772644,0.9999222159385681,0.6104294061660767,0.4894009530544281,-0.11700721830129623,0.9995994567871094,0.40353891253471375,0.49114537239074707,-0.09454630315303802,0.9995301961898804,0.630748450756073,0.8185516595840454,-0.36634108424186707,0.9767704606056213,0.37905025482177734,0.8150349855422974,-0.02496645599603653,0.9627673029899597,0.622179388999939,0.6206797957420349,-0.8813976049423218,0.944360077381134,0.37537652254104614,0.9927942156791687,-0.20534992218017578,0.9295438528060913,0.6210107803344727,0.5723273754119873,-0.9818388223648071,0.9102194309234619,0.37435218691825867,1.0839563608169556,-0.2413504421710968,0.891803503036499,0.6193999648094177,0.5403827428817749,-0.9541048407554626,0.917285680770874,0.3788489103317261,1.0678656101226807,-0.2990219295024872,0.902575671672821,0.6154159307479858,0.5535029768943787,-0.8850006461143494,0.9226955771446228,0.38291624188423157,1.0352728366851807,-0.23282118141651154,0.9191906452178955,0.5716851353645325,1.0021603107452393,-0.010178564116358757,0.7232758402824402,0.4436335265636444,0.9951999187469482,0.01184570137411356,0.6819654703140259,0.5705329179763794,1.4226900339126587,0.03199184313416481,0.00730903260409832,0.42564210295677185,1.4108339548110962,0.023071851581335068,0.005763273686170578,0.5601099133491516,1.7760957479476929,0.3896237015724182,0.0009221183718182147,0.4209609627723694,1.7673336267471313,0.2958433926105499,0.0008006586576811969,0.5638377070426941,1.826271653175354,0.4076473116874695,0.00035797167220152915,0.4159596562385559,1.818528175354004,0.3120778501033783,0.000589827133808285,0.5358899831771851,1.8971844911575317,0.11263701319694519,0.0005189358489587903,0.44510379433631897,1.8880672454833984,-0.008278698660433292,0.0010734699899330735,0.6298779845237732,0.5863593220710754,-1.0106966641387771e-07,0.6187458038330078,0.5476750731468201,0.0007321174489334226,0.609839916229248,0.5053889751434326,-0.0013297548284754157,0.6032620072364807,0.47481659054756165,-0.0045087761245667934,0.597441554069519,0.4520229697227478,-0.00826525129377842,0.6233130097389221,0.4764285981655121,-0.0066034127958118916,0.6142964363098145,0.4395339787006378,-0.014765873551368713,0.606882631778717,0.41212448477745056,-0.018800076097249985,0.6019583940505981,0.38975489139556885,-0.02183511294424534,0.6262773275375366,0.49003398418426514,-0.01183379627764225,0.5928370356559753,0.48284947872161865,-0.022782854735851288,0.5861008167266846,0.5074569582939148,-0.02275894209742546,0.5901850461959839,0.5223314166069031,-0.02138715423643589,0.6255038380622864,0.5128884315490723,-0.01728356070816517,0.5924516320228577,0.5134379863739014,-0.02730550803244114,0.5896055698394775,0.5336441397666931,-0.02274852618575096,0.595802903175354,0.5422971248626709,-0.018298359587788582,0.6239357590675354,0.5397196412086487,-0.02277420274913311,0.5971171259880066,0.5403707027435303,-0.02989351563155651,0.5949854850769043,0.5538017153739929,-0.027539866045117378,0.6013545393943787,0.558506965637207,-0.024635951966047287,0.0,0.0,0.0,0.0,0.0,0.0,0.0,0.0,0.0,0.0,0.0,0.0,0.0,0.0,0.0,0.0,0.0,0.0,0.0,0.0,0.0,0.0,0.0,0.0,0.0,0.0,0.0,0.0,0.0,0.0,0.0,0.0,0.0,0.0,0.0,0.0,0.0,0.0,0.0,0.0,0.0,0.0,0.0,0.0,0.0,0.0,0.0,0.0,0.0,0.0,0.0,0.0,0.0,0.0,0.0,0.0,0.0,0.0,0.0,0.0,0.0,0.0,0.0
0.5057277083396912,0.24005499482154846,-0.5009555220603943,0.9999265670776367,0.5211049318313599,0.2059946060180664,-0.4597664475440979,0.9998475313186646,0.5304187536239624,0.2066289186477661,-0.4598957300186157,0.9998658299446106,0.5380426049232483,0.20817068219184875,-0.4596332311630249,0.9998092651367188,0.4924345016479492,0.2048465609550476,-0.4650995433330536,0.9998530745506287,0.4820501208305359,0.20542249083518982,-0.46498972177505493,0.9998898506164551,0.47381171584129333,0.20619823038578033,-0.46536147594451904,0.9998631477355957,0.5498914122581482,0.2351008951663971,-0.22703783214092255,0.9997798204421997,0.4630654454231262,0.23546771705150604,-0.25048187375068665,0.9998499155044556,0.5225613713264465,0.289195716381073,-0.41918590664863586,0.9999278783798218,0.4863680601119995,0.28916099667549133,-0.4267251789569855,0.9999210238456726,0.6099401116371155,0.4894302785396576,-0.11835360527038574,0.9995844960212708,0.40360334515571594,0.4911862909793854,-0.10444946587085724,0.9995197653770447,0.6311329007148743,0.8177099227905273,-0.3710590898990631,0.9761860370635986,0.379933625459671,0.815269947052002,-0.03168557956814766,0.9619147181510925,0.6223967671394348,0.6179587841033936,-0.8898013234138489,0.9438483119010925,0.374839723110199,0.9959339499473572,-0.21063993871212006,0.9288741946220398,0.6214417219161987,0.5678536891937256,-0.9908073544502258,0.9101063013076782,0.37110888957977295,1.0863418579101562,-0.24699878692626953,0.8915984034538269,0.6194741725921631,0.5368342995643616,-0.9635468125343323,0.9172288179397583,0.3776446580886841,1.0719159841537476,-0.30617856979370117,0.9025095701217651,0.6156427264213562,0.5509253740310669,-0.8937315344810486,0.9225255846977234,0.38276320695877075,1.039715051651001,-0.23869037628173828,0.9189198017120361,0.5719267129898071,1.0014675855636597,-0.006997001823037863,0.7158721685409546,0.4443562626838684,0.994938850402832,0.008633560501039028,0.6740517616271973,0.571285605430603,1.423756718635559,0.03728506341576576,0.007378580514341593,0.4263494312763214,1.412165641784668,0.019816812127828598,0.005726710427552462,0.5610235929489136,1.7773048877716064,0.3984237015247345,0.0009381857234984636,0.42198997735977173,1.769459843635559,0.29950276017189026,0.0008103501168079674,0.5649074912071228,1.8280566930770874,0.4167541265487671,0.00036185976932756603,0.4170897901058197,1.821095585823059,0.31642836332321167,0.0005860651144757867,0.5366886258125305,1.8981289863586426,0.12058451026678085,0.0005331458523869514,0.4460238218307495,1.8904931545257568,-0.0053456746973097324,0.0010879008332267404,0.6305644512176514,0.5917602181434631,-1.2170816887646652e-07,0.6179047226905823,0.5518381595611572,0.0009086617501452565,0.6090571880340576,0.5066913962364197,-0.000680387020111084,0.6031145453453064,0.47449707984924316,-0.0033821193501353264,0.5974919199943542,0.44902628660202026,-0.006463977973908186,0.6237152814865112,0.4762552082538605,-0.005831690970808268,0.6152327060699463,0.4394001364707947,-0.013693321496248245,0.607374906539917,0.41136735677719116,-0.017693480476737022,0.6012204885482788,0.38948559761047363,-0.020781060680747032,0.6267449855804443,0.4899251461029053,-0.011187176220119,0.5925624370574951,0.48239338397979736,-0.021806634962558746,0.5867446064949036,0.5073859691619873,-0.0216550100594759,0.5917145609855652,0.5222391486167908,-0.020294062793254852,0.6258715987205505,0.5133779048919678,-0.01681888848543167,0.5923377275466919,0.5129922032356262,-0.026578569784760475,0.590073823928833,0.5333429574966431,-0.021993380039930344,0.5968115925788879,0.5417730212211609,-0.017649391666054726,0.6240186095237732,0.541114330291748,-0.02254262939095497,0.5974045395851135,0.541441798210144,-0.02957768738269806,0.5953994989395142,0.5546164512634277,-0.027386251837015152,0.6017531752586365,0.5595905780792236,-0.02467292733490467,0.0,0.0,0.0,0.0,0.0,0.0,0.0,0.0,0.0,0.0,0.0,0.0,0.0,0.0,0.0,0.0,0.0,0.0,0.0,0.0,0.0,0.0,0.0,0.0,0.0,0.0,0.0,0.0,0.0,0.0,0.0,0.0,0.0,0.0,0.0,0.0,0.0,0.0,0.0,0.0,0.0,0.0,0.0,0.0,0.0,0.0,0.0,0.0,0.0,0.0,0.0,0.0,0.0,0.0,0.0,0.0,0.0,0.0,0.0,0.0,0.0,0.0,0.0
0.5049470067024231,0.2400357574224472,-0.5141002535820007,0.9999244213104248,0.520468533039093,0.20602907240390778,-0.4729762077331543,0.999842643737793,0.5299684405326843,0.20668557286262512,-0.47309592366218567,0.9998615980148315,0.5377897024154663,0.20822906494140625,-0.4728269577026367,0.9998034238815308,0.4915802776813507,0.2048589140176773,-0.4767373502254486,0.9998478293418884,0.48131364583969116,0.20544348657131195,-0.47664451599121094,0.9998857975006104,0.473231703042984,0.20621643960475922,-0.4770253300666809,0.9998579621315002,0.549888551235199,0.23510845005512238,-0.2401147037744522,0.9997723698616028,0.46286964416503906,0.23556560277938843,-0.25647589564323425,0.9998435378074646,0.5220854878425598,0.2892489433288574,-0.4323657155036926,0.9999254941940308,0.4858999252319336,0.2891107201576233,-0.4377470314502716,0.9999183416366577,0.6102665662765503,0.48945844173431396,-0.13045303523540497,0.9995746612548828,0.4038442075252533,0.4911258816719055,-0.10630644112825394,0.9995034337043762,0.6304874420166016,0.81649249792099,-0.37406596541404724,0.9759794473648071,0.3804868459701538,0.8147322535514832,-0.027610408142209053,0.9606525897979736,0.6224623322486877,0.6175649762153625,-0.8859469294548035,0.9437116980552673,0.37448686361312866,0.9958428144454956,-0.20176051557064056,0.9269863963127136,0.6213500499725342,0.567763090133667,-0.9853970408439636,0.909853994846344,0.37006232142448425,1.0858033895492554,-0.237380713224411,0.8894319534301758,0.6194763779640198,0.5366155505180359,-0.9588476419448853,0.9170365929603577,0.37665340304374695,1.0716137886047363,-0.29778000712394714,0.9007871747016907,0.6155636310577393,0.5508515238761902,-0.8897830843925476,0.9220899939537048,0.3824794590473175,1.0398017168045044,-0.23019881546497345,0.9173705577850342,0.5716286897659302,1.0007717609405518,-0.009051328524947166,0.7093411087989807,0.4444577097892761,0.9945300221443176,0.010722610168159008,0.6671810746192932,0.569828987121582,1.4239373207092285,0.03663715347647667,0.007880816236138344,0.4256652295589447,1.4106385707855225,0.01474549900740385,0.006161757279187441,0.5584887862205505,1.7777410745620728,0.39576655626296997,0.0009959695162251592,0.4204346239566803,1.7684913873672485,0.2923092842102051,0.0008702268241904676,0.562201738357544,1.829319953918457,0.41377896070480347,0.00037939148023724556,0.4159204065799713,1.8211849927902222,0.30887219309806824,0.0006286160205490887,0.5341074466705322,1.8990440368652344,0.11755941063165665,0.0005581764853559434,0.4424619674682617,1.889670491218567,-0.01286484394222498,0.0011425242992118,0.6307047009468079,0.5926544070243835,-1.1805732924585755e-07,0.6184751391410828,0.5527735948562622,0.0013504126109182835,0.6095878481864929,0.5075436234474182,-0.000264005153439939,0.6032869815826416,0.47498416900634766,-0.0030158667359501123,0.5976369380950928,0.44952332973480225,-0.006187771447002888,0.6240286231040955,0.47710779309272766,-0.005835397634655237,0.6147834062576294,0.4399678707122803,-0.013426256366074085,0.6073876619338989,0.41177067160606384,-0.017175955697894096,0.60202556848526,0.3894527554512024,-0.020145734772086143,0.6270777583122253,0.49058520793914795,-0.01132440846413374,0.5927817821502686,0.4823795557022095,-0.021500572562217712,0.5871589779853821,0.5069471597671509,-0.02109445631504059,0.592097282409668,0.5217668414115906,-0.019728748127818108,0.6260733008384705,0.5135757923126221,-0.017011821269989014,0.5924548506736755,0.5134037137031555,-0.026339111849665642,0.5905739665031433,0.5335147380828857,-0.021638337522745132,0.5974733233451843,0.5417088866233826,-0.01743827573955059,0.6240065693855286,0.5405815243721008,-0.022744063287973404,0.5972409248352051,0.5413026213645935,-0.02956494875252247,0.5957347750663757,0.5546581149101257,-0.027377983555197716,0.6023057103157043,0.559394359588623,-0.024818608537316322,0.0,0.0,0.0,0.0,0.0,0.0,0.0,0.0,0.0,0.0,0.0,0.0,0.0,0.0,0.0,0.0,0.0,0.0,0.0,0.0,0.0,0.0,0.0,0.0,0.0,0.0,0.0,0.0,0.0,0.0,0.0,0.0,0.0,0.0,0.0,0.0,0.0,0.0,0.0,0.0,0.0,0.0,0.0,0.0,0.0,0.0,0.0,0.0,0.0,0.0,0.0,0.0,0.0,0.0,0.0,0.0,0.0,0.0,0.0,0.0,0.0,0.0,0.0
0.5049511790275574,0.23999938368797302,-0.50710529088974,0.9999240636825562,0.520457923412323,0.20603515207767487,-0.466145783662796,0.9998415112495422,0.5299831628799438,0.20667819678783417,-0.4662587344646454,0.9998610615730286,0.5378105640411377,0.20821455121040344,-0.4659876227378845,0.9998026490211487,0.49152401089668274,0.20482714474201202,-0.47096899151802063,0.9998462796211243,0.4811193346977234,0.20539335906505585,-0.4708632230758667,0.9998844861984253,0.4731582999229431,0.20614071190357208,-0.47124385833740234,0.999855637550354,0.5499711632728577,0.2350200116634369,-0.23354345560073853,0.9997692704200745,0.4627845883369446,0.23551782965660095,-0.25483617186546326,0.999842643737793,0.5221412777900696,0.28926512598991394,-0.42543095350265503,0.9999248385429382,0.48586687445640564,0.2889678180217743,-0.43222352862358093,0.9999179244041443,0.6102874279022217,0.48934635519981384,-0.12346536666154861,0.999574601650238,0.4040628671646118,0.49065935611724854,-0.109833724796772,0.9995014667510986,0.6308187246322632,0.8151306509971619,-0.36231958866119385,0.9760406017303467,0.3809159994125366,0.8154016733169556,-0.03389500081539154,0.9602558016777039,0.6224793195724487,0.6188979744911194,-0.870067298412323,0.9439788460731506,0.3741832673549652,1.0005356073379517,-0.20491476356983185,0.9261767864227295,0.6217159032821655,0.5689059495925903,-0.9687107801437378,0.9101679921150208,0.3690751791000366,1.0911892652511597,-0.240166574716568,0.8884032368659973,0.6196305751800537,0.5377415418624878,-0.9431134462356567,0.9173371195793152,0.3759138286113739,1.0777904987335205,-0.30078694224357605,0.899833083152771,0.6157441735267639,0.5520634651184082,-0.874235212802887,0.9222842454910278,0.38221538066864014,1.0457249879837036,-0.23328359425067902,0.9167270660400391,0.5722239017486572,0.9999350309371948,-0.004456954076886177,0.7081947922706604,0.44479936361312866,0.9940671324729919,0.005953757558017969,0.6669125556945801,0.5720268487930298,1.4220117330551147,0.04721434786915779,0.008014119230210781,0.4271411597728729,1.4098870754241943,0.0168756190687418,0.006259543355554342,0.559343159198761,1.7751294374465942,0.403475284576416,0.001009440398775041,0.42064210772514343,1.7677478790283203,0.29230326414108276,0.0008744472288526595,0.5631359219551086,1.8263617753982544,0.4214766323566437,0.0003857421106658876,0.4157218337059021,1.820472240447998,0.30855029821395874,0.0006365221925079823,0.534363329410553,1.8963567018508911,0.12852756679058075,0.0005651210085488856,0.44269710779190063,1.8888468742370605,-0.01119818165898323,0.0011459895176813006,0.6305040121078491,0.5914275050163269,-1.0707329067827231e-07,0.6178140044212341,0.553674578666687,0.000527848897036165,0.6097438335418701,0.5083823204040527,-0.00129085429944098,0.6047559380531311,0.4740508794784546,-0.004024767316877842,0.6002237200737,0.4485400915145874,-0.007251179311424494,0.6241293549537659,0.4788919687271118,-0.006840508431196213,0.615738570690155,0.4400864839553833,-0.014913665130734444,0.6078495979309082,0.41118794679641724,-0.018762867897748947,0.601840078830719,0.3887880742549896,-0.021631110459566116,0.6277092099189758,0.49181392788887024,-0.011803438887000084,0.5932914018630981,0.4819427728652954,-0.022453147917985916,0.5867140293121338,0.5067703723907471,-0.021802624687552452,0.5913870334625244,0.5223485827445984,-0.020004622638225555,0.6270055770874023,0.514097273349762,-0.017024178057909012,0.5929195880889893,0.5113427639007568,-0.027011295780539513,0.5894477963447571,0.5319417715072632,-0.022089054808020592,0.5956505537033081,0.5409243106842041,-0.017406059429049492,0.624857485294342,0.5405958294868469,-0.02228865772485733,0.5972246527671814,0.5402771830558777,-0.029399242252111435,0.5949566960334778,0.554561197757721,-0.026869265362620354,0.601691722869873,0.5597589612007141,-0.023830225691199303,0.0,0.0,0.0,0.0,0.0,0.0,0.0,0.0,0.0,0.0,0.0,0.0,0.0,0.0,0.0,0.0,0.0,0.0,0.0,0.0,0.0,0.0,0.0,0.0,0.0,0.0,0.0,0.0,0.0,0.0,0.0,0.0,0.0,0.0,0.0,0.0,0.0,0.0,0.0,0.0,0.0,0.0,0.0,0.0,0.0,0.0,0.0,0.0,0.0,0.0,0.0,0.0,0.0,0.0,0.0,0.0,0.0,0.0,0.0,0.0,0.0,0.0,0.0
0.5046043992042542,0.23972852528095245,-0.48960569500923157,0.999922513961792,0.5201285481452942,0.20583419501781464,-0.4486579895019531,0.9998378157615662,0.5295323729515076,0.20634864270687103,-0.4487866163253784,0.999858021736145,0.537487268447876,0.20782308280467987,-0.4485451579093933,0.9997991919517517,0.4911843538284302,0.2046746462583542,-0.4544970691204071,0.9998418688774109,0.48074954748153687,0.20517010986804962,-0.45438283681869507,0.9998805522918701,0.47300228476524353,0.2059035301208496,-0.4547754228115082,0.9998505711555481,0.5496436357498169,0.23474133014678955,-0.21866297721862793,0.9997624158859253,0.4628073275089264,0.23542433977127075,-0.24433861672878265,0.9998372793197632,0.5217888951301575,0.28917890787124634,-0.4089297950267792,0.9999234676361084,0.48581454157829285,0.2884567081928253,-0.4170669615268707,0.9999163150787354,0.6102708578109741,0.4893803298473358,-0.11638959497213364,0.9995688796043396,0.4042561948299408,0.49165722727775574,-0.1042134091258049,0.9994903802871704,0.632383406162262,0.8143835663795471,-0.3666166365146637,0.9760884046554565,0.3809358775615692,0.8168877363204956,-0.03868977725505829,0.9602495431900024,0.6223595142364502,0.6152558922767639,-0.8777504563331604,0.9442017674446106,0.373627632856369,1.0042963027954102,-0.21339227259159088,0.9256187081336975,0.6211195588111877,0.5664592981338501,-0.9770098328590393,0.910210132598877,0.3686089515686035,1.094857096672058,-0.24857507646083832,0.8873055577278137,0.6195715069770813,0.5364246368408203,-0.9481005072593689,0.9173870086669922,0.375343918800354,1.0815199613571167,-0.3084338307380676,0.8986021280288696,0.615045428276062,0.5508033633232117,-0.8808438777923584,0.9222466945648193,0.381892591714859,1.0497245788574219,-0.24143196642398834,0.9157747030258179,0.5732151865959167,1.0001946687698364,-0.004934646654874086,0.7107306718826294,0.44545140862464905,0.9939653277397156,0.006423044018447399,0.6701987385749817,0.5730708241462708,1.4226402044296265,0.04710539057850838,0.00809780228883028,0.42867305874824524,1.4090152978897095,0.030148210003972054,0.006400736514478922,0.5615893006324768,1.7744730710983276,0.4046047627925873,0.0010089766001328826,0.42259934544563293,1.765790581703186,0.3057316541671753,0.0008890078752301633,0.5655410289764404,1.8255778551101685,0.4232395887374878,0.00038498116191476583,0.41709691286087036,1.818365216255188,0.3224504590034485,0.0006526389042846859,0.5369664430618286,1.8961395025253296,0.13497279584407806,0.000563963723834604,0.44593510031700134,1.8870118856430054,0.010093932040035725,0.0011641213204711676,0.6299816370010376,0.5870871543884277,-9.062813433047268e-08,0.6184322237968445,0.5506607294082642,5.102308205096051e-05,0.6110216975212097,0.5060117244720459,-0.0014532911591231823,0.60584956407547,0.4730679988861084,-0.0037374631501734257,0.600251317024231,0.4475478231906891,-0.006595231126993895,0.6226855516433716,0.47716131806373596,-0.007050956133753061,0.6145812273025513,0.438559353351593,-0.01500201877206564,0.6077733039855957,0.41006502509117126,-0.018763771280646324,0.6028925180435181,0.3876781761646271,-0.02145927958190441,0.6264500617980957,0.48948609828948975,-0.01144648902118206,0.5932721495628357,0.4822417199611664,-0.021700700744986534,0.5865965485572815,0.5064574480056763,-0.021219978109002113,0.5911084413528442,0.5217592120170593,-0.01953735016286373,0.6261559724807739,0.5120173692703247,-0.016112996265292168,0.5932649374008179,0.5115404725074768,-0.026185408234596252,0.5892971754074097,0.531322181224823,-0.021867819130420685,0.5949697494506836,0.5402112603187561,-0.017420534044504166,0.6243205666542053,0.5388595461845398,-0.020783783867955208,0.5977451801300049,0.540776789188385,-0.028053587302565575,0.5953558683395386,0.5546692609786987,-0.02587280422449112,0.6016221046447754,0.5596891641616821,-0.022955792024731636,0.0,0.0,0.0,0.0,0.0,0.0,0.0,0.0,0.0,0.0,0.0,0.0,0.0,0.0,0.0,0.0,0.0,0.0,0.0,0.0,0.0,0.0,0.0,0.0,0.0,0.0,0.0,0.0,0.0,0.0,0.0,0.0,0.0,0.0,0.0,0.0,0.0,0.0,0.0,0.0,0.0,0.0,0.0,0.0,0.0,0.0,0.0,0.0,0.0,0.0,0.0,0.0,0.0,0.0,0.0,0.0,0.0,0.0,0.0,0.0,0.0,0.0,0.0
0.5051887631416321,0.23955006897449493,-0.5179697871208191,0.9999203681945801,0.520537793636322,0.2056150585412979,-0.47634804248809814,0.9998335242271423,0.5299596786499023,0.20606207847595215,-0.47648364305496216,0.9998539686203003,0.5377746224403381,0.20751015841960907,-0.47623538970947266,0.9997942447662354,0.49171605706214905,0.204567551612854,-0.4813927710056305,0.9998364448547363,0.48118287324905396,0.2050074189901352,-0.4812970757484436,0.999876081943512,0.4733111262321472,0.2057647556066513,-0.48168426752090454,0.999845027923584,0.5497398376464844,0.23441541194915771,-0.2412085235118866,0.999756395816803,0.4628077447414398,0.2354329526424408,-0.26349717378616333,0.9998290538787842,0.5222070217132568,0.2891376316547394,-0.4354991614818573,0.9999210238456726,0.48629263043403625,0.28836625814437866,-0.4426722228527069,0.9999126195907593,0.610260546207428,0.48955750465393066,-0.13439951837062836,0.9995521903038025,0.4038488566875458,0.49169018864631653,-0.1135251373052597,0.9994568228721619,0.6329842805862427,0.8160285949707031,-0.3868757486343384,0.975835382938385,0.38088592886924744,0.8156994581222534,-0.04225150868296623,0.9598750472068787,0.6224928498268127,0.6163517832756042,-0.9040581583976746,0.9442631006240845,0.3747982978820801,1.0018974542617798,-0.218374565243721,0.926018238067627,0.6212780475616455,0.5682001113891602,-1.0038849115371704,0.910118579864502,0.37120941281318665,1.0925742387771606,-0.2527705430984497,0.8876418471336365,0.6195803880691528,0.5387438535690308,-0.9741078615188599,0.9173735976219177,0.3770299553871155,1.07895028591156,-0.31320032477378845,0.8988955020904541,0.6151329278945923,0.551600992679596,-0.9065731167793274,0.9220978617668152,0.38241323828697205,1.0472816228866577,-0.2463933676481247,0.9158984422683716,0.5723508596420288,1.0005725622177124,-0.008567930199205875,0.7072423100471497,0.4451829195022583,0.99376380443573,0.010197589173913002,0.6656871438026428,0.5712304711341858,1.4238510131835938,0.03661344200372696,0.008406461216509342,0.4271421730518341,1.4098392724990845,0.032023925334215164,0.006735886912792921,0.5593915581703186,1.7756478786468506,0.38932472467422485,0.0010340330190956593,0.42145949602127075,1.766074776649475,0.3029332458972931,0.0009337818482890725,0.5632479786872864,1.8267157077789307,0.40714403986930847,0.00039074503001756966,0.41627824306488037,1.8187590837478638,0.31918779015541077,0.0006837327382527292,0.5353670716285706,1.8979535102844238,0.11698967963457108,0.0005761797074228525,0.44394972920417786,1.8878228664398193,0.006857752799987793,0.0012194657465443015,0.6289420127868652,0.5802872180938721,-9.890166552395385e-08,0.6173572540283203,0.5409552454948425,0.00012775872892234474,0.609902560710907,0.4974392354488373,-0.0021107380744069815,0.6052189469337463,0.46604716777801514,-0.0055114272981882095,0.60099196434021,0.4443078339099884,-0.009556968696415424,0.6221281290054321,0.47086209058761597,-0.0070759886875748634,0.6162943243980408,0.4337300658226013,-0.015091337263584137,0.609390914440155,0.4062911570072174,-0.018680626526474953,0.604066789150238,0.38495683670043945,-0.021354127675294876,0.6261271238327026,0.48477402329444885,-0.012048451229929924,0.5923406481742859,0.4775511622428894,-0.022495372220873833,0.5849332809448242,0.5034087300300598,-0.021780941635370255,0.5881729125976562,0.5192170143127441,-0.019871115684509277,0.6262515783309937,0.5080297589302063,-0.017316246405243874,0.5931831002235413,0.5100584030151367,-0.02681495063006878,0.5900447964668274,0.5302487015724182,-0.02175096794962883,0.5957940220832825,0.5389962196350098,-0.016979845240712166,0.624866247177124,0.5354005694389343,-0.02275044284760952,0.5990858674049377,0.5392490029335022,-0.029269251972436905,0.5969221591949463,0.5518216490745544,-0.0267796590924263,0.602949321269989,0.5555711984634399,-0.02386472187936306,0.0,0.0,0.0,0.0,0.0,0.0,0.0,0.0,0.0,0.0,0.0,0.0,0.0,0.0,0.0,0.0,0.0,0.0,0.0,0.0,0.0,0.0,0.0,0.0,0.0,0.0,0.0,0.0,0.0,0.0,0.0,0.0,0.0,0.0,0.0,0.0,0.0,0.0,0.0,0.0,0.0,0.0,0.0,0.0,0.0,0.0,0.0,0.0,0.0,0.0,0.0,0.0,0.0,0.0,0.0,0.0,0.0,0.0,0.0,0.0,0.0,0.0,0.0
0.5051075220108032,0.2397920936346054,-0.570496141910553,0.9999209046363831,0.5205320119857788,0.20576100051403046,-0.526993453502655,0.9998327493667603,0.5299543738365173,0.20633970201015472,-0.5271335244178772,0.9998525977134705,0.5377892255783081,0.207882359623909,-0.5268517732620239,0.9997923374176025,0.4915527105331421,0.20462313294410706,-0.5334796905517578,0.9998349547386169,0.48103445768356323,0.20511864125728607,-0.533392608165741,0.9998745918273926,0.4730609655380249,0.20588533580303192,-0.5338147282600403,0.9998434782028198,0.5496666431427002,0.23466706275939941,-0.28050726652145386,0.9997541308403015,0.46268078684806824,0.23564007878303528,-0.30642983317375183,0.9998248219490051,0.5218895673751831,0.289289653301239,-0.4827791452407837,0.9999205470085144,0.48602989315986633,0.2890947163105011,-0.4920840561389923,0.9999115467071533,0.6094648838043213,0.4893469214439392,-0.16635626554489136,0.9995423555374146,0.4039406478404999,0.49190622568130493,-0.13766855001449585,0.9994373917579651,0.633259117603302,0.812503457069397,-0.4238950312137604,0.9758668541908264,0.3806930184364319,0.8174149394035339,-0.059234220534563065,0.9603593945503235,0.6229129433631897,0.6167740225791931,-0.9686253070831299,0.9459421038627625,0.374644011259079,1.007246732711792,-0.23846252262592316,0.9266420006752014,0.6221330761909485,0.5666017532348633,-1.0725479125976562,0.9126524925231934,0.3704529404640198,1.0974838733673096,-0.2742084264755249,0.8872638940811157,0.6199468374252319,0.5361824035644531,-1.0431171655654907,0.9197916388511658,0.376403272151947,1.083139181137085,-0.33494049310684204,0.8987535238265991,0.6159408092498779,0.5503109693527222,-0.9717047810554504,0.9240302443504333,0.38238459825515747,1.0521059036254883,-0.2661359906196594,0.9151629209518433,0.5723190903663635,1.000169277191162,-0.013674197718501091,0.6942749619483948,0.44563719630241394,0.9935615658760071,0.015465334057807922,0.6525593996047974,0.5727447271347046,1.4262129068374634,0.026230204850435257,0.008574696257710457,0.4294406771659851,1.412316083908081,0.027189765125513077,0.006996324751526117,0.5613929629325867,1.7765659093856812,0.38850340247154236,0.001049863058142364,0.4228805601596832,1.7692888975143433,0.30792874097824097,0.0009707361459732056,0.5654861330986023,1.8275667428970337,0.40628212690353394,0.0003916009736713022,0.41742628812789917,1.8227856159210205,0.3247801661491394,0.0007195534999482334,0.5362303256988525,1.900517225265503,0.10667456686496735,0.0005863772239536047,0.4455021619796753,1.8928152322769165,0.0022486953530460596,0.0012928203213959932,0.6287809610366821,0.5790969729423523,-9.244983800726914e-08,0.6162087917327881,0.5397084355354309,6.576064333785325e-05,0.6082226037979126,0.4974013864994049,-0.002149134175851941,0.6035100221633911,0.46622246503829956,-0.005307195242494345,0.5998033881187439,0.4415556788444519,-0.009015996940433979,0.6227515339851379,0.4698961675167084,-0.007975155487656593,0.6168165802955627,0.43263518810272217,-0.01649627275764942,0.6108987927436829,0.4044487476348877,-0.02084231749176979,0.6064009070396423,0.3819625675678253,-0.0239921435713768,0.6264829635620117,0.4827974736690521,-0.012948550283908844,0.5936314463615417,0.4755476415157318,-0.0240517258644104,0.58588707447052,0.5003620386123657,-0.023828841745853424,0.5890131592750549,0.5170499682426453,-0.022175230085849762,0.6260048151016235,0.5058972239494324,-0.018191175535321236,0.5931879878044128,0.5070816874504089,-0.028570475056767464,0.5893207788467407,0.5267046689987183,-0.024157382547855377,0.5948914885520935,0.5360364317893982,-0.019576402381062508,0.624317467212677,0.5331765413284302,-0.02349328063428402,0.5981253385543823,0.5360240340232849,-0.030508333817124367,0.5955826640129089,0.548496663570404,-0.028143450617790222,0.601589560508728,0.5530874729156494,-0.025173310190439224,0.0,0.0,0.0,0.0,0.0,0.0,0.0,0.0,0.0,0.0,0.0,0.0,0.0,0.0,0.0,0.0,0.0,0.0,0.0,0.0,0.0,0.0,0.0,0.0,0.0,0.0,0.0,0.0,0.0,0.0,0.0,0.0,0.0,0.0,0.0,0.0,0.0,0.0,0.0,0.0,0.0,0.0,0.0,0.0,0.0,0.0,0.0,0.0,0.0,0.0,0.0,0.0,0.0,0.0,0.0,0.0,0.0,0.0,0.0,0.0,0.0,0.0,0.0
0.5054342150688171,0.23985552787780762,-0.4982697069644928,0.9999204277992249,0.5209375023841858,0.20590652525424957,-0.45626556873321533,0.9998312592506409,0.5304377675056458,0.20662754774093628,-0.45638832449913025,0.9998504519462585,0.5381292700767517,0.2082841843366623,-0.45613545179367065,0.9997901320457458,0.49204570055007935,0.20459243655204773,-0.46139028668403625,0.999832272529602,0.4815634787082672,0.20503520965576172,-0.461276113986969,0.9998717308044434,0.4733140766620636,0.20576167106628418,-0.46166306734085083,0.999840497970581,0.5503937005996704,0.23538519442081451,-0.22347606718540192,0.9997506737709045,0.4627722203731537,0.23560810089111328,-0.24571914970874786,0.9998220205307007,0.5221682190895081,0.2894272804260254,-0.4168761372566223,0.9999198913574219,0.48637935519218445,0.289389967918396,-0.4241567850112915,0.9999098777770996,0.6092386245727539,0.4892430603504181,-0.12231805175542831,0.9995384216308594,0.4035740792751312,0.4921392500400543,-0.1004365012049675,0.9994248151779175,0.6335557103157043,0.8111186027526855,-0.385185569524765,0.9760810732841492,0.3799031972885132,0.8169243931770325,-0.03342873603105545,0.9604196548461914,0.6229993104934692,0.6045385599136353,-0.9055587649345398,0.9481031894683838,0.3742174208164215,1.007254719734192,-0.20438812673091888,0.9257749915122986,0.6220213174819946,0.5519745945930481,-1.0063879489898682,0.9158440232276917,0.3694278299808502,1.0973660945892334,-0.23796091973781586,0.886078417301178,0.6199451684951782,0.519345760345459,-0.972678005695343,0.9227379560470581,0.3759618103504181,1.0833576917648315,-0.29782238602638245,0.8978379964828491,0.6157064437866211,0.5371109843254089,-0.9070107340812683,0.9269342422485352,0.38225215673446655,1.0522500276565552,-0.23209650814533234,0.9143778085708618,0.5719313025474548,1.0011746883392334,-0.014660641551017761,0.6905019283294678,0.44476649165153503,0.993822455406189,0.0163945984095335,0.6469923257827759,0.5709852576255798,1.426142930984497,0.030687298625707626,0.008053109049797058,0.4266498386859894,1.4125447273254395,0.03919129818677902,0.006650310475379229,0.5598983764648438,1.7788631916046143,0.3903270661830902,0.0009702903334982693,0.4213995039463043,1.7683823108673096,0.31530842185020447,0.0008992204675450921,0.5638675093650818,1.8303955793380737,0.40880125761032104,0.0003624195815064013,0.41587263345718384,1.8211817741394043,0.3322024941444397,0.0006738862721249461,0.535394012928009,1.9015812873840332,0.11805704236030579,0.0005450592725537717,0.4451151490211487,1.8911312818527222,0.018581513315439224,0.0012136924779042602,0.6289144158363342,0.5828319787979126,-8.384343175293907e-08,0.6152982711791992,0.5429753065109253,-0.0001976265775738284,0.6071468591690063,0.49756959080696106,-0.0023691828828305006,0.6039804816246033,0.4635845124721527,-0.005258825607597828,0.6014400124549866,0.4379522502422333,-0.008559039793908596,0.6235128045082092,0.4687599837779999,-0.007537625730037689,0.618135929107666,0.43084606528282166,-0.016130056232213974,0.6129492521286011,0.4024921655654907,-0.020493026822805405,0.609143853187561,0.37968114018440247,-0.02366998791694641,0.6277388334274292,0.4810953140258789,-0.012143234722316265,0.5942073464393616,0.4718717634677887,-0.02289564348757267,0.5855217576026917,0.4964345395565033,-0.02229807712137699,0.5881890058517456,0.512432336807251,-0.020468808710575104,0.6271595358848572,0.5034645199775696,-0.01712927035987377,0.5939627885818481,0.5031558871269226,-0.02769319713115692,0.5896913409233093,0.523032009601593,-0.023187534883618355,0.5953008532524109,0.5324844717979431,-0.01844845525920391,0.6248214244842529,0.5296941995620728,-0.022184716537594795,0.5984667539596558,0.5316258668899536,-0.030042223632335663,0.5955773591995239,0.5453532934188843,-0.028104223310947418,0.6014705896377563,0.5508192777633667,-0.025220030918717384,0.0,0.0,0.0,0.0,0.0,0.0,0.0,0.0,0.0,0.0,0.0,0.0,0.0,0.0,0.0,0.0,0.0,0.0,0.0,0.0,0.0,0.0,0.0,0.0,0.0,0.0,0.0,0.0,0.0,0.0,0.0,0.0,0.0,0.0,0.0,0.0,0.0,0.0,0.0,0.0,0.0,0.0,0.0,0.0,0.0,0.0,0.0,0.0,0.0,0.0,0.0,0.0,0.0,0.0,0.0,0.0,0.0,0.0,0.0,0.0,0.0,0.0,0.0
0.5052834153175354,0.23986081779003143,-0.4884096384048462,0.9999093413352966,0.5209697484970093,0.2059204876422882,-0.4470939040184021,0.9998102188110352,0.5303891897201538,0.20664134621620178,-0.4472009837627411,0.9998301267623901,0.5381819009780884,0.20829373598098755,-0.4469456672668457,0.9997634887695312,0.4921444058418274,0.20455673336982727,-0.451388418674469,0.9998117089271545,0.481760710477829,0.2049795687198639,-0.45128241181373596,0.9998567700386047,0.47329771518707275,0.205663800239563,-0.4516441226005554,0.9998252391815186,0.5508349537849426,0.23593458533287048,-0.21638613939285278,0.9997243881225586,0.46263745427131653,0.2357056736946106,-0.2345866858959198,0.9997950792312622,0.5223726630210876,0.2895055115222931,-0.40788793563842773,0.9999069571495056,0.4864373803138733,0.2895376682281494,-0.41379687190055847,0.9998929500579834,0.6097784638404846,0.489412784576416,-0.11771972477436066,0.999508798122406,0.40333256125450134,0.49252307415008545,-0.09495322406291962,0.9993776082992554,0.6344488263130188,0.8091862201690674,-0.390148788690567,0.9758709669113159,0.3793298006057739,0.8145826458930969,-0.035934485495090485,0.9613998532295227,0.6225315928459167,0.6021087765693665,-0.919230580329895,0.948691189289093,0.37599197030067444,0.9959951639175415,-0.2201329916715622,0.9297847151756287,0.6218106746673584,0.5486927032470703,-1.020780324935913,0.9172669053077698,0.3733648359775543,1.0856709480285645,-0.25592702627182007,0.8915786147117615,0.619971513748169,0.5167471170425415,-0.9873937368392944,0.9240546822547913,0.3792143762111664,1.0691908597946167,-0.31241267919540405,0.9027237892150879,0.6152148842811584,0.5351927280426025,-0.9207385182380676,0.9284514784812927,0.3837103247642517,1.0378992557525635,-0.24675200879573822,0.9184334874153137,0.5730865597724915,1.003004550933838,-0.014282751828432083,0.692396342754364,0.44431301951408386,0.9949309229850769,0.015880215913057327,0.6477603912353516,0.5704366564750671,1.4273748397827148,0.04335882514715195,0.00793442502617836,0.42504993081092834,1.4141093492507935,0.04291403666138649,0.006701608654111624,0.5586567521095276,1.7815004587173462,0.4143552780151367,0.0009227563859894872,0.42066526412963867,1.7703832387924194,0.32558682560920715,0.0008562270668335259,0.5625184178352356,1.8335497379302979,0.4343900680541992,0.0003439683641772717,0.415528267621994,1.82297945022583,0.3440377414226532,0.0006496033747680485,0.5345360636711121,1.903020977973938,0.1457732766866684,0.0005157584673725069,0.444999635219574,1.8937956094741821,0.030590511858463287,0.0011500809341669083,0.6292836666107178,0.5796129107475281,-9.829349778556207e-08,0.614324152469635,0.5390603542327881,0.0019275222439318895,0.6066686511039734,0.4927554726600647,0.000630221504252404,0.6034654974937439,0.45992612838745117,-0.0022784536704421043,0.601883590221405,0.4354530870914459,-0.0057352567091584206,0.6229730844497681,0.46297982335090637,-0.004022965207695961,0.6204335689544678,0.42368268966674805,-0.01159869134426117,0.6153821349143982,0.39549320936203003,-0.015054617077112198,0.6117266416549683,0.373771071434021,-0.01756768301129341,0.6274911761283875,0.4752587080001831,-0.00988958403468132,0.5940263271331787,0.46140679717063904,-0.02056128717958927,0.5842293500900269,0.4875805675983429,-0.019972505047917366,0.5862159729003906,0.5058771371841431,-0.017728742212057114,0.627349853515625,0.49718737602233887,-0.016069671139121056,0.5933447480201721,0.49376463890075684,-0.02574477158486843,0.5885314345359802,0.5146467685699463,-0.021067459136247635,0.5939091444015503,0.525420069694519,-0.01621309667825699,0.6253766417503357,0.5228382349014282,-0.022243110463023186,0.5984035730361938,0.5232764482498169,-0.0285977590829134,0.5954180359840393,0.5366207957267761,-0.026108596473932266,0.6016454696655273,0.5422126054763794,-0.023016374558210373,0.0,0.0,0.0,0.0,0.0,0.0,0.0,0.0,0.0,0.0,0.0,0.0,0.0,0.0,0.0,0.0,0.0,0.0,0.0,0.0,0.0,0.0,0.0,0.0,0.0,0.0,0.0,0.0,0.0,0.0,0.0,0.0,0.0,0.0,0.0,0.0,0.0,0.0,0.0,0.0,0.0,0.0,0.0,0.0,0.0,0.0,0.0,0.0,0.0,0.0,0.0,0.0,0.0,0.0,0.0,0.0,0.0,0.0,0.0,0.0,0.0,0.0,0.0
0.505641520023346,0.2397625744342804,-0.47669485211372375,0.9999045729637146,0.5214425325393677,0.2059336155653,-0.43421077728271484,0.9998024106025696,0.5306551456451416,0.2066420465707779,-0.4343090355396271,0.9998209476470947,0.5384067296981812,0.20823711156845093,-0.43403324484825134,0.9997520446777344,0.49293428659439087,0.20447802543640137,-0.4395018517971039,0.9998050332069397,0.4827304780483246,0.20485670864582062,-0.4393705427646637,0.9998525977134705,0.4739307463169098,0.20549340546131134,-0.4397193491458893,0.9998229146003723,0.550969123840332,0.23608069121837616,-0.20277363061904907,0.9997155070304871,0.4631626009941101,0.23572896420955658,-0.2271318882703781,0.9997842311859131,0.5227669477462769,0.28960123658180237,-0.3965114951133728,0.9998995661735535,0.4867438077926636,0.2893882393836975,-0.404410183429718,0.9998825788497925,0.6087121367454529,0.4895991086959839,-0.11012522131204605,0.99950110912323,0.40307918190956116,0.4915730655193329,-0.08622977882623672,0.999356210231781,0.6359738707542419,0.8041624426841736,-0.3847767114639282,0.976134181022644,0.3787286877632141,0.8105065822601318,-0.02232622727751732,0.9638075828552246,0.6233454346656799,0.6003707051277161,-0.9205731749534607,0.9502591490745544,0.3770667612552643,0.9813011884689331,-0.20405596494674683,0.9353340268135071,0.6239224076271057,0.5482784509658813,-1.0241914987564087,0.9201019406318665,0.3758094906806946,1.071654200553894,-0.23985400795936584,0.8997679948806763,0.6202148795127869,0.512966513633728,-0.991419792175293,0.9266951084136963,0.3817377984523773,1.0532070398330688,-0.2939593493938446,0.9098453521728516,0.6156817674636841,0.5315172076225281,-0.9222800731658936,0.9310498237609863,0.3853621184825897,1.021770715713501,-0.22945921123027802,0.9243438839912415,0.572646975517273,1.0036449432373047,-0.013021616265177727,0.7045212984085083,0.4440550208091736,0.9952557682991028,0.014528141357004642,0.6591848134994507,0.5705221891403198,1.4240363836288452,0.0560079962015152,0.007817305624485016,0.42581743001937866,1.412691593170166,0.05449084937572479,0.006748560816049576,0.5586835741996765,1.7767053842544556,0.4242454469203949,0.0008877754444256425,0.4219168722629547,1.7672184705734253,0.3332849144935608,0.000826922943815589,0.5622956156730652,1.8268001079559326,0.44476455450057983,0.0003291703760623932,0.4165991544723511,1.8171296119689941,0.3513179421424866,0.000634266238193959,0.5352827310562134,1.896810531616211,0.16165532171726227,0.0004956198390573263,0.44740837812423706,1.890231728553772,0.03931645676493645,0.0011076824739575386,0.6273338198661804,0.5685669183731079,-9.750088025839432e-08,0.6142823696136475,0.529198408126831,0.0010291947983205318,0.6075534224510193,0.4830648899078369,-0.00046551256673410535,0.6048455834388733,0.45010754466056824,-0.0033472557552158833,0.6029758453369141,0.4261796474456787,-0.0068267956376075745,0.6221937537193298,0.455083429813385,-0.005457659717649221,0.6199793815612793,0.41571280360221863,-0.01331437099725008,0.6158701777458191,0.3871719241142273,-0.01697242073714733,0.6127175092697144,0.365316241979599,-0.019591327756643295,0.6262096166610718,0.4675081670284271,-0.010706575587391853,0.5935458540916443,0.45515120029449463,-0.0215318463742733,0.584004282951355,0.4808899760246277,-0.021011754870414734,0.5853913426399231,0.4995569884777069,-0.01880691386759281,0.6259292364120483,0.4894116222858429,-0.016301574185490608,0.5934801697731018,0.4867635667324066,-0.026012541726231575,0.5891314744949341,0.5068238377571106,-0.021521469578146935,0.5939694046974182,0.5178377628326416,-0.016794120892882347,0.6242156624794006,0.5146369338035583,-0.021950194612145424,0.5987079739570618,0.5161345601081848,-0.028374742716550827,0.596168041229248,0.5284491777420044,-0.026151739060878754,0.6021135449409485,0.5330550074577332,-0.023267164826393127,0.0,0.0,0.0,0.0,0.0,0.0,0.0,0.0,0.0,0.0,0.0,0.0,0.0,0.0,0.0,0.0,0.0,0.0,0.0,0.0,0.0,0.0,0.0,0.0,0.0,0.0,0.0,0.0,0.0,0.0,0.0,0.0,0.0,0.0,0.0,0.0,0.0,0.0,0.0,0.0,0.0,0.0,0.0,0.0,0.0,0.0,0.0,0.0,0.0,0.0,0.0,0.0,0.0,0.0,0.0,0.0,0.0,0.0,0.0,0.0,0.0,0.0,0.0
0.5060000419616699,0.24028459191322327,-0.4425843060016632,0.9999027848243713,0.5217264890670776,0.20652902126312256,-0.4007984399795532,0.9997982978820801,0.5307791829109192,0.2076459527015686,-0.40089961886405945,0.9998164772987366,0.5384926199913025,0.20947054028511047,-0.40063244104385376,0.9997467994689941,0.4937419891357422,0.2048395872116089,-0.4090407192707062,0.9998016357421875,0.48369404673576355,0.20524856448173523,-0.4089255630970001,0.999850332736969,0.47451338171958923,0.20582319796085358,-0.4092978239059448,0.9998216032981873,0.5509160757064819,0.23709699511528015,-0.17518635094165802,0.9997101426124573,0.46383699774742126,0.23596905171871185,-0.21239390969276428,0.9997803568840027,0.5224826335906982,0.28990164399147034,-0.36401259899139404,0.9998953938484192,0.48672208189964294,0.2899414896965027,-0.37582260370254517,0.9998763799667358,0.6090243458747864,0.48970550298690796,-0.08675457537174225,0.9995059967041016,0.4038292467594147,0.49101489782333374,-0.08736460655927658,0.9993615746498108,0.6363204717636108,0.8011782169342041,-0.3695264160633087,0.9765363931655884,0.37936931848526,0.8089181780815125,-0.025894278660416603,0.9644602537155151,0.6240397691726685,0.5824006199836731,-0.8895918130874634,0.95210862159729,0.3775430917739868,0.9923081994056702,-0.17568659782409668,0.9370588660240173,0.6234696507453918,0.5241595506668091,-0.9879308342933655,0.9234516024589539,0.37453368306159973,1.081705093383789,-0.20504723489284515,0.9032406210899353,0.6202083230018616,0.48791125416755676,-0.9511913061141968,0.9298042058944702,0.3819948434829712,1.0671775341033936,-0.258931040763855,0.913008451461792,0.6156655550003052,0.5136132836341858,-0.8900547027587891,0.9343174695968628,0.3859351575374603,1.0364536046981812,-0.20028738677501678,0.926816999912262,0.5740172266960144,1.0032906532287598,-0.009727018885314465,0.7057393789291382,0.444185346364975,0.9957464337348938,0.010975655168294907,0.6607509255409241,0.5718774199485779,1.423469066619873,0.0445379763841629,0.007060337346047163,0.4290205240249634,1.4088952541351318,0.03203045576810837,0.006179473828524351,0.5604274272918701,1.7749890089035034,0.3806586265563965,0.0007931700674816966,0.42457130551338196,1.7623037099838257,0.28427743911743164,0.0007365549681708217,0.5644616484642029,1.823983907699585,0.3981567621231079,0.0002984658640343696,0.41858676075935364,1.8113435506820679,0.29922667145729065,0.0005785117973573506,0.5361993312835693,1.8942570686340332,0.1194852888584137,0.000453146145446226,0.4499036371707916,1.883476734161377,-0.003832690417766571,0.0010136704659089446,0.6271247863769531,0.5684000849723816,-1.06696177226695e-07,0.6118938326835632,0.5300336480140686,0.0014755654847249389,0.6057438850402832,0.48374834656715393,0.0004681280115619302,0.6039286851882935,0.44991999864578247,-0.00198398157954216,0.6038910150527954,0.4249200224876404,-0.0048384894616901875,0.6223553419113159,0.45104241371154785,-0.003730017226189375,0.6202669739723206,0.4090757966041565,-0.011088875122368336,0.6169486045837402,0.3795820474624634,-0.014735187403857708,0.613968014717102,0.356400728225708,-0.017464654520154,0.6265621781349182,0.4612836241722107,-0.008824828080832958,0.5946359038352966,0.4466143250465393,-0.019536735489964485,0.5844804644584656,0.4715205132961273,-0.01976078562438488,0.584857165813446,0.4913780987262726,-0.01814938522875309,0.6261363625526428,0.48058003187179565,-0.01419687271118164,0.5942842960357666,0.4750382602214813,-0.02387847565114498,0.5894151329994202,0.49621403217315674,-0.019823886454105377,0.593392014503479,0.5097236633300781,-0.015322311781346798,0.6238880753517151,0.5036706328392029,-0.019602792337536812,0.5989014506340027,0.5023732781410217,-0.025996927171945572,0.5958512425422668,0.5161917209625244,-0.023887641727924347,0.6009964346885681,0.523637056350708,-0.02095099352300167,0.0,0.0,0.0,0.0,0.0,0.0,0.0,0.0,0.0,0.0,0.0,0.0,0.0,0.0,0.0,0.0,0.0,0.0,0.0,0.0,0.0,0.0,0.0,0.0,0.0,0.0,0.0,0.0,0.0,0.0,0.0,0.0,0.0,0.0,0.0,0.0,0.0,0.0,0.0,0.0,0.0,0.0,0.0,0.0,0.0,0.0,0.0,0.0,0.0,0.0,0.0,0.0,0.0,0.0,0.0,0.0,0.0,0.0,0.0,0.0,0.0,0.0,0.0
0.5060009956359863,0.24097543954849243,-0.4424182176589966,0.9999039769172668,0.5217839479446411,0.20737852156162262,-0.40001410245895386,0.9997991323471069,0.5306318998336792,0.20884336531162262,-0.40012410283088684,0.999815821647644,0.5383794903755188,0.21076707541942596,-0.39986878633499146,0.9997473955154419,0.49395179748535156,0.20545275509357452,-0.40926310420036316,0.9998028874397278,0.4839734137058258,0.20596829056739807,-0.4091675579547882,0.9998506307601929,0.474812775850296,0.20652855932712555,-0.4095388948917389,0.9998235106468201,0.5508604049682617,0.2378789484500885,-0.17136989533901215,0.9997105002403259,0.46431729197502136,0.23672932386398315,-0.21257995069026947,0.9997802972793579,0.5220319628715515,0.29028117656707764,-0.36264944076538086,0.9998945593833923,0.4867667853832245,0.29082611203193665,-0.3755020201206207,0.9998754262924194,0.6078777313232422,0.4896535873413086,-0.08076059073209763,0.9995119571685791,0.404226154088974,0.4919309914112091,-0.08567207306623459,0.9993653297424316,0.6387621164321899,0.7953514456748962,-0.36222273111343384,0.9766602516174316,0.37832215428352356,0.8083727359771729,-0.01977267861366272,0.9646270275115967,0.6253530383110046,0.5728201270103455,-0.8770246505737305,0.95335853099823,0.37592801451683044,1.000698447227478,-0.16547589004039764,0.935210645198822,0.6249629259109497,0.511286199092865,-0.974683940410614,0.926179051399231,0.3710547387599945,1.0898791551589966,-0.19354753196239471,0.9010491967201233,0.6202146410942078,0.4724885821342468,-0.9361010789871216,0.9325482845306396,0.3794170320034027,1.0772355794906616,-0.2517799735069275,0.9112522602081299,0.6155840754508972,0.501488983631134,-0.8768696188926697,0.9369857907295227,0.3849710524082184,1.0468859672546387,-0.19176539778709412,0.92531818151474,0.5750159025192261,1.002943515777588,-0.00958483386784792,0.6944637298583984,0.44624388217926025,0.9968659281730652,0.010827233083546162,0.6482123136520386,0.576744794845581,1.4233379364013672,0.02495548315346241,0.006349665112793446,0.4344996213912964,1.4091572761535645,0.016404028981924057,0.005610795225948095,0.5652802586555481,1.7764253616333008,0.3482036888599396,0.0006996194133535028,0.42838773131370544,1.7645081281661987,0.2525816857814789,0.0006524136406369507,0.5695533752441406,1.8250682353973389,0.3642669916152954,0.0002669241512194276,0.4216248095035553,1.815151572227478,0.2655054032802582,0.0005259320023469627,0.5405498743057251,1.897538423538208,0.08657654374837875,0.00040945937507785857,0.45329752564430237,1.8853132724761963,-0.03584259748458862,0.0009267436689697206,0.6259850263595581,0.5598673820495605,-1.1138828881485097e-07,0.6106298565864563,0.5214508175849915,0.0018869279883801937,0.6046653985977173,0.476103812456131,0.0008756492752581835,0.6031760573387146,0.4446287155151367,-0.0017316123703494668,0.6024376153945923,0.42087411880493164,-0.004881875589489937,0.6213052272796631,0.44061553478240967,-0.0032728228252381086,0.6206392049789429,0.39772725105285645,-0.010313060134649277,0.6173866391181946,0.36810213327407837,-0.01388197299093008,0.6143636703491211,0.34481537342071533,-0.016589811071753502,0.6263790726661682,0.450602263212204,-0.008573267608880997,0.594967246055603,0.4336540997028351,-0.018737448379397392,0.5837409496307373,0.4593864679336548,-0.018976744264364243,0.5833098292350769,0.48029598593711853,-0.01747206598520279,0.626697301864624,0.4697861075401306,-0.014089951291680336,0.59500652551651,0.4618474245071411,-0.02346639148890972,0.5884544849395752,0.48383471369743347,-0.01950947754085064,0.5913193821907043,0.4987180233001709,-0.015111627988517284,0.6250279545783997,0.49274536967277527,-0.01957530714571476,0.5995268821716309,0.4888726472854614,-0.025766314938664436,0.595352053642273,0.50341796875,-0.02330559305846691,0.5998179912567139,0.51282799243927,-0.020118286833167076,0.0,0.0,0.0,0.0,0.0,0.0,0.0,0.0,0.0,0.0,0.0,0.0,0.0,0.0,0.0,0.0,0.0,0.0,0.0,0.0,0.0,0.0,0.0,0.0,0.0,0.0,0.0,0.0,0.0,0.0,0.0,0.0,0.0,0.0,0.0,0.0,0.0,0.0,0.0,0.0,0.0,0.0,0.0,0.0,0.0,0.0,0.0,0.0,0.0,0.0,0.0,0.0,0.0,0.0,0.0,0.0,0.0,0.0,0.0,0.0,0.0,0.0,0.0
0.5072242617607117,0.24155984818935394,-0.4275321066379547,0.9999005198478699,0.5225169062614441,0.20804771780967712,-0.38547274470329285,0.999791145324707,0.5312352180480957,0.2096196562051773,-0.3855791985988617,0.9998079538345337,0.5386978983879089,0.21155479550361633,-0.3853248655796051,0.9997390508651733,0.4952279031276703,0.20601549744606018,-0.3958064615726471,0.9997937083244324,0.48511573672294617,0.20664724707603455,-0.39569586515426636,0.9998428225517273,0.47564226388931274,0.2072639912366867,-0.3960895240306854,0.9998160004615784,0.5508957505226135,0.23814864456653595,-0.15995502471923828,0.9997007250785828,0.4646807312965393,0.23781277239322662,-0.2057752162218094,0.9997689127922058,0.5228707790374756,0.2908162772655487,-0.34885069727897644,0.99988853931427,0.4880351424217224,0.29138290882110596,-0.36301329731941223,0.9998675584793091,0.606995701789856,0.48959481716156006,-0.07387162744998932,0.9995043873786926,0.405079185962677,0.4926639795303345,-0.08449704200029373,0.9993395209312439,0.640231728553772,0.7923505902290344,-0.3648640811443329,0.9768583178520203,0.3788485527038574,0.808014452457428,-0.02931005135178566,0.964592456817627,0.6252680420875549,0.5561771988868713,-0.8817619681358337,0.954656720161438,0.37658751010894775,1.0030759572982788,-0.17292068898677826,0.9334712028503418,0.6235500574111938,0.4890713095664978,-0.9788071513175964,0.9287452697753906,0.374152809381485,1.0924769639968872,-0.19963298738002777,0.8982931971549988,0.6197856068611145,0.45264098048210144,-0.9371858239173889,0.9350976943969727,0.3817264437675476,1.0799059867858887,-0.2577170133590698,0.9088661074638367,0.6150922179222107,0.48414352536201477,-0.8806155323982239,0.9394857883453369,0.38693922758102417,1.0497685670852661,-0.19894449412822723,0.9235255122184753,0.5739843249320984,1.0026507377624512,-0.008995190262794495,0.6828610897064209,0.4462146759033203,0.9969804286956787,0.01039592269808054,0.6341618895530701,0.5757388472557068,1.42409086227417,0.02291124314069748,0.005851643159985542,0.4340408146381378,1.408082127571106,0.016204172745347023,0.005224436987191439,0.5635901689529419,1.7775962352752686,0.34164610505104065,0.0006305289571173489,0.42794883251190186,1.7637648582458496,0.24881687760353088,0.0005875116330571473,0.567865252494812,1.8264248371124268,0.35732290148735046,0.0002447255828883499,0.4211229085922241,1.8148428201675415,0.26187676191329956,0.0004899542545899749,0.5395775437355042,1.8982751369476318,0.08169478923082352,0.00037673572660423815,0.45274436473846436,1.8838814496994019,-0.03622863069176674,0.000856660190038383,0.6255745887756348,0.5540345311164856,-9.98226354909093e-08,0.6076980829238892,0.5163522958755493,0.00293385935947299,0.6017228960990906,0.47071948647499084,0.0020828715059906244,0.6003703474998474,0.4395131766796112,-0.0007090028375387192,0.5994426608085632,0.4147145748138428,-0.004170663189142942,0.6198897957801819,0.430310994386673,-0.0018503769533708692,0.6195465326309204,0.3856232464313507,-0.008369873277842999,0.6162109971046448,0.355031281709671,-0.01155801210552454,0.6135365962982178,0.3310304582118988,-0.013997741974890232,0.6258342266082764,0.4393836557865143,-0.007751534692943096,0.5935414433479309,0.4222813844680786,-0.017259225249290466,0.583051323890686,0.4500127136707306,-0.017382539808750153,0.5837595462799072,0.4716864824295044,-0.01570727303624153,0.6270160675048828,0.4585769772529602,-0.013780619949102402,0.5947800874710083,0.4514458477497101,-0.02302589826285839,0.5883850455284119,0.4753077030181885,-0.019056877121329308,0.5919922590255737,0.4911675751209259,-0.01435095351189375,0.6258067488670349,0.4813312888145447,-0.019653066992759705,0.5997980833053589,0.47643351554870605,-0.025642020627856255,0.596002995967865,0.49225130677223206,-0.02279927395284176,0.6009723544120789,0.5033628344535828,-0.019157668575644493,0.0,0.0,0.0,0.0,0.0,0.0,0.0,0.0,0.0,0.0,0.0,0.0,0.0,0.0,0.0,0.0,0.0,0.0,0.0,0.0,0.0,0.0,0.0,0.0,0.0,0.0,0.0,0.0,0.0,0.0,0.0,0.0,0.0,0.0,0.0,0.0,0.0,0.0,0.0,0.0,0.0,0.0,0.0,0.0,0.0,0.0,0.0,0.0,0.0,0.0,0.0,0.0,0.0,0.0,0.0,0.0,0.0,0.0,0.0,0.0,0.0,0.0,0.0
0.5067560076713562,0.24159252643585205,-0.4093760848045349,0.9998930096626282,0.5216150283813477,0.20841272175312042,-0.3675958514213562,0.9997748136520386,0.5302109122276306,0.20992791652679443,-0.3677002787590027,0.9997934699058533,0.5378686189651489,0.21185113489627838,-0.3674577474594116,0.9997230768203735,0.4944915771484375,0.20641592144966125,-0.3776533007621765,0.9997758269309998,0.4844276010990143,0.2071526050567627,-0.37754902243614197,0.9998281002044678,0.47497794032096863,0.207929328083992,-0.3779270350933075,0.9998006820678711,0.5501731038093567,0.2382516711950302,-0.14723701775074005,0.999680757522583,0.46398305892944336,0.23885472118854523,-0.1910950243473053,0.9997477531433105,0.5226671099662781,0.29075202345848083,-0.33282652497291565,0.9998759627342224,0.48785197734832764,0.29085636138916016,-0.3463764190673828,0.9998513460159302,0.6059062480926514,0.4896664619445801,-0.06674730777740479,0.9994845390319824,0.4050709903240204,0.49289670586586,-0.07770375907421112,0.9992990493774414,0.6400882601737976,0.7911288142204285,-0.3561221659183502,0.9769407510757446,0.3802494704723358,0.8061321973800659,-0.01628788188099861,0.9637344479560852,0.6246119141578674,0.536804735660553,-0.8522266149520874,0.9558421969413757,0.37709781527519226,0.9988718628883362,-0.14035001397132874,0.9302976727485657,0.6216622591018677,0.46548399329185486,-0.9448819756507874,0.931228756904602,0.3745611608028412,1.0883909463882446,-0.164295494556427,0.8942123055458069,0.618989884853363,0.4339958131313324,-0.9041264653205872,0.9375393390655518,0.38225072622299194,1.0778037309646606,-0.22196835279464722,0.9054722189903259,0.6144981384277344,0.4641493260860443,-0.8509535193443298,0.9421516060829163,0.38752689957618713,1.047600269317627,-0.16608276963233948,0.9206655025482178,0.5731627345085144,1.0013904571533203,-0.007399328984320164,0.6751866936683655,0.4466626048088074,0.9961963891983032,0.00878874585032463,0.6233091354370117,0.5743405818939209,1.4228920936584473,0.012938353233039379,0.00537342531606555,0.4351658225059509,1.4043760299682617,-0.012458711862564087,0.004864903632551432,0.5620414614677429,1.7787203788757324,0.3124915659427643,0.0005574609385803342,0.4276076853275299,1.7635442018508911,0.19701986014842987,0.0005215733544901013,0.5663886666297913,1.827305555343628,0.32598036527633667,0.00022206649009604007,0.4205269515514374,1.8148975372314453,0.20819739997386932,0.0004476380709093064,0.5376306772232056,1.8977320194244385,0.052575238049030304,0.00034278459497727454,0.45233696699142456,1.882573127746582,-0.08958938717842102,0.0007840908947400749,0.6250572800636292,0.540980875492096,-1.0601220168382497e-07,0.6067395806312561,0.5052770972251892,0.0033982922323048115,0.600256085395813,0.4646959900856018,0.002506391843780875,0.5971368551254272,0.43897199630737305,-0.0005903981509618461,0.5935549736022949,0.41966262459754944,-0.004356526769697666,0.6188235878944397,0.417593389749527,-0.001012815861031413,0.6185846924781799,0.37247368693351746,-0.007516005076467991,0.6155229210853577,0.34215205907821655,-0.011002670042216778,0.6127725839614868,0.3186551034450531,-0.013502096757292747,0.6247090101242065,0.42599382996559143,-0.007128864526748657,0.5933539867401123,0.40732526779174805,-0.016826322302222252,0.5819167494773865,0.43355271220207214,-0.01728365197777748,0.5815585851669312,0.45597535371780396,-0.015519512817263603,0.6260493397712708,0.44468867778778076,-0.013307172805070877,0.5949394106864929,0.4358862042427063,-0.022413885220885277,0.5872018337249756,0.4582909941673279,-0.018729908391833305,0.5895450711250305,0.4754091799259186,-0.013935294933617115,0.6248356699943542,0.4671974182128906,-0.019318949431180954,0.600119948387146,0.4601101875305176,-0.024932585656642914,0.5946268439292908,0.47516992688179016,-0.021751703694462776,0.5978986620903015,0.48807454109191895,-0.01761080138385296,0.0,0.0,0.0,0.0,0.0,0.0,0.0,0.0,0.0,0.0,0.0,0.0,0.0,0.0,0.0,0.0,0.0,0.0,0.0,0.0,0.0,0.0,0.0,0.0,0.0,0.0,0.0,0.0,0.0,0.0,0.0,0.0,0.0,0.0,0.0,0.0,0.0,0.0,0.0,0.0,0.0,0.0,0.0,0.0,0.0,0.0,0.0,0.0,0.0,0.0,0.0,0.0,0.0,0.0,0.0,0.0,0.0,0.0,0.0,0.0,0.0,0.0,0.0
0.5074322819709778,0.24205370247364044,-0.38248351216316223,0.9998793005943298,0.5217666029930115,0.20926275849342346,-0.3428701162338257,0.9997419118881226,0.5302769541740417,0.2107822448015213,-0.342967689037323,0.9997640252113342,0.5378795862197876,0.21264871954917908,-0.34271755814552307,0.9996881484985352,0.4953567683696747,0.20736578106880188,-0.3519223630428314,0.9997435808181763,0.4852231740951538,0.2085166871547699,-0.3517915904521942,0.999803900718689,0.47569936513900757,0.20972007513046265,-0.3521498143672943,0.9997761249542236,0.5499967336654663,0.23835816979408264,-0.13282939791679382,0.9996433854103088,0.4645769000053406,0.24070654809474945,-0.17914912104606628,0.9997091293334961,0.5230063796043396,0.2908623218536377,-0.310059130191803,0.9998524785041809,0.4888099431991577,0.2914193868637085,-0.3225635290145874,0.9998199939727783,0.6063327789306641,0.4879217743873596,-0.06451637297868729,0.9994484782218933,0.4055812954902649,0.4925837218761444,-0.067685566842556,0.9992522597312927,0.6420654058456421,0.7888143062591553,-0.35422030091285706,0.9767639636993408,0.37957334518432617,0.8017910718917847,0.009839432314038277,0.9633704423904419,0.6244214177131653,0.5295511484146118,-0.8398756384849548,0.9566013216972351,0.378108412027359,0.9958115220069885,-0.07823067158460617,0.9279322624206543,0.6224114894866943,0.45954450964927673,-0.9290285110473633,0.9337133765220642,0.3756750524044037,1.0865548849105835,-0.0944056510925293,0.8912917375564575,0.6193559169769287,0.4284069836139679,-0.8884003162384033,0.9400343894958496,0.3830356299877167,1.0755891799926758,-0.14951597154140472,0.9030927419662476,0.614574134349823,0.4591444432735443,-0.8383530974388123,0.9448856711387634,0.3882651627063751,1.0448976755142212,-0.1021178811788559,0.9187890887260437,0.5737873911857605,1.001157283782959,-0.006594472099095583,0.6580633521080017,0.4482879340648651,0.9960801601409912,0.00803382508456707,0.6040042638778687,0.5770746469497681,1.4203163385391235,0.00040888707735575736,0.004733447451144457,0.43729835748672485,1.4036250114440918,-0.011694551445543766,0.00434762891381979,0.5638469457626343,1.7773525714874268,0.28795549273490906,0.00047761108726263046,0.42880991101264954,1.7634814977645874,0.1851162314414978,0.000450063991593197,0.5682697892189026,1.82462477684021,0.30086982250213623,0.0001940695074154064,0.4211961030960083,1.8139090538024902,0.19559456408023834,0.00039648081292398274,0.5394605398178101,1.8969310522079468,0.033240724354982376,0.0003031813248526305,0.4543759524822235,1.883025050163269,-0.09656328707933426,0.0007018708274699748,0.6236732602119446,0.5288260579109192,-9.377060905535473e-08,0.604438841342926,0.4934414029121399,0.0023327956441789865,0.597999095916748,0.4533747136592865,0.0009837927063927054,0.5950890779495239,0.42620745301246643,-0.002525297226384282,0.5914709568023682,0.4074675142765045,-0.006626653019338846,0.6171872615814209,0.4040657579898834,-0.0007107375422492623,0.6167606711387634,0.3594152331352234,-0.007662792224436998,0.6144622564315796,0.3294111490249634,-0.011337929405272007,0.6128268241882324,0.30536067485809326,-0.013857421465218067,0.6232452392578125,0.41168317198753357,-0.0064009809866547585,0.5904253721237183,0.39287427067756653,-0.017452670261263847,0.5804483890533447,0.42145347595214844,-0.01817777007818222,0.581866443157196,0.4444151520729065,-0.01597149483859539,0.6245278716087341,0.4295825958251953,-0.012358270585536957,0.5924553871154785,0.4212060570716858,-0.022927287966012955,0.5859489440917969,0.4451051950454712,-0.019427908584475517,0.5896171927452087,0.462458997964859,-0.014015228487551212,0.6228959560394287,0.4512818455696106,-0.01821999065577984,0.5979692339897156,0.4438472390174866,-0.024990929290652275,0.5932356119155884,0.4598690867424011,-0.02224939875304699,0.5973017811775208,0.47302746772766113,-0.017946355044841766,0.0,0.0,0.0,0.0,0.0,0.0,0.0,0.0,0.0,0.0,0.0,0.0,0.0,0.0,0.0,0.0,0.0,0.0,0.0,0.0,0.0,0.0,0.0,0.0,0.0,0.0,0.0,0.0,0.0,0.0,0.0,0.0,0.0,0.0,0.0,0.0,0.0,0.0,0.0,0.0,0.0,0.0,0.0,0.0,0.0,0.0,0.0,0.0,0.0,0.0,0.0,0.0,0.0,0.0,0.0,0.0,0.0,0.0,0.0,0.0,0.0,0.0,0.0
0.506738007068634,0.24238954484462738,-0.3883407711982727,0.9998735785484314,0.5213050246238708,0.20962540805339813,-0.3465094268321991,0.9997299313545227,0.5296630263328552,0.2109435796737671,-0.3465959131717682,0.9997522234916687,0.5373372435569763,0.21276482939720154,-0.34635016322135925,0.9996769428253174,0.4951106607913971,0.20785118639469147,-0.3554365336894989,0.9997312426567078,0.4849301874637604,0.20923753082752228,-0.35530897974967957,0.9997939467430115,0.4758925139904022,0.21063567698001862,-0.3556596040725708,0.9997677803039551,0.549319326877594,0.23819956183433533,-0.1303030401468277,0.9996321797370911,0.46522465348243713,0.24084816873073578,-0.17243701219558716,0.9996941685676575,0.52259761095047,0.29092681407928467,-0.3137844204902649,0.9998427033424377,0.4883180260658264,0.2916122078895569,-0.32574188709259033,0.9998047351837158,0.6055151224136353,0.48647618293762207,-0.06107456237077713,0.9994434118270874,0.40580102801322937,0.49183857440948486,-0.06139042228460312,0.9992371797561646,0.6436339616775513,0.7855694890022278,-0.3646315932273865,0.9767283201217651,0.3793576657772064,0.7982717156410217,0.022458311170339584,0.9629466533660889,0.6244010329246521,0.5276781916618347,-0.8646574020385742,0.9571151733398438,0.3797922134399414,0.9845436215400696,-0.057160086929798126,0.9244729280471802,0.6222308278083801,0.45657724142074585,-0.9552618861198425,0.93569415807724,0.38124439120292664,1.0748850107192993,-0.0730980932712555,0.8869447708129883,0.619403064250946,0.42524078488349915,-0.9146356582641602,0.9420905113220215,0.3882991373538971,1.0644737482070923,-0.1263769418001175,0.8993507027626038,0.6143702268600464,0.4563303291797638,-0.8630132079124451,0.947102963924408,0.39120927453041077,1.0336161851882935,-0.07998096942901611,0.9155296683311462,0.572131335735321,1.0006825923919678,-0.005400882102549076,0.6534733772277832,0.44765976071357727,0.99589604139328,0.006907246541231871,0.5980550050735474,0.5739885568618774,1.4172520637512207,0.004614119417965412,0.004254720639437437,0.4363548159599304,1.4018281698226929,-0.01851189136505127,0.003956452943384647,0.5622276663780212,1.7729212045669556,0.28315648436546326,0.0004126494168303907,0.4290526807308197,1.7623947858810425,0.16844677925109863,0.0003926649806089699,0.5666863918304443,1.8185069561004639,0.2951914668083191,0.00017200592264998704,0.42203468084335327,1.8117228746414185,0.1779603809118271,0.0003582495846785605,0.538129985332489,1.8912277221679688,0.02783193252980709,0.00027421311824582517,0.4535807967185974,1.8799623250961304,-0.11368288844823837,0.0006442623562179506,0.6235804557800293,0.5157063603401184,-1.0313885212553942e-07,0.6035116314888,0.4776979982852936,0.00277429330162704,0.5967161655426025,0.437570184469223,0.001817291253246367,0.5935554504394531,0.41085222363471985,-0.0014442664105445147,0.5899587869644165,0.3911096751689911,-0.005261875223368406,0.6158770322799683,0.3898100256919861,0.00045998935820534825,0.6153213381767273,0.34566545486450195,-0.006364310625940561,0.6131641268730164,0.31641775369644165,-0.010292439721524715,0.6112800240516663,0.29245075583457947,-0.01301327720284462,0.6219170093536377,0.39674896001815796,-0.005376148968935013,0.58937007188797,0.377835750579834,-0.01656416803598404,0.5788111090660095,0.4053056538105011,-0.018085839226841927,0.5791721343994141,0.42905786633491516,-0.01646505482494831,0.6233183145523071,0.41351860761642456,-0.011466888710856438,0.5913617014884949,0.40529265999794006,-0.022030185908079147,0.5847382545471191,0.4289279580116272,-0.01918105036020279,0.5874959826469421,0.4477977752685547,-0.01420309953391552,0.6218702793121338,0.4340238571166992,-0.017446093261241913,0.5972471237182617,0.4265426993370056,-0.024059396237134933,0.5923082828521729,0.442374050617218,-0.021524377167224884,0.5952515602111816,0.45691123604774475,-0.01736719347536564,0.0,0.0,0.0,0.0,0.0,0.0,0.0,0.0,0.0,0.0,0.0,0.0,0.0,0.0,0.0,0.0,0.0,0.0,0.0,0.0,0.0,0.0,0.0,0.0,0.0,0.0,0.0,0.0,0.0,0.0,0.0,0.0,0.0,0.0,0.0,0.0,0.0,0.0,0.0,0.0,0.0,0.0,0.0,0.0,0.0,0.0,0.0,0.0,0.0,0.0,0.0,0.0,0.0,0.0,0.0,0.0,0.0,0.0,0.0,0.0,0.0,0.0,0.0
0.5061777830123901,0.24279996752738953,-0.3936448097229004,0.999837338924408,0.5206531286239624,0.21043933928012848,-0.35306766629219055,0.999660849571228,0.5291669368743896,0.21184141933918,-0.353141725063324,0.9996859431266785,0.5369313359260559,0.21369622647762299,-0.35287153720855713,0.9996035099029541,0.4946676790714264,0.20844539999961853,-0.36138907074928284,0.9996612071990967,0.48471370339393616,0.20995071530342102,-0.3612774908542633,0.9997407793998718,0.4758734107017517,0.21140733361244202,-0.36164331436157227,0.9997165203094482,0.5488821864128113,0.23845167458057404,-0.1377170979976654,0.9995469450950623,0.4660588800907135,0.24057650566101074,-0.17882481217384338,0.999610185623169,0.522302508354187,0.29104235768318176,-0.3192034363746643,0.9997925758361816,0.4876653552055359,0.29211440682411194,-0.3299371600151062,0.999736487865448,0.605061411857605,0.48447078466415405,-0.06642256677150726,0.9993858337402344,0.40599408745765686,0.49000367522239685,-0.06793905049562454,0.999163806438446,0.6432763934135437,0.7795966267585754,-0.3866928219795227,0.9754850268363953,0.37924569845199585,0.7921223640441895,0.015671147033572197,0.9623807668685913,0.6246594190597534,0.5187791585922241,-0.9022759795188904,0.9550327062606812,0.38050833344459534,1.0150173902511597,-0.0533846952021122,0.9208587408065796,0.6221374273300171,0.4446714520454407,-0.9939060211181641,0.9335997104644775,0.37958893179893494,1.0824702978134155,-0.06609291583299637,0.8814690709114075,0.61940598487854,0.4150415360927582,-0.9534735083580017,0.9403621554374695,0.3875207006931305,1.0754191875457764,-0.1208280548453331,0.8945812582969666,0.6143020987510681,0.44549480080604553,-0.9008934497833252,0.9459392428398132,0.39195165038108826,1.044580340385437,-0.07588488608598709,0.9109004139900208,0.5721203088760376,1.0003657341003418,-0.005800558254122734,0.6483692526817322,0.44642174243927,0.99583899974823,0.007342564407736063,0.5911263823509216,0.5723365545272827,1.4119923114776611,-0.012668905779719353,0.004041307605803013,0.4360703229904175,1.3975293636322021,-0.042844779789447784,0.0037973092403262854,0.5616387724876404,1.7677087783813477,0.24292245507240295,0.0003669921134132892,0.429606556892395,1.7581526041030884,0.12792643904685974,0.0003550416440702975,0.5662332773208618,1.8132785558700562,0.25247177481651306,0.0001608125603524968,0.4225696623325348,1.8062801361083984,0.1355835348367691,0.0003458971332293004,0.5374190211296082,1.8853353261947632,-0.018830757588148117,0.0002624681801535189,0.4544408619403839,1.871564269065857,-0.1587546467781067,0.0006249287398532033,0.6227522492408752,0.5016966462135315,-9.818472079814455e-08,0.602222740650177,0.46192896366119385,0.0017030081944540143,0.5954723358154297,0.419699102640152,0.000847780960611999,0.592912495136261,0.3911379277706146,-0.0021206492092460394,0.5901609659194946,0.37076064944267273,-0.0055220238864421844,0.6154470443725586,0.3774707615375519,0.0004394704883452505,0.6152332425117493,0.3324519991874695,-0.006654758937656879,0.6129331588745117,0.30293557047843933,-0.010885368101298809,0.6101363301277161,0.2784416079521179,-0.01397398766130209,0.6208822727203369,0.38401558995246887,-0.004760389216244221,0.5889604091644287,0.3644270896911621,-0.016468675807118416,0.5782116055488586,0.3920964300632477,-0.01837717369198799,0.578119695186615,0.41548681259155273,-0.0171035286039114,0.621590793132782,0.39980149269104004,-0.010350242257118225,0.589818000793457,0.3894754946231842,-0.021397458389401436,0.5841060280799866,0.41391322016716003,-0.018376074731349945,0.5872146487236023,0.43325841426849365,-0.01330198161303997,0.619500994682312,0.41926321387290955,-0.015970712527632713,0.5955666899681091,0.4112144410610199,-0.02312130108475685,0.5913809537887573,0.42709043622016907,-0.020748624578118324,0.5949248671531677,0.44134172797203064,-0.016703404486179352,0.0,0.0,0.0,0.0,0.0,0.0,0.0,0.0,0.0,0.0,0.0,0.0,0.0,0.0,0.0,0.0,0.0,0.0,0.0,0.0,0.0,0.0,0.0,0.0,0.0,0.0,0.0,0.0,0.0,0.0,0.0,0.0,0.0,0.0,0.0,0.0,0.0,0.0,0.0,0.0,0.0,0.0,0.0,0.0,0.0,0.0,0.0,0.0,0.0,0.0,0.0,0.0,0.0,0.0,0.0,0.0,0.0,0.0,0.0,0.0,0.0,0.0,0.0
0.506649374961853,0.24287836253643036,-0.38739240169525146,0.9998164176940918,0.5206179618835449,0.21015359461307526,-0.34731215238571167,0.9996249675750732,0.5290568470954895,0.2111751288175583,-0.3473913073539734,0.9996463656425476,0.5367419123649597,0.2127520591020584,-0.3471421003341675,0.9995678067207336,0.49471962451934814,0.20862224698066711,-0.354347288608551,0.9996203780174255,0.48459020256996155,0.20996342599391937,-0.35422664880752563,0.9997047781944275,0.4758467674255371,0.21131810545921326,-0.35458746552467346,0.999685525894165,0.5488951802253723,0.23694109916687012,-0.13493336737155914,0.9994916319847107,0.46569570899009705,0.239994615316391,-0.17440244555473328,0.9995483160018921,0.5225314497947693,0.29104048013687134,-0.3138245940208435,0.9997611045837402,0.48820075392723083,0.2917880713939667,-0.3239748775959015,0.9996901750564575,0.60621577501297,0.4838745594024658,-0.06674882769584656,0.9993603229522705,0.4064297676086426,0.48713091015815735,-0.06007571890950203,0.9991045594215393,0.6455045938491821,0.7754306793212891,-0.39702627062797546,0.9747489094734192,0.37967029213905334,0.7861297726631165,0.025113200768828392,0.961426317691803,0.624816358089447,0.5062856674194336,-0.9081059098243713,0.9549605846405029,0.38147345185279846,0.9884014129638672,-0.03474516421556473,0.9164589643478394,0.6210886240005493,0.42305392026901245,-0.9984011054039001,0.9335700273513794,0.38294628262519836,1.080536127090454,-0.04483155906200409,0.8751099705696106,0.6180004477500916,0.39811527729034424,-0.9556817412376404,0.9404612183570862,0.390806645154953,1.0734741687774658,-0.09852813184261322,0.8888969421386719,0.6138104200363159,0.4263269603252411,-0.9058323502540588,0.9460231065750122,0.39409372210502625,1.042478322982788,-0.056740596890449524,0.9057059288024902,0.5729119777679443,1.000017523765564,-0.0085476478561759,0.6492632627487183,0.4461721181869507,0.9951832890510559,0.010206391103565693,0.5906183123588562,0.5716151595115662,1.4093451499938965,-0.015013289637863636,0.00393654452636838,0.4350140690803528,1.3943842649459839,-0.038132477551698685,0.003779970807954669,0.5608401894569397,1.7640125751495361,0.2425098419189453,0.00033125467598438263,0.4294637441635132,1.7545619010925293,0.13560496270656586,0.0003265913110226393,0.5653289556503296,1.8099530935287476,0.25249725580215454,0.0001512083545094356,0.42276716232299805,1.8024375438690186,0.143641397356987,0.0003384027804713696,0.5370934009552002,1.880942702293396,-0.017679549753665924,0.00025081660714931786,0.4545535147190094,1.866193413734436,-0.14822687208652496,0.0006099984748288989,0.6217586398124695,0.48650670051574707,-1.4274881721121346e-07,0.6003785729408264,0.4438462555408478,0.0024620424956083298,0.5949036478996277,0.4010322093963623,0.001561046577990055,0.5927244424819946,0.37045779824256897,-0.0018869707128033042,0.5899972915649414,0.3512161672115326,-0.005915442947298288,0.6156104803085327,0.3607875406742096,0.0023187517654150724,0.6151042580604553,0.3174344003200531,-0.004657816607505083,0.6116501092910767,0.28911006450653076,-0.008842581883072853,0.6078250408172607,0.265870064496994,-0.011928560212254524,0.6202602386474609,0.3678950369358063,-0.003643675008788705,0.5888060331344604,0.34781163930892944,-0.01589149609208107,0.5772978663444519,0.37671521306037903,-0.017942987382411957,0.576372504234314,0.4010767340660095,-0.016545195132493973,0.6202839612960815,0.38389381766319275,-0.010084664449095726,0.5891192555427551,0.37212520837783813,-0.021632513031363487,0.5818019509315491,0.3980114758014679,-0.0187683142721653,0.5838260650634766,0.4182474911212921,-0.013680297881364822,0.6173619031906128,0.40338239073753357,-0.016498973593115807,0.5931842923164368,0.392951637506485,-0.023440662771463394,0.5884220004081726,0.4097254276275635,-0.020828118547797203,0.5918110609054565,0.42483603954315186,-0.016717219725251198,0.0,0.0,0.0,0.0,0.0,0.0,0.0,0.0,0.0,0.0,0.0,0.0,0.0,0.0,0.0,0.0,0.0,0.0,0.0,0.0,0.0,0.0,0.0,0.0,0.0,0.0,0.0,0.0,0.0,0.0,0.0,0.0,0.0,0.0,0.0,0.0,0.0,0.0,0.0,0.0,0.0,0.0,0.0,0.0,0.0,0.0,0.0,0.0,0.0,0.0,0.0,0.0,0.0,0.0,0.0,0.0,0.0,0.0,0.0,0.0,0.0,0.0,0.0
0.5065836310386658,0.24351905286312103,-0.38008013367652893,0.999802827835083,0.5208544135093689,0.21080730855464935,-0.34165531396865845,0.9996044039726257,0.5293385982513428,0.2118276208639145,-0.3417229652404785,0.9996221661567688,0.5369546413421631,0.2132546752691269,-0.3414575457572937,0.9995486736297607,0.4950231611728668,0.20977039635181427,-0.348314493894577,0.9995985627174377,0.4844958186149597,0.211577370762825,-0.34820616245269775,0.9996844530105591,0.47574761509895325,0.21325181424617767,-0.34859609603881836,0.9996699094772339,0.5488497614860535,0.23659883439540863,-0.13304661214351654,0.9994556903839111,0.4651065170764923,0.24097146093845367,-0.16719207167625427,0.9995258450508118,0.5221642255783081,0.291217178106308,-0.30730077624320984,0.9997406601905823,0.4878939688205719,0.2924964427947998,-0.3161318898200989,0.9996665120124817,0.608488917350769,0.4826001822948456,-0.06755577027797699,0.9993496537208557,0.4066202938556671,0.4854302406311035,-0.05927881971001625,0.9990837574005127,0.6440907716751099,0.7691566944122314,-0.4014831483364105,0.9736228585243225,0.3796606659889221,0.7818580865859985,0.020891405642032623,0.9602359533309937,0.624518096446991,0.5004081726074219,-0.9132956862449646,0.954138457775116,0.38298285007476807,1.0167880058288574,-0.04209290072321892,0.9094448685646057,0.6183901429176331,0.4146641790866852,-1.0016047954559326,0.9323837161064148,0.3807161748409271,1.086897850036621,-0.05118202418088913,0.8660472631454468,0.6164352297782898,0.3906322717666626,-0.9605807662010193,0.9394538402557373,0.3876701593399048,1.0818053483963013,-0.105194590985775,0.8808442950248718,0.61311274766922,0.4163603186607361,-0.91216641664505,0.9449358582496643,0.39294862747192383,1.0509296655654907,-0.06462246924638748,0.898819625377655,0.5723402500152588,0.9995471835136414,-0.007087742909789085,0.6439454555511475,0.44564470648765564,0.9942415356636047,0.008678596466779709,0.5867905020713806,0.5745192766189575,1.4142279624938965,-0.011924258433282375,0.003837539115920663,0.4377969205379486,1.3961727619171143,-0.034086745232343674,0.003706760238856077,0.5636401772499084,1.7672494649887085,0.24957145750522614,0.0003030765219591558,0.4313281774520874,1.7557977437973022,0.1437467783689499,0.0003021037264261395,0.5683419108390808,1.8138351440429688,0.2601414620876312,0.00014308604295365512,0.4243890643119812,1.804803490638733,0.15173397958278656,0.0003295578935649246,0.5392079949378967,1.8860474824905396,-0.007958310656249523,0.00023965012223925442,0.455750048160553,1.8728034496307373,-0.1398204118013382,0.000590244890190661,0.6225660443305969,0.4840606451034546,-1.667776388103448e-07,0.600217878818512,0.4406033158302307,0.0029015489853918552,0.5935968160629272,0.3962743282318115,0.0025249789468944073,0.5911300182342529,0.36334851384162903,-0.0006785821169614792,0.5888175368309021,0.3409751355648041,-0.0042440155521035194,0.615566611289978,0.35201922059059143,0.00552326301112771,0.6131650805473328,0.3062417805194855,-0.0009895708644762635,0.6102807521820068,0.27726244926452637,-0.00515464274212718,0.6077417135238647,0.2529403567314148,-0.008237047120928764,0.6205191612243652,0.35685572028160095,-0.0006607772666029632,0.5876573920249939,0.3334753215312958,-0.013114862143993378,0.5760570764541626,0.3632916808128357,-0.015964632853865623,0.5761006474494934,0.38815373182296753,-0.014803161844611168,0.6206944584846497,0.3697008490562439,-0.0074271163903176785,0.5879508852958679,0.3567001521587372,-0.019316740334033966,0.5807539820671082,0.38559287786483765,-0.01688232645392418,0.5839590430259705,0.4066481292247772,-0.011838994920253754,0.6178772449493408,0.3862917423248291,-0.014169185422360897,0.591752290725708,0.37539419531822205,-0.021175794303417206,0.5867682099342346,0.3962448537349701,-0.01848720572888851,0.5911963582038879,0.41291314363479614,-0.014168847352266312,0.0,0.0,0.0,0.0,0.0,0.0,0.0,0.0,0.0,0.0,0.0,0.0,0.0,0.0,0.0,0.0,0.0,0.0,0.0,0.0,0.0,0.0,0.0,0.0,0.0,0.0,0.0,0.0,0.0,0.0,0.0,0.0,0.0,0.0,0.0,0.0,0.0,0.0,0.0,0.0,0.0,0.0,0.0,0.0,0.0,0.0,0.0,0.0,0.0,0.0,0.0,0.0,0.0,0.0,0.0,0.0,0.0,0.0,0.0,0.0,0.0,0.0,0.0
0.5063084363937378,0.2447987049818039,-0.404043048620224,0.9997933506965637,0.5199934244155884,0.2120707929134369,-0.3641590476036072,0.9995927214622498,0.5283687114715576,0.21340234577655792,-0.36422964930534363,0.9996058344841003,0.5362589955329895,0.21490806341171265,-0.36394450068473816,0.9995375871658325,0.49450916051864624,0.21162045001983643,-0.3711823523044586,0.9995848536491394,0.48382315039634705,0.21400953829288483,-0.371083527803421,0.9996719360351562,0.47504928708076477,0.21606047451496124,-0.37147149443626404,0.9996601343154907,0.5481440424919128,0.237443208694458,-0.14516831934452057,0.9994317293167114,0.4642346203327179,0.24368396401405334,-0.17278625071048737,0.9995099306106567,0.5218995809555054,0.2921023964881897,-0.32719334959983826,0.9997276067733765,0.4876900017261505,0.29419803619384766,-0.33643707633018494,0.9996497631072998,0.608729898929596,0.48248720169067383,-0.06943082064390182,0.9993466734886169,0.40573903918266296,0.48649123311042786,-0.07203070819377899,0.9990466237068176,0.6458581686019897,0.7641282677650452,-0.4189954698085785,0.9720730185508728,0.37917187809944153,0.7797386050224304,-0.007252867799252272,0.9579457640647888,0.6240705847740173,0.49368974566459656,-0.944640040397644,0.9513117671012878,0.3845171630382538,0.9937233328819275,-0.09136047214269638,0.9031217098236084,0.6165550947189331,0.40715956687927246,-1.0366688966751099,0.9278501272201538,0.38363733887672424,1.0873063802719116,-0.10602381825447083,0.8574286699295044,0.6144049167633057,0.38393720984458923,-0.995132327079773,0.9354161024093628,0.39117977023124695,1.0836378335952759,-0.16022802889347076,0.8733503818511963,0.6117374300956726,0.4076985716819763,-0.9434910416603088,0.9407132267951965,0.3965029716491699,1.0525212287902832,-0.11450914293527603,0.8920135498046875,0.572571337223053,0.9991716146469116,-0.007594178430736065,0.6338440775871277,0.44534483551979065,0.9939010143280029,0.00919924397021532,0.5752434134483337,0.5749208927154541,1.4143445491790771,-0.0025889226235449314,0.003905493998900056,0.4383847117424011,1.396216869354248,-0.03131774812936783,0.003703756257891655,0.5659295320510864,1.767306923866272,0.26464247703552246,0.0002935694938059896,0.4325566291809082,1.7554131746292114,0.15185895562171936,0.00028982956428080797,0.5706473588943481,1.814819574356079,0.2750398814678192,0.00014225281483959407,0.42594897747039795,1.8057235479354858,0.16089285910129547,0.00032723540789447725,0.5414608120918274,1.8871949911117554,0.000378932774765417,0.00023842908558435738,0.4564720392227173,1.8723973035812378,-0.13692624866962433,0.0005901741096749902,0.621423065662384,0.4740261435508728,-1.687456716581437e-07,0.5987156629562378,0.43089810013771057,0.002953477203845978,0.5924354195594788,0.38742735981941223,0.0026135446969419718,0.5902227163314819,0.35607343912124634,-0.000677815405651927,0.5875008702278137,0.33387812972068787,-0.004371930845081806,0.6149128675460815,0.3426593840122223,0.005811243783682585,0.6128207445144653,0.29840707778930664,-0.0004877964674960822,0.6094944477081299,0.26960402727127075,-0.0047896732576191425,0.6066102981567383,0.2452530711889267,-0.008094113320112228,0.6199266910552979,0.3465660512447357,-0.0005754220765084028,0.5878711938858032,0.32015007734298706,-0.013020500540733337,0.5750529766082764,0.34820690751075745,-0.016301685944199562,0.5738085508346558,0.37388893961906433,-0.015387780033051968,0.6204404234886169,0.35857346653938293,-0.00754172308370471,0.5879135131835938,0.3416973054409027,-0.019479261711239815,0.5795561075210571,0.3695296347141266,-0.017611103132367134,0.5817270278930664,0.3921140730381012,-0.012904411181807518,0.6180393695831299,0.374822199344635,-0.014491714537143707,0.5927666425704956,0.3619053363800049,-0.021805979311466217,0.5862775444984436,0.38219010829925537,-0.019561881199479103,0.5888142585754395,0.4010865390300751,-0.015506116673350334,0.0,0.0,0.0,0.0,0.0,0.0,0.0,0.0,0.0,0.0,0.0,0.0,0.0,0.0,0.0,0.0,0.0,0.0,0.0,0.0,0.0,0.0,0.0,0.0,0.0,0.0,0.0,0.0,0.0,0.0,0.0,0.0,0.0,0.0,0.0,0.0,0.0,0.0,0.0,0.0,0.0,0.0,0.0,0.0,0.0,0.0,0.0,0.0,0.0,0.0,0.0,0.0,0.0,0.0,0.0,0.0,0.0,0.0,0.0,0.0,0.0,0.0,0.0
0.5052846074104309,0.24578192830085754,-0.3979850709438324,0.9997926354408264,0.5189403295516968,0.21287183463573456,-0.3577194809913635,0.9996011853218079,0.5270147323608398,0.21429583430290222,-0.3577876687049866,0.9996087551116943,0.5353789925575256,0.21586573123931885,-0.3574889600276947,0.9995517134666443,0.49356609582901,0.21291609108448029,-0.36389273405075073,0.999590277671814,0.4829120337963104,0.21547217667102814,-0.3637949228286743,0.9996708631515503,0.4743964970111847,0.21751222014427185,-0.3641940951347351,0.9996625781059265,0.5481298565864563,0.23789820075035095,-0.13860705494880676,0.9994347095489502,0.46434512734413147,0.24478816986083984,-0.16839152574539185,0.9995132684707642,0.5215261578559875,0.29281675815582275,-0.32134559750556946,0.9997243881225586,0.486969530582428,0.2944205403327942,-0.3299059271812439,0.9996441006660461,0.6084339022636414,0.4812847673892975,-0.0634913295507431,0.999356746673584,0.4043850004673004,0.4875239133834839,-0.06656352430582047,0.9990344643592834,0.6452334523200989,0.7534413933753967,-0.4269305169582367,0.9706325531005859,0.37884092330932617,0.7777901887893677,-0.005564969498664141,0.9568031430244446,0.6233806014060974,0.4806436598300934,-0.9526234269142151,0.94964998960495,0.38494640588760376,0.9957347512245178,-0.07949833571910858,0.8976775407791138,0.6149680614471436,0.39680489897727966,-1.043956995010376,0.9248347282409668,0.38285544514656067,1.0907042026519775,-0.09196333587169647,0.8498861193656921,0.6129019856452942,0.3770161271095276,-1.0030502080917358,0.93284010887146,0.3897598385810852,1.0888957977294922,-0.14754050970077515,0.8664659857749939,0.6103383898735046,0.3979076147079468,-0.951529860496521,0.9377714395523071,0.39601725339889526,1.0574150085449219,-0.10286696255207062,0.886199414730072,0.571672260761261,0.9988248348236084,-0.006601479835808277,0.6326130628585815,0.4444506764411926,0.9937387108802795,0.00818603951483965,0.5748194456100464,0.5715072154998779,1.412581443786621,2.111576759489253e-05,0.004039065446704626,0.43603405356407166,1.3952306509017944,-0.032330941408872604,0.0037913538981229067,0.5625367760658264,1.7655885219573975,0.26404279470443726,0.00028639461379498243,0.43101581931114197,1.7550321817398071,0.14914338290691376,0.0002816581691149622,0.5669072866439819,1.8129373788833618,0.2746230661869049,0.00014626639313064516,0.4250373840332031,1.8052735328674316,0.15770787000656128,0.0003381853748578578,0.5396136045455933,1.8834556341171265,-0.002463969634845853,0.00024658854817971587,0.4527544379234314,1.8705683946609497,-0.14207452535629272,0.0006060722516849637,0.6183440685272217,0.46288982033729553,-1.473087252179539e-07,0.5968865156173706,0.4233557879924774,0.0017908873269334435,0.5917510390281677,0.3825600743293762,0.0016116970218718052,0.5889449715614319,0.3540302813053131,-0.0010527287377044559,0.58505779504776,0.3313024342060089,-0.00397473992779851,0.6133305430412292,0.3355265259742737,0.004756950307637453,0.6108376383781433,0.29113686084747314,-0.0016726658213883638,0.6078329086303711,0.26284313201904297,-0.005623175762593746,0.6056230068206787,0.23828953504562378,-0.008397459983825684,0.6174144744873047,0.33800819516181946,-0.0003377523098606616,0.5859735608100891,0.30826592445373535,-0.012594655156135559,0.5740799903869629,0.337073415517807,-0.01511972676962614,0.5742959976196289,0.3639504015445709,-0.013421362265944481,0.6175668835639954,0.3481042683124542,-0.00610652519389987,0.5856982469558716,0.32994288206100464,-0.017833678051829338,0.5779640078544617,0.3577941060066223,-0.015704363584518433,0.5806627869606018,0.3809792399406433,-0.010522508062422276,0.6151821613311768,0.3623293936252594,-0.011963142082095146,0.590836226940155,0.3497064709663391,-0.018904495984315872,0.5845314860343933,0.36898958683013916,-0.016666138544678688,0.586565375328064,0.3877869248390198,-0.012446959502995014,0.0,0.0,0.0,0.0,0.0,0.0,0.0,0.0,0.0,0.0,0.0,0.0,0.0,0.0,0.0,0.0,0.0,0.0,0.0,0.0,0.0,0.0,0.0,0.0,0.0,0.0,0.0,0.0,0.0,0.0,0.0,0.0,0.0,0.0,0.0,0.0,0.0,0.0,0.0,0.0,0.0,0.0,0.0,0.0,0.0,0.0,0.0,0.0,0.0,0.0,0.0,0.0,0.0,0.0,0.0,0.0,0.0,0.0,0.0,0.0,0.0,0.0,0.0
0.5053385496139526,0.24628672003746033,-0.4020504653453827,0.9997920989990234,0.5190038681030273,0.21311555802822113,-0.3615270256996155,0.9996083974838257,0.5271456837654114,0.21472413837909698,-0.3615998923778534,0.999610185623169,0.5356042981147766,0.21627286076545715,-0.36130964756011963,0.9995618462562561,0.4937874972820282,0.2134283185005188,-0.3678255081176758,0.9995946884155273,0.4832416772842407,0.2154114991426468,-0.36775538325309753,0.9996702075004578,0.47470712661743164,0.21700090169906616,-0.36814814805984497,0.9996645450592041,0.5492595434188843,0.23806768655776978,-0.14083142578601837,0.9994368553161621,0.4647727310657501,0.24393293261528015,-0.16972149908542633,0.9995185732841492,0.5214089751243591,0.29323458671569824,-0.3250460922718048,0.9997240304946899,0.48703300952911377,0.2941245436668396,-0.33296722173690796,0.9996424317359924,0.607055127620697,0.48106786608695984,-0.06393405795097351,0.999362051486969,0.4037019908428192,0.4880010485649109,-0.06768298149108887,0.9990189075469971,0.6455248594284058,0.7447648644447327,-0.4420572817325592,0.9689730405807495,0.37970227003097534,0.7766807079315186,0.01564973033964634,0.954969048500061,0.6226648092269897,0.4730043113231659,-0.9790129065513611,0.9478622078895569,0.3835223317146301,1.001389741897583,-0.03400827571749687,0.890474796295166,0.6148216128349304,0.3894192576408386,-1.071042776107788,0.9217935800552368,0.3787345290184021,1.0961018800735474,-0.04050082340836525,0.8402339816093445,0.6122243404388428,0.37113726139068604,-1.0299261808395386,0.9301440119743347,0.38502925634384155,1.0974920988082886,-0.09820771217346191,0.857481837272644,0.609569251537323,0.39257901906967163,-0.9780257940292358,0.9346396923065186,0.39239537715911865,1.065869688987732,-0.057113729417324066,0.8784001469612122,0.571136474609375,0.9981276988983154,-0.00863155908882618,0.6318065524101257,0.4445301592350006,0.9934892654418945,0.010157064534723759,0.5737165808677673,0.569339394569397,1.412018895149231,-0.00035320938332006335,0.0042692022398114204,0.43431583046913147,1.3949857950210571,-0.020527027547359467,0.003939495887607336,0.559367299079895,1.7642936706542969,0.2655642330646515,0.00029089991585351527,0.42924150824546814,1.7547225952148438,0.16900643706321716,0.0002858908264897764,0.5635175108909607,1.8114221096038818,0.27622315287590027,0.00015802118286956102,0.42347246408462524,1.8048393726348877,0.1785302460193634,0.00037461111787706614,0.5370035171508789,1.8816717863082886,-0.0007301124278455973,0.0002668256056495011,0.4508935511112213,1.8691809177398682,-0.12123070657253265,0.0006457873969338834,0.618394136428833,0.458129346370697,-1.5947583165143442e-07,0.5968629121780396,0.41695693135261536,0.003461232176050544,0.5914345979690552,0.375632643699646,0.003526839427649975,0.5885867476463318,0.34587806463241577,0.0006022255984134972,0.5846087336540222,0.32120609283447266,-0.0026626482140272856,0.6119087934494019,0.3268762230873108,0.006803384516388178,0.6086437106132507,0.2819620370864868,-0.0001845070655690506,0.6059299111366272,0.25416696071624756,-0.004883786663413048,0.6040546298027039,0.22987446188926697,-0.008032291196286678,0.6163328886032104,0.32841530442237854,0.000629848858807236,0.5839008092880249,0.29812610149383545,-0.0119306156411767,0.5722562670707703,0.32886236906051636,-0.014880020171403885,0.5733093023300171,0.3570604622364044,-0.013334555551409721,0.6166871786117554,0.3371651768684387,-0.006209207233041525,0.5836549401283264,0.3177626430988312,-0.01833072490990162,0.576482892036438,0.3488667905330658,-0.016113007441163063,0.5805914402008057,0.37412238121032715,-0.010678667575120926,0.6145327687263489,0.3501994013786316,-0.013007870875298977,0.5887197256088257,0.33610469102859497,-0.020500805228948593,0.582661509513855,0.35826390981674194,-0.018055018037557602,0.585930347442627,0.37923526763916016,-0.013463374227285385,0.0,0.0,0.0,0.0,0.0,0.0,0.0,0.0,0.0,0.0,0.0,0.0,0.0,0.0,0.0,0.0,0.0,0.0,0.0,0.0,0.0,0.0,0.0,0.0,0.0,0.0,0.0,0.0,0.0,0.0,0.0,0.0,0.0,0.0,0.0,0.0,0.0,0.0,0.0,0.0,0.0,0.0,0.0,0.0,0.0,0.0,0.0,0.0,0.0,0.0,0.0,0.0,0.0,0.0,0.0,0.0,0.0,0.0,0.0,0.0,0.0,0.0,0.0
0.5049784779548645,0.2457922250032425,-0.40880653262138367,0.9997995495796204,0.5187268853187561,0.21295231580734253,-0.36801832914352417,0.999626636505127,0.5267339944839478,0.21424879133701324,-0.36809155344963074,0.9996259212493896,0.5353359580039978,0.21557524800300598,-0.3678029775619507,0.9995850920677185,0.493657648563385,0.21204610168933868,-0.37374743819236755,0.9996095895767212,0.4835263192653656,0.2129761278629303,-0.37366151809692383,0.9996786117553711,0.4750638008117676,0.21396464109420776,-0.3740364909172058,0.9996730089187622,0.5488963723182678,0.23755444586277008,-0.14570549130439758,0.9994587898254395,0.4658757746219635,0.24128927290439606,-0.16983474791049957,0.9995357394218445,0.5208960175514221,0.29319846630096436,-0.3313523232936859,0.9997360706329346,0.48682263493537903,0.29310932755470276,-0.33829089999198914,0.9996557831764221,0.6062007546424866,0.4793149530887604,-0.06944297254085541,0.9993994235992432,0.40455883741378784,0.4871992766857147,-0.06542367488145828,0.9990315437316895,0.6472781896591187,0.7386837601661682,-0.4465707540512085,0.9688581228256226,0.37955284118652344,0.7734199166297913,0.026355035603046417,0.9540029764175415,0.6223350763320923,0.46784722805023193,-0.9792607426643372,0.9482390284538269,0.38392403721809387,0.998613715171814,-0.016510851681232452,0.8832139372825623,0.6151782870292664,0.385537713766098,-1.0713587999343872,0.9213578104972839,0.3801983594894409,1.0937551259994507,-0.02188311144709587,0.8296796679496765,0.6118662357330322,0.3678627014160156,-1.030436635017395,0.9298078417778015,0.3859533369541168,1.0952099561691284,-0.0806570053100586,0.8475240468978882,0.608982503414154,0.3890649378299713,-0.9781745076179504,0.9336503148078918,0.39306336641311646,1.0638506412506104,-0.039766035974025726,0.8696079850196838,0.570342481136322,0.997988760471344,-0.009482264518737793,0.6344887018203735,0.4452224373817444,0.9928165078163147,0.010983283631503582,0.5763411521911621,0.5677859783172607,1.4100652933120728,0.007328313309699297,0.004546362441033125,0.433989018201828,1.3940162658691406,-0.028131164610385895,0.004169078078120947,0.5566439032554626,1.7618763446807861,0.2684473991394043,0.00030442909337580204,0.4283948838710785,1.753413438796997,0.1583804488182068,0.00029961197287775576,0.5603695511817932,1.8089895248413086,0.27783361077308655,0.000176300760358572,0.422936350107193,1.8034679889678955,0.16696421802043915,0.00043297663796693087,0.5353919267654419,1.878127932548523,-0.0014037879882380366,0.000293331453576684,0.4493017792701721,1.8665006160736084,-0.1361902803182602,0.0007163099362514913,0.6184046864509583,0.4507138729095459,-1.8004114110681257e-07,0.5962938070297241,0.40740305185317993,0.004232121631503105,0.5900312066078186,0.36721962690353394,0.004274448845535517,0.5866206884384155,0.33861783146858215,0.0008815806941129267,0.5823742151260376,0.31550318002700806,-0.0029563221614807844,0.6120250225067139,0.31933149695396423,0.00867380853742361,0.6079471111297607,0.27410954236984253,0.00184722023550421,0.6049088835716248,0.24652962386608124,-0.0029282227624207735,0.6023322939872742,0.22347304224967957,-0.006178709678351879,0.616199254989624,0.3205893039703369,0.001787760527804494,0.5834828615188599,0.2912878692150116,-0.011341550387442112,0.571497917175293,0.32132264971733093,-0.015502704307436943,0.570921778678894,0.3489833474159241,-0.014661932364106178,0.6162110567092896,0.32858312129974365,-0.0057198661379516125,0.5827941298484802,0.30888304114341736,-0.018627554178237915,0.5752273201942444,0.3410141170024872,-0.01758328638970852,0.578251838684082,0.36668848991394043,-0.012673958204686642,0.6132293939590454,0.34096843004226685,-0.013021664693951607,0.5866082310676575,0.326124370098114,-0.02114577405154705,0.5805668234825134,0.34924688935279846,-0.01920929364860058,0.5836936831474304,0.3708212375640869,-0.014829015359282494,0.0,0.0,0.0,0.0,0.0,0.0,0.0,0.0,0.0,0.0,0.0,0.0,0.0,0.0,0.0,0.0,0.0,0.0,0.0,0.0,0.0,0.0,0.0,0.0,0.0,0.0,0.0,0.0,0.0,0.0,0.0,0.0,0.0,0.0,0.0,0.0,0.0,0.0,0.0,0.0,0.0,0.0,0.0,0.0,0.0,0.0,0.0,0.0,0.0,0.0,0.0,0.0,0.0,0.0,0.0,0.0,0.0,0.0,0.0,0.0,0.0,0.0,0.0
0.5045782327651978,0.2471488118171692,-0.4099130928516388,0.999803364276886,0.5192729234695435,0.21403811872005463,-0.3694525361061096,0.999640166759491,0.5275181531906128,0.21584497392177582,-0.36951932311058044,0.9996347427368164,0.5359710454940796,0.2175946831703186,-0.3692973256111145,0.9996029138565063,0.49399515986442566,0.2136661559343338,-0.3747890889644623,0.9996198415756226,0.4838245213031769,0.21485978364944458,-0.37471804022789,0.999682605266571,0.4752699136734009,0.21579502522945404,-0.3750803768634796,0.9996803402900696,0.5492839217185974,0.24019746482372284,-0.14741352200508118,0.9994735717773438,0.4660743772983551,0.2424861192703247,-0.1672476828098297,0.9995408654212952,0.5206411480903625,0.29408150911331177,-0.33232274651527405,0.9997425079345703,0.48610973358154297,0.2944088876247406,-0.33853447437286377,0.9996591806411743,0.6054372787475586,0.4785478413105011,-0.071048304438591,0.999422013759613,0.4050195813179016,0.48690077662467957,-0.060190312564373016,0.9990284442901611,0.6492761373519897,0.7286517024040222,-0.43649452924728394,0.9682611227035522,0.37905243039131165,0.7726391553878784,0.04970615729689598,0.9526374340057373,0.622177243232727,0.4641740620136261,-0.9586871266365051,0.9486643671989441,0.38412830233573914,0.9973626136779785,0.019779950380325317,0.8771355152130127,0.6138595938682556,0.38373565673828125,-1.0500576496124268,0.9211397171020508,0.3803970515727997,1.092203974723816,0.01652931235730648,0.8210849761962891,0.6101150512695312,0.36721426248550415,-1.0095036029815674,0.9297142624855042,0.38610899448394775,1.0932737588882446,-0.04230130836367607,0.8394493460655212,0.6077712774276733,0.3875587582588196,-0.9576048254966736,0.9328135848045349,0.39341631531715393,1.0617421865463257,-0.003129826160147786,0.8624261021614075,0.571330726146698,0.9978609681129456,-0.012028294615447521,0.6323720216751099,0.4460887312889099,0.9926949739456177,0.013569507747888565,0.5747061967849731,0.5706384181976318,1.4081597328186035,-0.001490795868448913,0.004772854503244162,0.435304194688797,1.3933610916137695,-0.029816357418894768,0.004352528136223555,0.5596855282783508,1.7610125541687012,0.25370267033576965,0.0003105324285570532,0.42946383357048035,1.7524092197418213,0.15369544923305511,0.00030697075999341905,0.5632907748222351,1.808158040046692,0.26302918791770935,0.00018753229232970625,0.42359593510627747,1.8026360273361206,0.16233834624290466,0.00046973448479548097,0.5383708477020264,1.876350998878479,-0.015775537118315697,0.0003110049001406878,0.45268189907073975,1.8650416135787964,-0.1400766223669052,0.0007697594119235873,0.6171252727508545,0.43957939743995667,-1.3324957137683668e-07,0.5948697924613953,0.3988073468208313,0.005672046914696693,0.5895774960517883,0.36160966753959656,0.006430425215512514,0.586693525314331,0.33375516533851624,0.003518984653055668,0.5821368098258972,0.3113613426685333,3.196240868419409e-05,0.6076764464378357,0.3140263259410858,0.01009755115956068,0.6052345633506775,0.27064216136932373,0.0045244996435940266,0.6030234694480896,0.24431517720222473,0.0005358881899155676,0.6011761426925659,0.22069665789604187,-0.0022669187746942043,0.6123817563056946,0.31367483735084534,0.0028740139678120613,0.5807002782821655,0.285768985748291,-0.008114178664982319,0.5693849921226501,0.31494343280792236,-0.01120844203978777,0.5689679980278015,0.34314611554145813,-0.010129744186997414,0.6132412552833557,0.3208233118057251,-0.004887484945356846,0.5801920890808105,0.3015661835670471,-0.016366256400942802,0.5737738013267517,0.33272334933280945,-0.014964966103434563,0.5768267512321472,0.360133558511734,-0.010197500698268414,0.6112515330314636,0.33219361305236816,-0.012366384267807007,0.5852963328361511,0.3173690438270569,-0.020148184150457382,0.5799542665481567,0.3399345576763153,-0.01826474256813526,0.5829141736030579,0.362959623336792,-0.014093725010752678,0.0,0.0,0.0,0.0,0.0,0.0,0.0,0.0,0.0,0.0,0.0,0.0,0.0,0.0,0.0,0.0,0.0,0.0,0.0,0.0,0.0,0.0,0.0,0.0,0.0,0.0,0.0,0.0,0.0,0.0,0.0,0.0,0.0,0.0,0.0,0.0,0.0,0.0,0.0,0.0,0.0,0.0,0.0,0.0,0.0,0.0,0.0,0.0,0.0,0.0,0.0,0.0,0.0,0.0,0.0,0.0,0.0,0.0,0.0,0.0,0.0,0.0,0.0
0.5041183233261108,0.24827881157398224,-0.41041290760040283,0.9998089075088501,0.5191725492477417,0.21538448333740234,-0.3701006770133972,0.9996566772460938,0.5275165438652039,0.21765275299549103,-0.3701644837856293,0.9996476769447327,0.5360546112060547,0.21974560618400574,-0.36994510889053345,0.9996233582496643,0.4939820468425751,0.21511004865169525,-0.3748400807380676,0.9996340274810791,0.4840001165866852,0.216311514377594,-0.3747682273387909,0.9996905326843262,0.475619375705719,0.2169501781463623,-0.3751261532306671,0.9996908903121948,0.5494210124015808,0.24262861907482147,-0.14768895506858826,0.9994946718215942,0.46652868390083313,0.24279671907424927,-0.16311325132846832,0.9995555877685547,0.5202036499977112,0.29474449157714844,-0.3330087959766388,0.9997528195381165,0.4855494499206543,0.2949756681919098,-0.33826178312301636,0.9996703863143921,0.604404628276825,0.477383017539978,-0.07295618951320648,0.9994531869888306,0.4048886001110077,0.48477280139923096,-0.04867112636566162,0.9990513920783997,0.6488661170005798,0.7230886816978455,-0.4388999044895172,0.9683288335800171,0.37787488102912903,0.7715391516685486,0.06131583824753761,0.9505602121353149,0.6209059953689575,0.46073034405708313,-0.960550844669342,0.9500073194503784,0.38556602597236633,0.9905787706375122,0.01112598367035389,0.8726016283035278,0.6102122664451599,0.3797517716884613,-1.053307294845581,0.9221252202987671,0.38373106718063354,1.0842665433883667,0.0032704065088182688,0.8159816265106201,0.6064521670341492,0.364076167345047,-1.0129492282867432,0.9306225180625916,0.39046162366867065,1.0841350555419922,-0.05449160188436508,0.8350546360015869,0.6049926280975342,0.3839794397354126,-0.9594226479530334,0.933035135269165,0.3971688151359558,1.0526678562164307,-0.011959345079958439,0.8578055500984192,0.5702517032623291,0.9967009425163269,-0.016704905778169632,0.6319728493690491,0.4459541440010071,0.992411732673645,0.018292030319571495,0.574400007724762,0.5694968104362488,1.40436589717865,-0.01388405542820692,0.0051688686944544315,0.4350336492061615,1.3914196491241455,-0.031087221577763557,0.0046758996322751045,0.5602311491966248,1.7595287561416626,0.23337864875793457,0.0003255487827118486,0.4308190643787384,1.750182032585144,0.14155691862106323,0.00031826028134673834,0.5639013648033142,1.8064943552017212,0.24221906065940857,0.0002025227149715647,0.42501598596572876,1.8005129098892212,0.1491248905658722,0.0005061227711848915,0.5393436551094055,1.8723152875900269,-0.036505673080682755,0.0003298320807516575,0.4554862976074219,1.8628901243209839,-0.15219083428382874,0.0008224633638747036,0.6152244210243225,0.437608003616333,-1.8743756413641677e-07,0.59424889087677,0.39464008808135986,0.006710594519972801,0.5874176025390625,0.3574311435222626,0.006980882491916418,0.5832944512367249,0.3316352069377899,0.002960536628961563,0.5786117911338806,0.31111904978752136,-0.001654833904467523,0.608213484287262,0.3098578155040741,0.012160793878138065,0.6057440042495728,0.26501262187957764,0.005999772343784571,0.6025611758232117,0.2393779456615448,0.0014680164167657495,0.5993067622184753,0.2186998873949051,-0.001555600087158382,0.6120834946632385,0.31081852316856384,0.003789497772231698,0.5802316665649414,0.2816820740699768,-0.00892038643360138,0.5689558386802673,0.3120987117290497,-0.01338246650993824,0.5687932968139648,0.3412860035896301,-0.01276229228824377,0.6120509505271912,0.31745070219039917,-0.00514195254072547,0.579349935054779,0.29270750284194946,-0.018015248700976372,0.5718424916267395,0.3267059028148651,-0.01706920750439167,0.5752125382423401,0.35503944754600525,-0.012079433538019657,0.6099180579185486,0.32748943567276,-0.013597683981060982,0.5851495862007141,0.30768242478370667,-0.02152620442211628,0.5777575969696045,0.331525057554245,-0.019155314192175865,0.5798293948173523,0.3550511598587036,-0.014503976330161095,0.0,0.0,0.0,0.0,0.0,0.0,0.0,0.0,0.0,0.0,0.0,0.0,0.0,0.0,0.0,0.0,0.0,0.0,0.0,0.0,0.0,0.0,0.0,0.0,0.0,0.0,0.0,0.0,0.0,0.0,0.0,0.0,0.0,0.0,0.0,0.0,0.0,0.0,0.0,0.0,0.0,0.0,0.0,0.0,0.0,0.0,0.0,0.0,0.0,0.0,0.0,0.0,0.0,0.0,0.0,0.0,0.0,0.0,0.0,0.0,0.0,0.0,0.0
0.5048057436943054,0.2493811994791031,-0.42649078369140625,0.9998000860214233,0.5198281407356262,0.2167421132326126,-0.38592225313186646,0.999649167060852,0.528491199016571,0.21922098100185394,-0.38603970408439636,0.9996354579925537,0.5367342233657837,0.2212792932987213,-0.38578590750694275,0.9996162056922913,0.4944271147251129,0.21640072762966156,-0.39124318957328796,0.999623715877533,0.4842228889465332,0.2181001752614975,-0.3911511301994324,0.9996799826622009,0.4757378399372101,0.21903249621391296,-0.3915288746356964,0.9996833205223083,0.5498977303504944,0.2436143308877945,-0.155527263879776,0.9994788765907288,0.4668916165828705,0.24407322704792023,-0.17902038991451263,0.9995441436767578,0.5207005143165588,0.2954517602920532,-0.34509149193763733,0.9997458457946777,0.4862319827079773,0.29625430703163147,-0.3524631857872009,0.9996607899665833,0.6042431592941284,0.47318631410598755,-0.07669223845005035,0.9994579553604126,0.4055299758911133,0.4812505543231964,-0.05550931766629219,0.9990527629852295,0.6505987048149109,0.7188025116920471,-0.43157416582107544,0.9672213792800903,0.37953323125839233,0.7673230767250061,0.056248851120471954,0.9501481056213379,0.6205013990402222,0.4552258253097534,-0.9469584822654724,0.9485975503921509,0.3872447907924652,0.9836267828941345,-0.006104275584220886,0.872736930847168,0.609387993812561,0.3743593692779541,-1.0405842065811157,0.919372022151947,0.38600361347198486,1.076085090637207,-0.016840163618326187,0.8148695826530457,0.6059617400169373,0.3580172061920166,-1.0016183853149414,0.9281599521636963,0.39340677857398987,1.0757919549942017,-0.07495976984500885,0.8341183662414551,0.6041204333305359,0.3771347999572754,-0.9461337327957153,0.9298211932182312,0.4002099633216858,1.0446579456329346,-0.029213922098279,0.8559921979904175,0.5695130228996277,0.9950746893882751,-0.017144136130809784,0.6293777823448181,0.44638270139694214,0.9911152124404907,0.018612129613757133,0.5722690224647522,0.5687465667724609,1.3992847204208374,-0.016262775287032127,0.00596895907074213,0.4354194402694702,1.3869709968566895,-0.036267198622226715,0.005293081048876047,0.5599609017372131,1.7558820247650146,0.23172488808631897,0.0003821616410277784,0.43201786279678345,1.7456427812576294,0.13695046305656433,0.00036548165371641517,0.5635029077529907,1.802546501159668,0.24045954644680023,0.0002475283981766552,0.42621615529060364,1.7961429357528687,0.14479021728038788,0.000610806979238987,0.5392330288887024,1.8672027587890625,-0.03854995220899582,0.0003815174859482795,0.4572881758213043,1.8584232330322266,-0.15721528232097626,0.0009620776399970055,0.6162370443344116,0.4357202649116516,-1.791087100855293e-07,0.5940600037574768,0.3930317759513855,0.00928051583468914,0.5867521166801453,0.3550412356853485,0.010869667865335941,0.5824278593063354,0.32833603024482727,0.007610860746353865,0.5768933296203613,0.3048262298107147,0.003583332058042288,0.6051275730133057,0.30736568570137024,0.01539774052798748,0.6016553640365601,0.264004111289978,0.009460268542170525,0.5984995365142822,0.23845022916793823,0.004264432471245527,0.595882773399353,0.21744504570960999,0.0007497644401155412,0.6092448234558105,0.30706071853637695,0.0057574063539505005,0.5785024166107178,0.27829763293266296,-0.005287187173962593,0.5674410462379456,0.3075357675552368,-0.009529766626656055,0.5679515600204468,0.335758239030838,-0.009318817406892776,0.6094436645507812,0.31226131319999695,-0.004425996448844671,0.5782008767127991,0.28746265172958374,-0.015415669418871403,0.5705243945121765,0.32146167755126953,-0.013566483743488789,0.5742781758308411,0.350053071975708,-0.008649690076708794,0.6077045798301697,0.32136452198028564,-0.014116945676505566,0.5832765698432922,0.30247852206230164,-0.020463261753320694,0.5768874883651733,0.32686591148376465,-0.017003973945975304,0.5802139639854431,0.3506506681442261,-0.011971922591328621,0.0,0.0,0.0,0.0,0.0,0.0,0.0,0.0,0.0,0.0,0.0,0.0,0.0,0.0,0.0,0.0,0.0,0.0,0.0,0.0,0.0,0.0,0.0,0.0,0.0,0.0,0.0,0.0,0.0,0.0,0.0,0.0,0.0,0.0,0.0,0.0,0.0,0.0,0.0,0.0,0.0,0.0,0.0,0.0,0.0,0.0,0.0,0.0,0.0,0.0,0.0,0.0,0.0,0.0,0.0,0.0,0.0,0.0,0.0,0.0,0.0,0.0,0.0
0.5048390030860901,0.24997077882289886,-0.4397403299808502,0.9997774958610535,0.5200330018997192,0.2174740731716156,-0.39950621128082275,0.9996228814125061,0.5287507176399231,0.22010281682014465,-0.39962443709373474,0.9996033310890198,0.5369446277618408,0.22217485308647156,-0.399356484413147,0.9995900392532349,0.4946326017379761,0.21684320271015167,-0.40273675322532654,0.9995934963226318,0.484602153301239,0.21804820001125336,-0.4026133716106415,0.9996528029441833,0.47623947262763977,0.21872761845588684,-0.40297213196754456,0.999662458896637,0.5505545139312744,0.24482455849647522,-0.16882039606571198,0.9994409680366516,0.4673730731010437,0.2435157746076584,-0.1828010380268097,0.9995109438896179,0.5208262801170349,0.29587528109550476,-0.35854578018188477,0.9997236132621765,0.4859551787376404,0.29585644602775574,-0.36334726214408875,0.9996312260627747,0.6045007109642029,0.47182273864746094,-0.0981224849820137,0.9994542002677917,0.40570005774497986,0.4807003438472748,-0.04513350874185562,0.9990496039390564,0.6503050923347473,0.7144778966903687,-0.46226465702056885,0.9659810066223145,0.3787085711956024,0.7678335905075073,0.10739023238420486,0.9506449699401855,0.619311511516571,0.4579268991947174,-0.9906524419784546,0.945996880531311,0.3885749280452728,0.9701905250549316,0.07874580472707748,0.8768741488456726,0.6097077131271362,0.3797640800476074,-1.0868045091629028,0.9148851037025452,0.3909296989440918,1.0626970529556274,0.07410670816898346,0.8197306990623474,0.6068025827407837,0.36430951952934265,-1.0502305030822754,0.9240760207176208,0.39858075976371765,1.0611509084701538,0.017331475391983986,0.8386083245277405,0.6044513583183289,0.3852066397666931,-0.9908133745193481,0.9253228306770325,0.40444639325141907,1.0298370122909546,0.05730399861931801,0.8592641949653625,0.5696172118186951,0.9941673874855042,-0.022546403110027313,0.6285053491592407,0.4460790455341339,0.9902921319007874,0.024091927334666252,0.5714640617370605,0.5681201815605164,1.3986127376556396,-0.011691014282405376,0.0066636912524700165,0.43412506580352783,1.3858000040054321,-0.028356771916151047,0.0058525921776890755,0.5585563778877258,1.7550245523452759,0.23852784931659698,0.00042749906424432993,0.4310876429080963,1.7441502809524536,0.1561426967382431,0.00039929006015881896,0.5617979764938354,1.8016026020050049,0.24744772911071777,0.00028242808184586465,0.4256948232650757,1.7945584058761597,0.16493192315101624,0.000682047801092267,0.5385534167289734,1.8660681247711182,-0.017241578549146652,0.0004147264116909355,0.4551485478878021,1.8570303916931152,-0.14379501342773438,0.0010457404423505068,0.6124536991119385,0.4257381558418274,-2.0006771705993742e-07,0.5909721851348877,0.38540220260620117,0.006847627926617861,0.5842445492744446,0.34851008653640747,0.007772275246679783,0.5799078941345215,0.32229575514793396,0.004478927236050367,0.5755193829536438,0.30029821395874023,0.0006190098356455564,0.6018429398536682,0.3012992739677429,0.013401205651462078,0.5980454087257385,0.25719112157821655,0.007323126774281263,0.5938867926597595,0.23239630460739136,0.002757701789960265,0.5901651382446289,0.21342933177947998,-0.00018098919827025384,0.6066305637359619,0.3013626039028168,0.0050768256187438965,0.5759350061416626,0.274991899728775,-0.006775570102035999,0.5652208924293518,0.3052486777305603,-0.011046345345675945,0.5654000043869019,0.33420830965042114,-0.010487927123904228,0.6078439354896545,0.3068419098854065,-0.003970849793404341,0.5760316848754883,0.2853037714958191,-0.01671862229704857,0.5693819522857666,0.31933730840682983,-0.015835989266633987,0.5732184052467346,0.34773921966552734,-0.010991706512868404,0.6068572998046875,0.31612733006477356,-0.012526220642030239,0.5812886953353882,0.29799219965934753,-0.02053719200193882,0.5751131176948547,0.3233352303504944,-0.01796868070960045,0.5784144401550293,0.3479372560977936,-0.013206347823143005,0.0,0.0,0.0,0.0,0.0,0.0,0.0,0.0,0.0,0.0,0.0,0.0,0.0,0.0,0.0,0.0,0.0,0.0,0.0,0.0,0.0,0.0,0.0,0.0,0.0,0.0,0.0,0.0,0.0,0.0,0.0,0.0,0.0,0.0,0.0,0.0,0.0,0.0,0.0,0.0,0.0,0.0,0.0,0.0,0.0,0.0,0.0,0.0,0.0,0.0,0.0,0.0,0.0,0.0,0.0,0.0,0.0,0.0,0.0,0.0,0.0,0.0,0.0
0.5048020482063293,0.2511381506919861,-0.43485239148139954,0.9997762441635132,0.519990861415863,0.21795539557933807,-0.3943539559841156,0.9996256828308105,0.5284016728401184,0.2207750529050827,-0.3944658637046814,0.9996037483215332,0.5365167856216431,0.22297883033752441,-0.39423832297325134,0.9995936751365662,0.49492570757865906,0.21732354164123535,-0.3973150849342346,0.9995960593223572,0.4850267767906189,0.21792040765285492,-0.39722302556037903,0.9996551275253296,0.476527601480484,0.2183888703584671,-0.39757534861564636,0.9996668696403503,0.5499690771102905,0.2453690767288208,-0.163739874958992,0.9994446635246277,0.46810805797576904,0.24295654892921448,-0.17549754679203033,0.9995231628417969,0.5207953453063965,0.2967710494995117,-0.3533884584903717,0.9997233152389526,0.4858248829841614,0.29603007435798645,-0.35765495896339417,0.9996348023414612,0.6044391393661499,0.47155246138572693,-0.08703915029764175,0.99946129322052,0.40550634264945984,0.4808567762374878,-0.0389326736330986,0.9990676641464233,0.6498709917068481,0.7112906575202942,-0.45215776562690735,0.9648659825325012,0.3780841827392578,0.7696135640144348,0.09343954920768738,0.9502934813499451,0.6186586618423462,0.4508911371231079,-0.9727544784545898,0.9440699219703674,0.3892044425010681,0.9871701598167419,0.04061416536569595,0.8769261837005615,0.6087992787361145,0.37048617005348206,-1.066652774810791,0.9118578433990479,0.388431191444397,1.0814722776412964,0.03357023000717163,0.8197129368782043,0.606148898601532,0.3555906414985657,-1.0275294780731201,0.9214368462562561,0.3968105614185333,1.081761360168457,-0.02486106939613819,0.8389583230018616,0.6039479970932007,0.3767502009868622,-0.9717798829078674,0.9221150279045105,0.4038159251213074,1.0501905679702759,0.017770038917660713,0.8586931228637695,0.5698873400688171,0.9928021430969238,-0.023641986772418022,0.6192831993103027,0.44634801149368286,0.9889413118362427,0.025251060724258423,0.5623293519020081,0.5682790279388428,1.3979958295822144,-0.03422997519373894,0.007248073350638151,0.4349951148033142,1.3844455480575562,-0.03617013990879059,0.006345544476062059,0.5578919053077698,1.7545579671859741,0.2060391902923584,0.00046409020433202386,0.4306313395500183,1.7431310415267944,0.12614163756370544,0.0004350462113507092,0.5609992146492004,1.8011137247085571,0.21372270584106445,0.0003058334405068308,0.4251342713832855,1.79391348361969,0.13285090029239655,0.0007586621213704348,0.5373815894126892,1.8659586906433105,-0.07031738758087158,0.0004488231206778437,0.45453712344169617,1.8560583591461182,-0.17054177820682526,0.0011439602822065353,0.6139787435531616,0.4298550486564636,-2.235502876146711e-07,0.5928661823272705,0.3887971043586731,0.010060996748507023,0.5848551392555237,0.34977486729621887,0.012623557820916176,0.5781806707382202,0.3218400180339813,0.01025708019733429,0.5722092986106873,0.29929256439208984,0.00731700798496604,0.6000945568084717,0.29980647563934326,0.018382085487246513,0.5959208011627197,0.2533797025680542,0.015245698392391205,0.5921180248260498,0.22999170422554016,0.012827406637370586,0.5882581472396851,0.2113797664642334,0.011137893423438072,0.6046579480171204,0.29926177859306335,0.009039941243827343,0.5723300576210022,0.2745959460735321,5.617626084131189e-05,0.5626789927482605,0.30407848954200745,-0.003337712259963155,0.5631174445152283,0.3341924250125885,-0.002595275640487671,0.6055006980895996,0.30445626378059387,-0.0007727212505415082,0.5716090798377991,0.28494858741760254,-0.010887548327445984,0.5658628940582275,0.31936025619506836,-0.010114929638803005,0.5696108341217041,0.34989336133003235,-0.00596989132463932,0.6044080257415771,0.3121354877948761,-0.009814923629164696,0.5771441459655762,0.29441866278648376,-0.015679167583584785,0.5718151330947876,0.320177286863327,-0.012739150784909725,0.5752120018005371,0.3461385667324066,-0.008107316680252552,0.0,0.0,0.0,0.0,0.0,0.0,0.0,0.0,0.0,0.0,0.0,0.0,0.0,0.0,0.0,0.0,0.0,0.0,0.0,0.0,0.0,0.0,0.0,0.0,0.0,0.0,0.0,0.0,0.0,0.0,0.0,0.0,0.0,0.0,0.0,0.0,0.0,0.0,0.0,0.0,0.0,0.0,0.0,0.0,0.0,0.0,0.0,0.0,0.0,0.0,0.0,0.0,0.0,0.0,0.0,0.0,0.0,0.0,0.0,0.0,0.0,0.0,0.0
0.5039977431297302,0.2523362636566162,-0.4198679029941559,0.999779224395752,0.5193196535110474,0.2184625267982483,-0.3797421157360077,0.9996301531791687,0.5274307727813721,0.22089511156082153,-0.3798563778400421,0.9996081590652466,0.5357075929641724,0.22325214743614197,-0.3796801269054413,0.9996001720428467,0.4943715035915375,0.21766288578510284,-0.38251927495002747,0.999599814414978,0.4844585955142975,0.21771197021007538,-0.38250988721847534,0.9996578097343445,0.47610437870025635,0.21792684495449066,-0.38288190960884094,0.9996686577796936,0.5494426488876343,0.24476279318332672,-0.15168771147727966,0.9994478821754456,0.4684433341026306,0.24114620685577393,-0.1623251736164093,0.9995360970497131,0.5201623439788818,0.2976279556751251,-0.3390296697616577,0.999724805355072,0.4852842688560486,0.2953472137451172,-0.34292519092559814,0.9996387958526611,0.6046566367149353,0.4701389968395233,-0.07649511843919754,0.999471127986908,0.40608254075050354,0.47990739345550537,-0.04294891655445099,0.9990782141685486,0.6501205563545227,0.7108900547027588,-0.4531174600124359,0.9642597436904907,0.3794555366039276,0.7687172293663025,0.07281175255775452,0.9503298401832581,0.6170722246170044,0.4542672038078308,-0.9859702587127686,0.943886935710907,0.3899754285812378,0.9807445406913757,0.019097795709967613,0.8770601153373718,0.606360673904419,0.37521427869796753,-1.0822354555130005,0.9114952087402344,0.3894670307636261,1.0752331018447876,0.008770966902375221,0.819123387336731,0.6035604476928711,0.3602924346923828,-1.0443406105041504,0.9211075305938721,0.39728641510009766,1.0757980346679688,-0.04918763414025307,0.8385710120201111,0.6015775799751282,0.3816051781177521,-0.9856111407279968,0.9213845729827881,0.40390855073928833,1.0442192554473877,-0.003931851591914892,0.8580897450447083,0.5693886280059814,0.9910588264465332,-0.01932133547961712,0.6154033541679382,0.4465949833393097,0.9860191345214844,0.020868297666311264,0.559616208076477,0.5680775046348572,1.3958063125610352,-0.027657628059387207,0.007365137804299593,0.4344398081302643,1.3815337419509888,-0.03851071372628212,0.00643300311639905,0.5579368472099304,1.75295889377594,0.22530031204223633,0.00047054639435373247,0.43050387501716614,1.740192174911499,0.1331176906824112,0.00044377424637787044,0.5612281560897827,1.7992628812789917,0.23408885300159454,0.00031462247716262937,0.4250470995903015,1.7909406423568726,0.1408890038728714,0.0007907963590696454,0.5373944640159607,1.8642374277114868,-0.04776310175657272,0.00046056052087806165,0.45416635274887085,1.8540080785751343,-0.1636398732662201,0.0011777925537899137,0.6099038124084473,0.4227008819580078,-1.9305586818063603e-07,0.5885595679283142,0.38261252641677856,0.007278848439455032,0.5826674699783325,0.345914363861084,0.008719805628061295,0.5788055062294006,0.32116541266441345,0.005965679883956909,0.5744918584823608,0.2990943491458893,0.0024729063734412193,0.599398136138916,0.2996176779270172,0.012926924973726273,0.5941574573516846,0.25732800364494324,0.008216011337935925,0.590459406375885,0.23387311398983002,0.004933787975460291,0.5871031284332275,0.2145189344882965,0.0028472784906625748,0.6036611199378967,0.299824059009552,0.004977882839739323,0.5726374983787537,0.27547547221183777,-0.005193118005990982,0.562698245048523,0.3040861189365387,-0.008690445683896542,0.5626641511917114,0.3318309187889099,-0.007961117662489414,0.604242742061615,0.30518200993537903,-0.0034508570097386837,0.5720495581626892,0.2847825288772583,-0.015201286412775517,0.5664590001106262,0.31819310784339905,-0.014544695615768433,0.5701737403869629,0.34767764806747437,-0.010000001639127731,0.6021237373352051,0.3138387203216553,-0.011259534396231174,0.5762814283370972,0.29518112540245056,-0.018768327310681343,0.5713493824005127,0.3197503685951233,-0.016252195462584496,0.5744103789329529,0.3463114798069,-0.01156210619956255,0.0,0.0,0.0,0.0,0.0,0.0,0.0,0.0,0.0,0.0,0.0,0.0,0.0,0.0,0.0,0.0,0.0,0.0,0.0,0.0,0.0,0.0,0.0,0.0,0.0,0.0,0.0,0.0,0.0,0.0,0.0,0.0,0.0,0.0,0.0,0.0,0.0,0.0,0.0,0.0,0.0,0.0,0.0,0.0,0.0,0.0,0.0,0.0,0.0,0.0,0.0,0.0,0.0,0.0,0.0,0.0,0.0,0.0,0.0,0.0,0.0,0.0,0.0
0.5030417442321777,0.2526399493217468,-0.42808815836906433,0.9997831583023071,0.5189406275749207,0.21874366700649261,-0.38672828674316406,0.9996368288993835,0.526868999004364,0.22122375667095184,-0.38683345913887024,0.999614953994751,0.5351446866989136,0.22357267141342163,-0.38657495379447937,0.9996086955070496,0.49425238370895386,0.21788473427295685,-0.39010006189346313,0.9996065497398376,0.48463916778564453,0.21761015057563782,-0.3900182843208313,0.9996628761291504,0.476295530796051,0.21756963431835175,-0.39040011167526245,0.9996720552444458,0.5489127039909363,0.2447817474603653,-0.15580637753009796,0.9994546175003052,0.4696003496646881,0.23995637893676758,-0.1693093627691269,0.9995497465133667,0.5193800330162048,0.2978906035423279,-0.34701403975486755,0.9997292160987854,0.4850711524486542,0.29438602924346924,-0.35172608494758606,0.999646008014679,0.6044262051582336,0.46954038739204407,-0.08446414023637772,0.9994863867759705,0.40640008449554443,0.47901538014411926,-0.05082046985626221,0.9990953207015991,0.6496893167495728,0.707323431968689,-0.46407875418663025,0.9636918306350708,0.37928250432014465,0.7703821659088135,0.05917910486459732,0.9509378671646118,0.6162453889846802,0.45453694462776184,-0.9987089037895203,0.9425463080406189,0.39234307408332825,0.9756053686141968,-0.005484236869961023,0.8790661096572876,0.6067818403244019,0.37907326221466064,-1.096213936805725,0.9095875024795532,0.39697933197021484,1.0684177875518799,-0.01829402707517147,0.820428192615509,0.6034466624259949,0.3640668988227844,-1.0574126243591309,0.9195359349250793,0.40395817160606384,1.067543625831604,-0.07435788214206696,0.8398194313049316,0.6012914776802063,0.386732280254364,-0.9981437921524048,0.9192343950271606,0.4088495969772339,1.0363647937774658,-0.027672290802001953,0.8584980368614197,0.5693184733390808,0.9907984137535095,-0.019221432507038116,0.6118043661117554,0.4460585415363312,0.9853786826133728,0.020758887752890587,0.5566887855529785,0.5682656168937683,1.3954840898513794,-0.019724994897842407,0.007547915447503328,0.43462321162223816,1.3808180093765259,-0.03767605870962143,0.006528532598167658,0.5595127940177917,1.7524667978286743,0.22671203315258026,0.00048691447591409087,0.43104663491249084,1.73928701877594,0.13559743762016296,0.0004544604162219912,0.5631839036941528,1.798612356185913,0.23480409383773804,0.00033000428811647,0.4255426228046417,1.7898916006088257,0.1436910480260849,0.0008215380948968232,0.5384157299995422,1.863877773284912,-0.04422084987163544,0.00047145949793048203,0.45563238859176636,1.8532330989837646,-0.15885107219219208,0.0012004792224615812,0.6088414192199707,0.42561066150665283,-2.2842773717002274e-07,0.5864933729171753,0.38418883085250854,0.009290625341236591,0.5789397954940796,0.34781453013420105,0.011391649954020977,0.5732401609420776,0.3203221261501312,0.008672209456562996,0.5679197907447815,0.2976818084716797,0.00544433668255806,0.5977479219436646,0.29936397075653076,0.01827842742204666,0.5928236246109009,0.2574091851711273,0.014579147100448608,0.588324248790741,0.23604421317577362,0.011240659281611443,0.5837663412094116,0.2187684327363968,0.008884274400770664,0.601424515247345,0.2991958260536194,0.009279989637434483,0.5691959261894226,0.2767694294452667,-0.000660412828437984,0.5600212216377258,0.3071296513080597,-0.004949735477566719,0.560740053653717,0.3364359140396118,-0.004691676236689091,0.6017040014266968,0.30397915840148926,-0.00027527663041837513,0.5685148239135742,0.2826109230518341,-0.011582846753299236,0.5628567337989807,0.31743595004081726,-0.011240682564675808,0.5665870904922485,0.3479204773902893,-0.0070320372469723225,0.6002771854400635,0.31144508719444275,-0.009102326817810535,0.5738703608512878,0.29436150193214417,-0.015991726890206337,0.5678984522819519,0.32036542892456055,-0.013476957567036152,0.5705669522285461,0.3465832471847534,-0.00891263410449028,0.0,0.0,0.0,0.0,0.0,0.0,0.0,0.0,0.0,0.0,0.0,0.0,0.0,0.0,0.0,0.0,0.0,0.0,0.0,0.0,0.0,0.0,0.0,0.0,0.0,0.0,0.0,0.0,0.0,0.0,0.0,0.0,0.0,0.0,0.0,0.0,0.0,0.0,0.0,0.0,0.0,0.0,0.0,0.0,0.0,0.0,0.0,0.0,0.0,0.0,0.0,0.0,0.0,0.0,0.0,0.0,0.0,0.0,0.0,0.0,0.0,0.0,0.0
0.5024746060371399,0.25242412090301514,-0.4294811487197876,0.9997753500938416,0.5186323523521423,0.21881666779518127,-0.38905271887779236,0.9996244311332703,0.5264698266983032,0.22119799256324768,-0.3891640603542328,0.9996041655540466,0.5348339676856995,0.22316770255565643,-0.38889703154563904,0.9995973706245422,0.49392902851104736,0.21756458282470703,-0.39161333441734314,0.9995926022529602,0.4844467341899872,0.21714341640472412,-0.3915064036846161,0.9996517896652222,0.4762769937515259,0.21701349318027496,-0.3918967545032501,0.9996578097343445,0.5489642024040222,0.2435043305158615,-0.16084066033363342,0.9994378685951233,0.4700111150741577,0.23927640914916992,-0.16935224831104279,0.999547004699707,0.5190907120704651,0.29784196615219116,-0.34928688406944275,0.9997209906578064,0.4849185347557068,0.2937357723712921,-0.35258445143699646,0.9996371865272522,0.6047611236572266,0.4702948331832886,-0.09328076988458633,0.9994803667068481,0.4069730341434479,0.47887420654296875,-0.04645809903740883,0.9990925192832947,0.6487954258918762,0.708551287651062,-0.47700074315071106,0.9622461199760437,0.38013097643852234,0.770147442817688,0.07074639946222305,0.9526403546333313,0.6148470640182495,0.451519638299942,-1.0107216835021973,0.9394769668579102,0.3938598334789276,0.9791930913925171,0.01409718208014965,0.8810586929321289,0.6045461893081665,0.37214088439941406,-1.106771469116211,0.9056026339530945,0.39468857645988464,1.0740158557891846,0.005375835578888655,0.8210217952728271,0.6014884114265442,0.35766130685806274,-1.0658451318740845,0.9159740805625916,0.4014052450656891,1.0744587182998657,-0.052540481090545654,0.8400173783302307,0.5996288657188416,0.3805725872516632,-1.0088896751403809,0.9153624176979065,0.4074546992778778,1.043121337890625,-0.00850756000727415,0.8585919737815857,0.5702155828475952,0.9906651377677917,-0.020270148292183876,0.6091649532318115,0.44639962911605835,0.9851011037826538,0.021749336272478104,0.5552429556846619,0.5683537125587463,1.3968223333358765,-0.013927103951573372,0.007766008377075195,0.4341333508491516,1.3802049160003662,-0.026703480631113052,0.006769371684640646,0.5578349232673645,1.751697301864624,0.23815791308879852,0.0005107292090542614,0.4300779402256012,1.7383642196655273,0.15334147214889526,0.0004813103878404945,0.5612960457801819,1.797588586807251,0.24724827706813812,0.0003550672554410994,0.4245101511478424,1.7885371446609497,0.16190187633037567,0.000906965637113899,0.5370825529098511,1.8640873432159424,-0.035719599574804306,0.0004942196537740529,0.45438382029533386,1.8531888723373413,-0.14010389149188995,0.0012635772582143545,0.6073915958404541,0.4299200177192688,-2.031936645607857e-07,0.5843909978866577,0.39345815777778625,0.00642601540312171,0.575366735458374,0.3563966453075409,0.007993524894118309,0.5688499808311462,0.32911181449890137,0.005258183926343918,0.5634661912918091,0.3064954876899719,0.0023042545653879642,0.5913553833961487,0.3027179539203644,0.016692252829670906,0.587396502494812,0.2597247362136841,0.013171237893402576,0.5835753679275513,0.23816360533237457,0.010147756896913052,0.5798771381378174,0.22020113468170166,0.00798784289509058,0.5953471064567566,0.30191570520401,0.00911156740039587,0.5658499598503113,0.2789040505886078,-0.0006664680549874902,0.5576925277709961,0.3073468506336212,-0.0049476115964353085,0.5588874220848083,0.33569633960723877,-0.0045017353259027,0.5969218015670776,0.30575230717658997,0.0007670376799069345,0.5654751658439636,0.28784865140914917,-0.010559172369539738,0.5604912042617798,0.32233738899230957,-0.010657410137355328,0.564464271068573,0.3528318405151367,-0.0065486254170536995,0.5972939133644104,0.3126562237739563,-0.0070899249985814095,0.5710199475288391,0.29724055528640747,-0.013714649714529514,0.5659379959106445,0.3230227828025818,-0.011153871193528175,0.5693652629852295,0.3494012653827667,-0.006461991462856531,0.0,0.0,0.0,0.0,0.0,0.0,0.0,0.0,0.0,0.0,0.0,0.0,0.0,0.0,0.0,0.0,0.0,0.0,0.0,0.0,0.0,0.0,0.0,0.0,0.0,0.0,0.0,0.0,0.0,0.0,0.0,0.0,0.0,0.0,0.0,0.0,0.0,0.0,0.0,0.0,0.0,0.0,0.0,0.0,0.0,0.0,0.0,0.0,0.0,0.0,0.0,0.0,0.0,0.0,0.0,0.0,0.0,0.0,0.0,0.0,0.0,0.0,0.0
0.5024831891059875,0.2532356381416321,-0.42676451802253723,0.9997678995132446,0.5192344188690186,0.21906007826328278,-0.38641610741615295,0.9996115565299988,0.5273171067237854,0.22146321833133698,-0.38653188943862915,0.9995916485786438,0.5355095267295837,0.2235422283411026,-0.38635873794555664,0.9995839595794678,0.49424341320991516,0.21808910369873047,-0.3898428678512573,0.9995781183242798,0.48462337255477905,0.21780343353748322,-0.3898164927959442,0.9996398687362671,0.4762030839920044,0.21759481728076935,-0.3901815414428711,0.9996445775032043,0.5495797395706177,0.24403977394104004,-0.15815173089504242,0.9994178414344788,0.46949732303619385,0.2389586865901947,-0.16895994544029236,0.9995411038398743,0.5189411640167236,0.29842671751976013,-0.3455180823802948,0.999711275100708,0.48466238379478455,0.29459983110427856,-0.3496629595756531,0.999629557132721,0.6050230264663696,0.4710504412651062,-0.0873849093914032,0.9994648098945618,0.4067332148551941,0.47917038202285767,-0.045640189200639725,0.9990726709365845,0.6482534408569336,0.7145406603813171,-0.46304041147232056,0.9600976705551147,0.380672812461853,0.7723950147628784,0.04954997077584267,0.9529187679290771,0.6120940446853638,0.45976632833480835,-0.986086905002594,0.9362102150917053,0.39563748240470886,0.9780058860778809,-0.0412789061665535,0.8824380040168762,0.6001525521278381,0.3847469985485077,-1.0822155475616455,0.9017637372016907,0.39557161927223206,1.0726813077926636,-0.05745144560933113,0.8224049210548401,0.5978233814239502,0.3686838150024414,-1.0406244993209839,0.9125559329986572,0.40287622809410095,1.0711184740066528,-0.11462680995464325,0.8413333892822266,0.5969566106796265,0.39030420780181885,-0.9837729930877686,0.9116144776344299,0.40890854597091675,1.039465308189392,-0.06487786024808884,0.8593668937683105,0.5700625777244568,0.9907036423683167,-0.020606985315680504,0.598952054977417,0.4467109441757202,0.985013484954834,0.02209611050784588,0.5449569225311279,0.569548487663269,1.3969290256500244,-0.011556560173630714,0.007933240383863449,0.4347045123577118,1.3803280591964722,-0.01882011629641056,0.006886886898428202,0.5594799518585205,1.7510837316513062,0.24299219250679016,0.0005243998020887375,0.43092504143714905,1.7378756999969482,0.15860344469547272,0.0004906452377326787,0.5630126595497131,1.7971254587173462,0.25244349241256714,0.0003644764656201005,0.42525821924209595,1.7878389358520508,0.1671222746372223,0.0009268845315091312,0.5386222004890442,1.8641400337219238,-0.028086001053452492,0.0005053108325228095,0.45584380626678467,1.852925181388855,-0.13177400827407837,0.0012914076214656234,0.6030657887458801,0.42702174186706543,-2.0885346430077334e-07,0.5814666748046875,0.3931664228439331,0.005094137974083424,0.5749633312225342,0.35774466395378113,0.006134116556495428,0.5705660581588745,0.3312264084815979,0.0033726063556969166,0.5661336183547974,0.3076472580432892,0.00010430319525767118,0.5917465090751648,0.3073677718639374,0.012433212250471115,0.586249828338623,0.26505857706069946,0.007099849637597799,0.581611156463623,0.24161913990974426,0.0031468658708035946,0.5776863694190979,0.22346970438957214,0.0007207144517451525,0.5960696339607239,0.3069518208503723,0.005533328279852867,0.5662268996238708,0.28323447704315186,-0.005672963801771402,0.5563098788261414,0.31232351064682007,-0.010242930613458157,0.556191086769104,0.34096473455429077,-0.009783463552594185,0.5974271893501282,0.3107885718345642,-0.0020648310892283916,0.5658685564994812,0.2912352979183197,-0.014951977878808975,0.5595613121986389,0.3255119323730469,-0.01517836656421423,0.5627697110176086,0.3554582893848419,-0.01072724163532257,0.5966998338699341,0.3181803226470947,-0.009189638309180737,0.5704007744789124,0.3002181649208069,-0.01767236553132534,0.5645933151245117,0.3254764676094055,-0.015609047375619411,0.566889762878418,0.35256677865982056,-0.010851342231035233,0.0,0.0,0.0,0.0,0.0,0.0,0.0,0.0,0.0,0.0,0.0,0.0,0.0,0.0,0.0,0.0,0.0,0.0,0.0,0.0,0.0,0.0,0.0,0.0,0.0,0.0,0.0,0.0,0.0,0.0,0.0,0.0,0.0,0.0,0.0,0.0,0.0,0.0,0.0,0.0,0.0,0.0,0.0,0.0,0.0,0.0,0.0,0.0,0.0,0.0,0.0,0.0,0.0,0.0,0.0,0.0,0.0,0.0,0.0,0.0,0.0,0.0,0.0
0.502839982509613,0.2540344297885895,-0.4210795760154724,0.9997615814208984,0.5196864604949951,0.21938151121139526,-0.38030898571014404,0.9996022582054138,0.5279181003570557,0.2218683511018753,-0.3804040253162384,0.9995831847190857,0.5358904004096985,0.22423569858074188,-0.3803492784500122,0.9995754957199097,0.49428483843803406,0.21879112720489502,-0.3847317397594452,0.9995675086975098,0.48469939827919006,0.21869777143001556,-0.38472068309783936,0.9996299147605896,0.47632208466529846,0.218486025929451,-0.38507285714149475,0.9996318817138672,0.5504578351974487,0.24592965841293335,-0.1528952717781067,0.9994019865989685,0.469258189201355,0.23977844417095184,-0.16550949215888977,0.9995373487472534,0.5193850994110107,0.2988875210285187,-0.3389086425304413,0.9997014403343201,0.48480531573295593,0.2950638234615326,-0.34371790289878845,0.9996200799942017,0.6047956943511963,0.4736723303794861,-0.09011282026767731,0.999447226524353,0.40648236870765686,0.48148757219314575,-0.040183257311582565,0.9990524053573608,0.6473138928413391,0.7165156006813049,-0.4750598967075348,0.957509458065033,0.3803890347480774,0.7743340134620667,0.061006445437669754,0.9544500112533569,0.6090113520622253,0.45882412791252136,-0.9993079304695129,0.9321102499961853,0.39646783471107483,0.97952800989151,-0.014287193305790424,0.8828052878379822,0.5967280268669128,0.3833555579185486,-1.0944663286209106,0.8969892263412476,0.3961505889892578,1.0754591226577759,-0.02665742300450802,0.82163405418396,0.5949323177337646,0.36816880106925964,-1.0522962808609009,0.9082515239715576,0.40314754843711853,1.0737571716308594,-0.08345403522253036,0.8403531908988953,0.5939475893974304,0.3901842534542084,-0.9965711236000061,0.9072767496109009,0.4089760184288025,1.0417248010635376,-0.037309762090444565,0.8583879470825195,0.5711348652839661,0.9916566014289856,-0.02138141170144081,0.6023690700531006,0.44576242566108704,0.9863917827606201,0.022879285737872124,0.5490311980247498,0.5692715048789978,1.3996732234954834,-0.006384777370840311,0.008082333020865917,0.4337109923362732,1.382515549659729,-0.00910904724150896,0.007086378987878561,0.5595729351043701,1.7523537874221802,0.25274544954299927,0.0005362710799090564,0.43039020895957947,1.741245985031128,0.17002804577350616,0.0005075757508166134,0.5631670355796814,1.7990254163742065,0.263015478849411,0.0003810355847235769,0.42488574981689453,1.7910250425338745,0.17873862385749817,0.0009830303024500608,0.5389334559440613,1.8666656017303467,-0.01716671697795391,0.0005198897561058402,0.4546322822570801,1.8544358015060425,-0.1190880835056305,0.0013302043080329895,0.6006681323051453,0.43228310346603394,-1.5845914447254472e-07,0.578524649143219,0.3985482454299927,0.0037613813765347004,0.5728726983070374,0.36290597915649414,0.0046459222212433815,0.5695531368255615,0.3361448049545288,0.0021262923255562782,0.5658418536186218,0.3129608929157257,-0.0008430889574810863,0.5878967046737671,0.3133104741573334,0.011405345052480698,0.5840523838996887,0.27403146028518677,0.006123339291661978,0.5808913707733154,0.24973423779010773,0.00211468362249434,0.5782054662704468,0.22968986630439758,-0.000360064092092216,0.5919704437255859,0.31244024634361267,0.00533925648778677,0.5634000301361084,0.28729048371315,-0.006106595043092966,0.5548063516616821,0.3153844177722931,-0.010667536407709122,0.5550269484519958,0.3445965051651001,-0.00993560254573822,0.5936908721923828,0.31634628772735596,-0.0014822941739112139,0.5634377002716064,0.29604241251945496,-0.014319718815386295,0.5583991408348083,0.3287566900253296,-0.014936752617359161,0.5619716644287109,0.35886964201927185,-0.010545670054852962,0.5937386155128479,0.3236428499221802,-0.008001127280294895,0.5681193470954895,0.3059949576854706,-0.016812963411211967,0.5628212094306946,0.3292442262172699,-0.01563635841012001,0.5649394392967224,0.35613980889320374,-0.011348462663590908,0.0,0.0,0.0,0.0,0.0,0.0,0.0,0.0,0.0,0.0,0.0,0.0,0.0,0.0,0.0,0.0,0.0,0.0,0.0,0.0,0.0,0.0,0.0,0.0,0.0,0.0,0.0,0.0,0.0,0.0,0.0,0.0,0.0,0.0,0.0,0.0,0.0,0.0,0.0,0.0,0.0,0.0,0.0,0.0,0.0,0.0,0.0,0.0,0.0,0.0,0.0,0.0,0.0,0.0,0.0,0.0,0.0,0.0,0.0,0.0,0.0,0.0,0.0
0.5025306940078735,0.2551175057888031,-0.406661719083786,0.9997535943984985,0.5191296339035034,0.21965615451335907,-0.3681700825691223,0.9995905756950378,0.5271778106689453,0.22214943170547485,-0.368299275636673,0.9995710253715515,0.5352228879928589,0.22457607090473175,-0.36803877353668213,0.9995645880699158,0.49399176239967346,0.21956481039524078,-0.371834397315979,0.999553382396698,0.4845600426197052,0.21956126391887665,-0.37171313166618347,0.9996141791343689,0.4762674868106842,0.21920934319496155,-0.3721385598182678,0.9996165633201599,0.5492204427719116,0.24596285820007324,-0.1496446579694748,0.999380886554718,0.4688486158847809,0.23948697745800018,-0.16246221959590912,0.9995234608650208,0.5189899206161499,0.2993117570877075,-0.3295689821243286,0.9996933341026306,0.4846094846725464,0.2959807813167572,-0.33432596921920776,0.999613881111145,0.6046067476272583,0.4735725522041321,-0.07625925540924072,0.9994425773620605,0.406520277261734,0.48093968629837036,-0.04354017227888107,0.9990447163581848,0.6447031497955322,0.7257469296455383,-0.45419830083847046,0.9574437737464905,0.3796381652355194,0.7782875299453735,0.03571993112564087,0.9558654427528381,0.6055622696876526,0.4615055322647095,-0.9746853709220886,0.9321680068969727,0.3923727869987488,0.9909809231758118,-0.05198113992810249,0.8791362047195435,0.5937322378158569,0.3874491751194,-1.0683941841125488,0.8966715335845947,0.3883006274700165,1.0893528461456299,-0.06558819115161896,0.8157958388328552,0.5924882888793945,0.3715604841709137,-1.0255180597305298,0.907956600189209,0.3950693905353546,1.0868871212005615,-0.124735526740551,0.8346090316772461,0.591357409954071,0.39294764399528503,-0.9718213677406311,0.9067513942718506,0.4017986059188843,1.0542786121368408,-0.07649822533130646,0.8535401225090027,0.5711374878883362,0.991734504699707,-0.015094875358045101,0.6115128397941589,0.4465894401073456,0.9861644506454468,0.016514986753463745,0.559812605381012,0.5715782642364502,1.4014599323272705,-0.006320092361420393,0.008698281832039356,0.43568289279937744,1.3829225301742554,-0.0154491001740098,0.007772956043481827,0.5609735250473022,1.7529666423797607,0.2510306239128113,0.0005542364669963717,0.4313609302043915,1.7421538829803467,0.15568560361862183,0.0005456667277030647,0.5643279552459717,1.7997475862503052,0.2607739567756653,0.00039534474490210414,0.42558524012565613,1.7920191287994385,0.16365092992782593,0.0010697360849007964,0.5402655005455017,1.8705750703811646,-0.014287103898823261,0.000548003998119384,0.455124169588089,1.8568596839904785,-0.13163408637046814,0.0014103378634899855,0.5974298715591431,0.43101736903190613,-1.1217778705940873e-07,0.5756850242614746,0.39879074692726135,0.0020193669479340315,0.5705466270446777,0.36406058073043823,0.0022582351230084896,0.5669820308685303,0.33783069252967834,-0.00032926935818977654,0.5630176663398743,0.3145628273487091,-0.0033415798097848892,0.5857582092285156,0.31624239683151245,0.008300094865262508,0.5826291441917419,0.27877339720726013,0.002928070956841111,0.5801557302474976,0.25433874130249023,-0.0008525801240466535,0.5787482857704163,0.2333166003227234,-0.00325106387026608,0.5902199149131775,0.31538623571395874,0.0031535436864942312,0.5617637038230896,0.29079553484916687,-0.008257140405476093,0.5524978637695312,0.3187571167945862,-0.012007385492324829,0.553045392036438,0.34732362627983093,-0.010782843455672264,0.5919279456138611,0.31984516978263855,-0.002762348623946309,0.5611828565597534,0.29919615387916565,-0.015740931034088135,0.5557495951652527,0.33118748664855957,-0.01560617983341217,0.559912919998169,0.36124351620674133,-0.010724428109824657,0.591585636138916,0.3279947340488434,-0.008542744442820549,0.5665310621261597,0.3113951086997986,-0.01802264153957367,0.5613327622413635,0.3341236710548401,-0.017079127952456474,0.5642274022102356,0.36112111806869507,-0.012866927310824394,0.0,0.0,0.0,0.0,0.0,0.0,0.0,0.0,0.0,0.0,0.0,0.0,0.0,0.0,0.0,0.0,0.0,0.0,0.0,0.0,0.0,0.0,0.0,0.0,0.0,0.0,0.0,0.0,0.0,0.0,0.0,0.0,0.0,0.0,0.0,0.0,0.0,0.0,0.0,0.0,0.0,0.0,0.0,0.0,0.0,0.0,0.0,0.0,0.0,0.0,0.0,0.0,0.0,0.0,0.0,0.0,0.0,0.0,0.0,0.0,0.0,0.0,0.0
0.5029978156089783,0.2558780610561371,-0.39403268694877625,0.9997594356536865,0.5191246271133423,0.21986626088619232,-0.35433655977249146,0.9995962381362915,0.5270395874977112,0.22252018749713898,-0.3544900715351105,0.9995787143707275,0.5350552797317505,0.22511857748031616,-0.3541528284549713,0.9995725750923157,0.49468693137168884,0.22006267309188843,-0.36031049489974976,0.9995577931404114,0.4852968454360962,0.22025392949581146,-0.36018049716949463,0.9996157884597778,0.47670313715934753,0.22012139856815338,-0.36063963174819946,0.9996175169944763,0.548787534236908,0.24657070636749268,-0.1347394585609436,0.9993873834609985,0.4682319760322571,0.2406730055809021,-0.15852373838424683,0.9995290040969849,0.5190742015838623,0.2997000217437744,-0.31668317317962646,0.9996979832649231,0.4848771095275879,0.29717451333999634,-0.3247238099575043,0.9996223449707031,0.6036050915718079,0.4732215702533722,-0.04846494272351265,0.9994540214538574,0.4058101773262024,0.48197469115257263,-0.047662220895290375,0.9990466237068176,0.6445586085319519,0.7320654392242432,-0.40934497117996216,0.9577969908714294,0.379835307598114,0.7799519896507263,0.011430536396801472,0.9567747712135315,0.6053182482719421,0.4682856500148773,-0.9142152667045593,0.934179961681366,0.3907603621482849,0.9911634922027588,-0.09781768918037415,0.8759188055992126,0.5924342274665833,0.3958045542240143,-1.0059934854507446,0.8997762203216553,0.3863604962825775,1.0895999670028687,-0.117343470454216,0.8115125894546509,0.5909331440925598,0.3790590763092041,-0.9630795121192932,0.910893440246582,0.3933356702327728,1.0860246419906616,-0.17726029455661774,0.8305575251579285,0.5900169610977173,0.4005342423915863,-0.9111992716789246,0.909738302230835,0.40007129311561584,1.0531197786331177,-0.12357433885335922,0.85016268491745,0.5711371898651123,0.992053210735321,-0.0077958619222044945,0.6096352934837341,0.44710075855255127,0.9865591526031494,0.009270979091525078,0.5591241717338562,0.57362961769104,1.4019986391067505,-0.0195182953029871,0.008532277308404446,0.4373929798603058,1.3832374811172485,-0.04306232929229736,0.007689058315008879,0.5626099109649658,1.7542202472686768,0.2199135720729828,0.0005304033402353525,0.4319804608821869,1.7435530424118042,0.11078909039497375,0.0005420178640633821,0.5661474466323853,1.8011205196380615,0.22721831500530243,0.00038008345291018486,0.42580461502075195,1.793550968170166,0.11597852408885956,0.0010629575699567795,0.5409347414970398,1.8730511665344238,-0.053558241575956345,0.0005465056747198105,0.4553288221359253,1.8575423955917358,-0.18271785974502563,0.00142260966822505,0.5973876118659973,0.4365292191505432,-1.0393303284672584e-07,0.5744868516921997,0.40908634662628174,0.00035323743941262364,0.569032609462738,0.3759339153766632,-9.736218635225669e-05,0.5656270384788513,0.3495735228061676,-0.003124771872535348,0.5617672801017761,0.32621949911117554,-0.006387908942997456,0.5834559202194214,0.3241272270679474,0.007355512585490942,0.5813830494880676,0.28596755862236023,0.0014612171798944473,0.5789411067962646,0.2614200711250305,-0.0024813467171043158,0.577463686466217,0.24023820459842682,-0.004928524140268564,0.5874807238578796,0.3229319751262665,0.002877186518162489,0.559671938419342,0.2966803014278412,-0.009089287370443344,0.5503670573234558,0.32498154044151306,-0.012766369618475437,0.5512694120407104,0.3533444106578827,-0.011278101243078709,0.5891894102096558,0.3271036446094513,-0.0025845884811133146,0.5591908097267151,0.30371737480163574,-0.01653052307665348,0.5535894632339478,0.3370603024959564,-0.01621568389236927,0.5580863356590271,0.36757349967956543,-0.010856167413294315,0.5892181992530823,0.33525463938713074,-0.008045798167586327,0.5648239850997925,0.3176659643650055,-0.018436072394251823,0.5596237182617188,0.34094178676605225,-0.017619065940380096,0.5629726052284241,0.36812829971313477,-0.013252664357423782,0.0,0.0,0.0,0.0,0.0,0.0,0.0,0.0,0.0,0.0,0.0,0.0,0.0,0.0,0.0,0.0,0.0,0.0,0.0,0.0,0.0,0.0,0.0,0.0,0.0,0.0,0.0,0.0,0.0,0.0,0.0,0.0,0.0,0.0,0.0,0.0,0.0,0.0,0.0,0.0,0.0,0.0,0.0,0.0,0.0,0.0,0.0,0.0,0.0,0.0,0.0,0.0,0.0,0.0,0.0,0.0,0.0,0.0,0.0,0.0,0.0,0.0,0.0
0.5032121539115906,0.2562878429889679,-0.3886721432209015,0.9997597932815552,0.5187532901763916,0.2201680839061737,-0.34908393025398254,0.9995954632759094,0.526566743850708,0.22285336256027222,-0.349234014749527,0.9995788335800171,0.534660279750824,0.2255585491657257,-0.34890469908714294,0.9995747804641724,0.49449998140335083,0.2205570489168167,-0.3544295132160187,0.9995546936988831,0.4850761294364929,0.22106145322322845,-0.35430198907852173,0.999609649181366,0.4765320122241974,0.22124861180782318,-0.35475167632102966,0.9996128678321838,0.5483323335647583,0.24734869599342346,-0.13015438616275787,0.9993859529495239,0.4679946303367615,0.2420375943183899,-0.15237115323543549,0.999521017074585,0.5192925333976746,0.2999088168144226,-0.3118041157722473,0.9996941089630127,0.48520752787590027,0.2979854643344879,-0.31899023056030273,0.9996180534362793,0.6041396260261536,0.4741247594356537,-0.05018402263522148,0.9994583129882812,0.40667811036109924,0.48217862844467163,-0.045168645679950714,0.9990361332893372,0.6413819789886475,0.7396336197853088,-0.4097360074520111,0.9577308297157288,0.38111308217048645,0.7803879380226135,-0.010309592820703983,0.9580804705619812,0.6051003336906433,0.4733021557331085,-0.9058437943458557,0.9349726438522339,0.3919704258441925,0.9877626895904541,-0.14277464151382446,0.8760338425636292,0.5930855870246887,0.39865922927856445,-0.9974021911621094,0.9013322591781616,0.38706475496292114,1.0864965915679932,-0.16570094227790833,0.8115510940551758,0.5917659997940063,0.38046976923942566,-0.9557158946990967,0.9124925136566162,0.3943292498588562,1.082401156425476,-0.22462768852710724,0.8304145336151123,0.5908081531524658,0.40195906162261963,-0.9030131101608276,0.91147381067276,0.4010852575302124,1.049516201019287,-0.16894826292991638,0.8505430221557617,0.5712117552757263,0.9922037720680237,-0.0072723315097391605,0.6111001372337341,0.44721704721450806,0.9865847826004028,0.008766896091401577,0.5626159310340881,0.5717441439628601,1.4040310382843018,-0.01908431202173233,0.00844586081802845,0.43692561984062195,1.3838114738464355,-0.043892569839954376,0.007662833668291569,0.5593597292900085,1.7560702562332153,0.22497007250785828,0.0005111824721097946,0.42992499470710754,1.7456752061843872,0.11478352546691895,0.0005383511888794601,0.5626664757728577,1.8030283451080322,0.23279830813407898,0.0003705962444655597,0.42389318346977234,1.7959301471710205,0.12108709663152695,0.0010686309542506933,0.5370431542396545,1.8758175373077393,-0.04625675454735756,0.000541810120921582,0.450956255197525,1.8590658903121948,-0.17707689106464386,0.0014300566399469972,0.5979645252227783,0.4518393576145172,-1.4178708340750745e-07,0.574146568775177,0.4186549782752991,0.0013342349557206035,0.5673562288284302,0.3842035233974457,0.0008075074292719364,0.5634527802467346,0.3563843071460724,-0.0025434009730815887,0.5591374039649963,0.3330650329589844,-0.006069457158446312,0.5850152969360352,0.3312291204929352,0.008631273172795773,0.5804910063743591,0.2923107445240021,0.002901186468079686,0.5774486064910889,0.2680373787879944,-0.0012549881357699633,0.5752972364425659,0.2466890513896942,-0.003973157145082951,0.5886948704719543,0.3311660587787628,0.0036315619945526123,0.5597882270812988,0.3025768995285034,-0.008611575700342655,0.5499182939529419,0.33013004064559937,-0.012720710597932339,0.5501788258552551,0.3582172691822052,-0.011594894342124462,0.589583694934845,0.33529365062713623,-0.0023153708316385746,0.5597071051597595,0.311691015958786,-0.01572989672422409,0.5527216792106628,0.34320202469825745,-0.015834396705031395,0.5558795928955078,0.37267062067985535,-0.011072986759245396,0.58852219581604,0.342885822057724,-0.00821349024772644,0.563973069190979,0.32501092553138733,-0.017311301082372665,0.5577434301376343,0.3474861979484558,-0.016354329884052277,0.5598705410957336,0.37388697266578674,-0.012241028249263763,0.0,0.0,0.0,0.0,0.0,0.0,0.0,0.0,0.0,0.0,0.0,0.0,0.0,0.0,0.0,0.0,0.0,0.0,0.0,0.0,0.0,0.0,0.0,0.0,0.0,0.0,0.0,0.0,0.0,0.0,0.0,0.0,0.0,0.0,0.0,0.0,0.0,0.0,0.0,0.0,0.0,0.0,0.0,0.0,0.0,0.0,0.0,0.0,0.0,0.0,0.0,0.0,0.0,0.0,0.0,0.0,0.0,0.0,0.0,0.0,0.0,0.0,0.0
0.5036762356758118,0.25790688395500183,-0.39446067810058594,0.9997521042823792,0.5191439986228943,0.22068580985069275,-0.35637447237968445,0.9995830059051514,0.5269095301628113,0.22368431091308594,-0.3565289080142975,0.9995679259300232,0.5348542332649231,0.22668789327144623,-0.3562554121017456,0.9995625615119934,0.4949454069137573,0.22221922874450684,-0.361519992351532,0.999538779258728,0.48551690578460693,0.22316047549247742,-0.36142197251319885,0.9995942711830139,0.4767322540283203,0.2235115021467209,-0.36186230182647705,0.9995981454849243,0.5480524301528931,0.24883100390434265,-0.1389513909816742,0.9993711113929749,0.4679543673992157,0.24348953366279602,-0.16055868566036224,0.9994990229606628,0.5193651914596558,0.3005535900592804,-0.3169281780719757,0.9996854662895203,0.4854508340358734,0.3000403344631195,-0.32405146956443787,0.9996091723442078,0.6043329238891602,0.47358033061027527,-0.05197187513113022,0.9994556307792664,0.40762859582901,0.4814480245113373,-0.04619985818862915,0.9990125298500061,0.6402779817581177,0.7474045157432556,-0.3910404443740845,0.958914041519165,0.38110360503196716,0.7799201011657715,-0.0044717430137097836,0.9592745900154114,0.6043998003005981,0.47570669651031494,-0.8767845034599304,0.9372692108154297,0.3940815031528473,0.9815091490745544,-0.1349414438009262,0.8786216974258423,0.5930768251419067,0.403163343667984,-0.9667937755584717,0.9040247797966003,0.39017948508262634,1.0794434547424316,-0.15800680220127106,0.8149024844169617,0.5921126008033752,0.38288697600364685,-0.9262667894363403,0.9148474335670471,0.3980058431625366,1.0734609365463257,-0.2150437831878662,0.8332880735397339,0.5912594199180603,0.40555110573768616,-0.8740999102592468,0.9138612151145935,0.404377281665802,1.0405089855194092,-0.16028165817260742,0.853369951248169,0.5711108446121216,0.9925910234451294,-0.004616671707481146,0.6222273707389832,0.4470624327659607,0.9863831400871277,0.00602902565151453,0.5746225118637085,0.5723536014556885,1.402098298072815,-0.017684562131762505,0.008904527872800827,0.43600645661354065,1.3835452795028687,-0.05025944486260414,0.008139047771692276,0.5611613392829895,1.7563446760177612,0.22460085153579712,0.0005273369024507701,0.43071112036705017,1.7455772161483765,0.10617928206920624,0.0005575882969424129,0.5646706819534302,1.8032746315002441,0.23219077289104462,0.00037436309503391385,0.42480650544166565,1.7958838939666748,0.11201238632202148,0.0010709894122555852,0.5386908054351807,1.8736237287521362,-0.04200105369091034,0.0005515196244232357,0.4531324505805969,1.8578871488571167,-0.18467746675014496,0.0014548011822625995,0.5967302918434143,0.45931026339530945,-1.3340520865767758e-07,0.5725452303886414,0.425695538520813,0.0015532266115769744,0.565994918346405,0.39049243927001953,0.0013603108236566186,0.5617027282714844,0.3617574870586395,-0.0018746107816696167,0.5565346479415894,0.33710336685180664,-0.005296418443322182,0.5834354162216187,0.33634671568870544,0.009886017069220543,0.5793335437774658,0.29812103509902954,0.004254235420376062,0.5762219429016113,0.2741387188434601,0.0001853106077760458,0.5742382407188416,0.2529129087924957,-0.002517663175240159,0.5874875783920288,0.3360433876514435,0.004425353370606899,0.558464765548706,0.3074658513069153,-0.007981114089488983,0.5485111474990845,0.33665844798088074,-0.011928421445190907,0.5491780042648315,0.36598557233810425,-0.0105174845084548,0.5889751315116882,0.340689092874527,-0.0021017061080783606,0.5587520599365234,0.31764358282089233,-0.016262564808130264,0.5527787208557129,0.3514048159122467,-0.01607452891767025,0.5571181774139404,0.38241416215896606,-0.010786515660583973,0.5885789394378662,0.34919142723083496,-0.008605778217315674,0.5645151734352112,0.33125177025794983,-0.01863953284919262,0.5587882995605469,0.3549790382385254,-0.017663585022091866,0.5617693662643433,0.3827478587627411,-0.013300339691340923,0.0,0.0,0.0,0.0,0.0,0.0,0.0,0.0,0.0,0.0,0.0,0.0,0.0,0.0,0.0,0.0,0.0,0.0,0.0,0.0,0.0,0.0,0.0,0.0,0.0,0.0,0.0,0.0,0.0,0.0,0.0,0.0,0.0,0.0,0.0,0.0,0.0,0.0,0.0,0.0,0.0,0.0,0.0,0.0,0.0,0.0,0.0,0.0,0.0,0.0,0.0,0.0,0.0,0.0,0.0,0.0,0.0,0.0,0.0,0.0,0.0,0.0,0.0
0.5038505792617798,0.2584758400917053,-0.4147282540798187,0.9997420310974121,0.5192161202430725,0.22094184160232544,-0.3775622248649597,0.9995651245117188,0.5269882082939148,0.22400149703025818,-0.377688467502594,0.9995531439781189,0.5349681377410889,0.22695809602737427,-0.37741348147392273,0.9995426535606384,0.49495676159858704,0.22253908216953278,-0.38155248761177063,0.9995173215866089,0.48548558354377747,0.22328658401966095,-0.3814319670200348,0.9995755553245544,0.4767679274082184,0.2234123796224594,-0.38185223937034607,0.999578595161438,0.5481775403022766,0.24924825131893158,-0.16212353110313416,0.9993526339530945,0.4680175185203552,0.24274510145187378,-0.17971114814281464,0.9994652271270752,0.519365131855011,0.30104076862335205,-0.3374662697315216,0.9996728301048279,0.4855845868587494,0.3009219169616699,-0.34327754378318787,0.9995932579040527,0.6054459810256958,0.47524765133857727,-0.06851663440465927,0.9994476437568665,0.40753859281539917,0.48118194937705994,-0.05187484994530678,0.9989662766456604,0.6405729651451111,0.7606282830238342,-0.40979355573654175,0.9595704078674316,0.381098210811615,0.7832371592521667,0.014629916287958622,0.9585853815078735,0.6055126190185547,0.4862440228462219,-0.9056352376937866,0.9390332698822021,0.39374059438705444,0.9801682233810425,-0.10095001012086868,0.8784245252609253,0.5948530435562134,0.4117376506328583,-0.9971250295639038,0.9064573049545288,0.38930097222328186,1.0763001441955566,-0.12233369797468185,0.8160334229469299,0.5942426323890686,0.3895099461078644,-0.9579415917396545,0.9171242713928223,0.39746639132499695,1.070036768913269,-0.17866173386573792,0.8345611095428467,0.5930953621864319,0.4141008257865906,-0.9036638140678406,0.9161268472671509,0.4037114679813385,1.037554383277893,-0.1257581263780594,0.8544822335243225,0.5721428394317627,0.9931337833404541,-0.006580796558409929,0.6240993738174438,0.44660264253616333,0.9878741502761841,0.008107731118798256,0.5749029517173767,0.5729392170906067,1.4068903923034668,-0.01587074063718319,0.009328639134764671,0.4359237849712372,1.3852665424346924,-0.048431042581796646,0.008475386537611485,0.5631705522537231,1.7602139711380005,0.2340417504310608,0.0005493925418704748,0.43124449253082275,1.7475277185440063,0.11248907446861267,0.0005654575070366263,0.5669792890548706,1.8070213794708252,0.24231766164302826,0.00037562873330898583,0.4254101812839508,1.7980903387069702,0.11893431842327118,0.0010321656009182334,0.5399360656738281,1.8796113729476929,-0.030750958248972893,0.0005574565730057657,0.45351412892341614,1.8606727123260498,-0.17761188745498657,0.0014304810902103782,0.5966207981109619,0.4704606533050537,-1.391942703321547e-07,0.572792112827301,0.43355700373649597,0.0033798785880208015,0.5664291381835938,0.39787784218788147,0.003643930424004793,0.5636408925056458,0.37029293179512024,0.00020542576385196298,0.5606502294540405,0.345730185508728,-0.003572812071070075,0.5823404788970947,0.3463864326477051,0.012492286041378975,0.5787214040756226,0.30541545152664185,0.0066509912721812725,0.5756625533103943,0.2803734838962555,0.0020569025073200464,0.5730454921722412,0.26016896963119507,-0.0007849617395550013,0.586682140827179,0.34571096301078796,0.0060660019516944885,0.5588984489440918,0.31509825587272644,-0.006012595724314451,0.549666702747345,0.3412785530090332,-0.011017575860023499,0.5495398044586182,0.3708972632884979,-0.010422487743198872,0.5890200138092041,0.34913408756256104,-0.0013764423783868551,0.5599225759506226,0.3237064480781555,-0.014904341660439968,0.5535315871238708,0.3557325303554535,-0.015530918724834919,0.5563703179359436,0.3877962827682495,-0.010892114602029324,0.5897094011306763,0.35615819692611694,-0.00864266138523817,0.5652562379837036,0.3372882008552551,-0.01773066073656082,0.5594265460968018,0.3603358268737793,-0.016522051766514778,0.5614699721336365,0.38881316781044006,-0.012127314694225788,0.0,0.0,0.0,0.0,0.0,0.0,0.0,0.0,0.0,0.0,0.0,0.0,0.0,0.0,0.0,0.0,0.0,0.0,0.0,0.0,0.0,0.0,0.0,0.0,0.0,0.0,0.0,0.0,0.0,0.0,0.0,0.0,0.0,0.0,0.0,0.0,0.0,0.0,0.0,0.0,0.0,0.0,0.0,0.0,0.0,0.0,0.0,0.0,0.0,0.0,0.0,0.0,0.0,0.0,0.0,0.0,0.0,0.0,0.0,0.0,0.0,0.0,0.0
0.503131628036499,0.25741738080978394,-0.40117189288139343,0.999730110168457,0.5183641314506531,0.22092102468013763,-0.36450642347335815,0.9995440244674683,0.5260873436927795,0.22336897253990173,-0.3646227717399597,0.9995379447937012,0.5343685150146484,0.22560691833496094,-0.3643219769001007,0.9995215535163879,0.49386507272720337,0.22155286371707916,-0.36552390456199646,0.9994896054267883,0.4842885136604309,0.22194936871528625,-0.36537978053092957,0.9995512366294861,0.4759841859340668,0.22205623984336853,-0.36581510305404663,0.9995533227920532,0.5481795072555542,0.24772927165031433,-0.15939311683177948,0.999338686466217,0.46813154220581055,0.24146485328674316,-0.16267022490501404,0.9994148015975952,0.519023060798645,0.3008216321468353,-0.32853466272354126,0.9996646642684937,0.4852818548679352,0.29921650886535645,-0.330710232257843,0.9995763301849365,0.6072490811347961,0.47759878635406494,-0.07682175189256668,0.9994511008262634,0.4078046977519989,0.48091578483581543,-0.04181920737028122,0.9989430904388428,0.6390385031700134,0.7701644897460938,-0.40417686104774475,0.9614601731300354,0.3820295035839081,0.7827773094177246,0.026576803997159004,0.959418535232544,0.6059134602546692,0.4955458343029022,-0.8861439824104309,0.9419770240783691,0.39385664463043213,0.9970154762268066,-0.07618515193462372,0.8833572864532471,0.5961596369743347,0.4218195080757141,-0.975501298904419,0.9102780222892761,0.391463965177536,1.0670257806777954,-0.09597010910511017,0.8235597610473633,0.595999538898468,0.39723828434944153,-0.9374867677688599,0.9205133318901062,0.40034300088882446,1.0584979057312012,-0.14778564870357513,0.8413909673690796,0.5946863293647766,0.42370256781578064,-0.8842514157295227,0.9198244214057922,0.4055550992488861,1.025781512260437,-0.09921790659427643,0.861051619052887,0.5719188451766968,0.9947842955589294,-0.00958369392901659,0.6372165679931641,0.44569215178489685,0.9889889359474182,0.011150681413710117,0.5891609191894531,0.5734187960624695,1.4117375612258911,0.0026428275741636753,0.009352709166705608,0.43409213423728943,1.3894366025924683,-0.02317742630839348,0.008553723804652691,0.5621448159217834,1.764350175857544,0.2751672863960266,0.0005578793352469802,0.4293089807033539,1.7502142190933228,0.16002514958381653,0.0005560661084018648,0.5659854412078857,1.8108502626419067,0.2864134609699249,0.0003641370276454836,0.42420825362205505,1.8002232313156128,0.16911977529525757,0.0009513541590422392,0.5384175777435303,1.8839914798736572,0.013490581884980202,0.0005394172039814293,0.45123180747032166,1.8668322563171387,-0.12753228843212128,0.0013515576720237732,0.5965953469276428,0.4772945046424866,-1.6085040499547176e-07,0.5728477835655212,0.4379921555519104,0.004392173141241074,0.566925585269928,0.4015607535839081,0.004830449819564819,0.5640593767166138,0.37420058250427246,0.0013986974954605103,0.5609551072120667,0.3495194911956787,-0.002517875749617815,0.5853238105773926,0.3512400984764099,0.012501662597060204,0.5795745849609375,0.31059786677360535,0.0068336473777890205,0.5760443806648254,0.2864934206008911,0.0023838565684854984,0.5732517242431641,0.2662936747074127,-0.0004161469987593591,0.5898516774177551,0.3508240878582001,0.005564397666603327,0.5600979328155518,0.32031014561653137,-0.006170962005853653,0.5499948263168335,0.34736040234565735,-0.011003430001437664,0.5496056079864502,0.3765362501144409,-0.010514545254409313,0.5916545391082764,0.3550230860710144,-0.0022340689320117235,0.5609716773033142,0.33027899265289307,-0.01553906686604023,0.554287314414978,0.36368414759635925,-0.016114557161927223,0.5571591258049011,0.39556974172592163,-0.011636998504400253,0.5909820795059204,0.3632599115371704,-0.009743208065629005,0.5660412311553955,0.3447182774543762,-0.018712198361754417,0.5598673820495605,0.36815908551216125,-0.017470302060246468,0.5614131093025208,0.39646488428115845,-0.013171839527785778,0.0,0.0,0.0,0.0,0.0,0.0,0.0,0.0,0.0,0.0,0.0,0.0,0.0,0.0,0.0,0.0,0.0,0.0,0.0,0.0,0.0,0.0,0.0,0.0,0.0,0.0,0.0,0.0,0.0,0.0,0.0,0.0,0.0,0.0,0.0,0.0,0.0,0.0,0.0,0.0,0.0,0.0,0.0,0.0,0.0,0.0,0.0,0.0,0.0,0.0,0.0,0.0,0.0,0.0,0.0,0.0,0.0,0.0,0.0,0.0,0.0,0.0,0.0
0.5028446316719055,0.25656387209892273,-0.3846433758735657,0.9997010827064514,0.5181151032447815,0.22090205550193787,-0.3470156788825989,0.9994980096817017,0.525657594203949,0.22295060753822327,-0.34715741872787476,0.9994990229606628,0.5339985489845276,0.2249903529882431,-0.3469008207321167,0.9994725584983826,0.49378833174705505,0.22070671617984772,-0.3499695062637329,0.9994361996650696,0.48429661989212036,0.2208215743303299,-0.3498702347278595,0.9995080232620239,0.4760611653327942,0.2207757532596588,-0.35030731558799744,0.9995089173316956,0.5477696061134338,0.24775904417037964,-0.14046892523765564,0.9992939233779907,0.46847957372665405,0.24056455492973328,-0.15347552299499512,0.999337911605835,0.5187193155288696,0.30045315623283386,-0.31144750118255615,0.9996388554573059,0.48516663908958435,0.2982143461704254,-0.3163793385028839,0.9995388388633728,0.6063001751899719,0.4770015478134155,-0.07543767243623734,0.9994337558746338,0.40795743465423584,0.48073866963386536,-0.026373393833637238,0.9988818168640137,0.6364709734916687,0.7717595100402832,-0.38513267040252686,0.962678849697113,0.38436707854270935,0.7804398536682129,0.07236451655626297,0.9595693349838257,0.6069797277450562,0.5012220144271851,-0.8618355393409729,0.9442541003227234,0.39358803629875183,0.9692526459693909,0.006736322771757841,0.8822076320648193,0.5985488295555115,0.4264993369579315,-0.9484437704086304,0.9134265184402466,0.3913152515888214,1.064185380935669,-0.006151617970317602,0.8228513598442078,0.5987789630889893,0.400395005941391,-0.9105418920516968,0.9232772588729858,0.3994401693344116,1.0568617582321167,-0.059274639934301376,0.8406471610069275,0.5964292287826538,0.42841488122940063,-0.8599675893783569,0.9227078557014465,0.40462738275527954,1.0246546268463135,-0.015750817954540253,0.8604878187179565,0.5740149617195129,0.9940729141235352,-0.010638328269124031,0.6571172475814819,0.4482397735118866,0.989173948764801,0.012161491438746452,0.6103546619415283,0.577187716960907,1.4087265729904175,-0.012671202421188354,0.010386996902525425,0.4388338327407837,1.3892468214035034,-0.05315859615802765,0.009576740674674511,0.5678025484085083,1.763095498085022,0.23746146261692047,0.0006243684911169112,0.4338736832141876,1.7502777576446533,0.10902736335992813,0.0006231315783225,0.5720452666282654,1.8098732233047485,0.24664881825447083,0.00038596842205151916,0.4283019006252289,1.8003178834915161,0.11540146917104721,0.0009725606068968773,0.5432841181755066,1.8805668354034424,-0.027504198253154755,0.0005705506773665547,0.4583051800727844,1.8664884567260742,-0.18047462403774261,0.001408146577887237,0.5978330969810486,0.48138126730918884,-1.407821201837578e-07,0.5738265514373779,0.4427040219306946,0.005707595031708479,0.5680024027824402,0.40757715702056885,0.006790899205952883,0.564076840877533,0.3818341791629791,0.0037464958149939775,0.559926450252533,0.3575879633426666,0.00011147980694659054,0.5865995287895203,0.3555331230163574,0.014062591828405857,0.5816875100135803,0.31530678272247314,0.0091311139985919,0.5774890780448914,0.2910703420639038,0.005139172077178955,0.5734615325927734,0.2714563012123108,0.0025885209906846285,0.5906978249549866,0.3551800847053528,0.006508414633572102,0.5616836547851562,0.3248734474182129,-0.004653370939195156,0.5514597296714783,0.35058411955833435,-0.00932901818305254,0.5505167245864868,0.3803330957889557,-0.008754958398640156,0.5923241972923279,0.3604098856449127,-0.0018071745289489627,0.5620681643486023,0.3371797502040863,-0.01458925474435091,0.5553905963897705,0.36807262897491455,-0.015376264229416847,0.5579224824905396,0.3988853991031647,-0.01110908854752779,0.591411292552948,0.3692041039466858,-0.009710698388516903,0.5667268633842468,0.35064977407455444,-0.018513064831495285,0.561089277267456,0.37339508533477783,-0.017389735206961632,0.563368558883667,0.4013667404651642,-0.013180934824049473,0.0,0.0,0.0,0.0,0.0,0.0,0.0,0.0,0.0,0.0,0.0,0.0,0.0,0.0,0.0,0.0,0.0,0.0,0.0,0.0,0.0,0.0,0.0,0.0,0.0,0.0,0.0,0.0,0.0,0.0,0.0,0.0,0.0,0.0,0.0,0.0,0.0,0.0,0.0,0.0,0.0,0.0,0.0,0.0,0.0,0.0,0.0,0.0,0.0,0.0,0.0,0.0,0.0,0.0,0.0,0.0,0.0,0.0,0.0,0.0,0.0,0.0,0.0
0.502327561378479,0.2560621500015259,-0.40915387868881226,0.999698281288147,0.5174378752708435,0.22074946761131287,-0.37267351150512695,0.9994827508926392,0.5248176455497742,0.22243213653564453,-0.37278810143470764,0.999495804309845,0.533257007598877,0.22438570857048035,-0.3725077509880066,0.9994522929191589,0.49319586157798767,0.22011540830135345,-0.37599724531173706,0.999419093132019,0.4838100075721741,0.22023262083530426,-0.3758834898471832,0.999502956867218,0.4757809340953827,0.22039705514907837,-0.3763226568698883,0.999491810798645,0.5472971796989441,0.2477603256702423,-0.16387616097927094,0.999291718006134,0.468545138835907,0.24048484861850739,-0.17978787422180176,0.9993184208869934,0.5182374715805054,0.30022141337394714,-0.3353273570537567,0.9996373057365417,0.4849350154399872,0.2973170876502991,-0.3409358561038971,0.9995332956314087,0.6057336330413818,0.4778333902359009,-0.08513572812080383,0.9994076490402222,0.4084918200969696,0.4800214469432831,-0.04092595726251602,0.99881911277771,0.6360254883766174,0.7727985382080078,-0.40692049264907837,0.9620341062545776,0.38542643189430237,0.7791995406150818,0.08663490414619446,0.9580854773521423,0.6089006662368774,0.505180299282074,-0.9104534387588501,0.9430198073387146,0.39357396960258484,0.9672190546989441,0.05184737592935562,0.8814532160758972,0.6015937328338623,0.43045786023139954,-1.0001734495162964,0.9132316708564758,0.39126279950141907,1.0616099834442139,0.04549671337008476,0.8225508332252502,0.6017325520515442,0.40439778566360474,-0.9630444645881653,0.9232940077781677,0.3989015519618988,1.0570344924926758,-0.009268095716834068,0.8401569724082947,0.598868191242218,0.4339323937892914,-0.9095976948738098,0.9230098128318787,0.4039047062397003,1.0253015756607056,0.030091384425759315,0.8601860404014587,0.573327362537384,0.9931185245513916,-0.01139046810567379,0.6509233117103577,0.44828158617019653,0.9881532788276672,0.012872888706624508,0.6016973853111267,0.5758375525474548,1.4061704874038696,-0.021283386275172234,0.010181214660406113,0.4380723536014557,1.3887121677398682,-0.04709939658641815,0.009312823414802551,0.5650390982627869,1.7610137462615967,0.22578422725200653,0.0006559788598679006,0.43240174651145935,1.7502334117889404,0.11655878275632858,0.0006438415148295462,0.5692756772041321,1.8075861930847168,0.2346140593290329,0.00038961219252087176,0.42652463912963867,1.8003360033035278,0.12320759892463684,0.0009561065235175192,0.5406494736671448,1.8789161443710327,-0.044195517897605896,0.0005821168888360262,0.4566757380962372,1.864963173866272,-0.1758524477481842,0.0013995650224387646,0.5965385437011719,0.48426198959350586,-1.7178412292651046e-07,0.5739801526069641,0.44299638271331787,0.005538620054721832,0.5689422488212585,0.407211035490036,0.006734151393175125,0.5652652978897095,0.3812340199947357,0.004047038499265909,0.5609195828437805,0.35721975564956665,0.0008071560296230018,0.5891485214233398,0.35842958092689514,0.013037899509072304,0.5832294821739197,0.32047802209854126,0.007703693583607674,0.5786013603210449,0.2980726361274719,0.003319935407489538,0.5750572681427002,0.2798413634300232,0.0006266236305236816,0.5932363867759705,0.35889875888824463,0.006016474682837725,0.5644870400428772,0.3308679461479187,-0.004929656162858009,0.5540722608566284,0.359148770570755,-0.00898992083966732,0.553868293762207,0.38764894008636475,-0.00820966251194477,0.5945863723754883,0.36473608016967773,-0.0017757044406607747,0.5649592876434326,0.3428827226161957,-0.013546728529036045,0.5577419400215149,0.3744411766529083,-0.013357823714613914,0.5602579712867737,0.4043826162815094,-0.00883521232753992,0.593783438205719,0.37436267733573914,-0.009270627051591873,0.5705152153968811,0.3555537760257721,-0.016619857400655746,0.5635488629341125,0.37641406059265137,-0.014804376289248466,0.5642281174659729,0.4028518795967102,-0.010433134622871876,0.0,0.0,0.0,0.0,0.0,0.0,0.0,0.0,0.0,0.0,0.0,0.0,0.0,0.0,0.0,0.0,0.0,0.0,0.0,0.0,0.0,0.0,0.0,0.0,0.0,0.0,0.0,0.0,0.0,0.0,0.0,0.0,0.0,0.0,0.0,0.0,0.0,0.0,0.0,0.0,0.0,0.0,0.0,0.0,0.0,0.0,0.0,0.0,0.0,0.0,0.0,0.0,0.0,0.0,0.0,0.0,0.0,0.0,0.0,0.0,0.0,0.0,0.0
0.5014598369598389,0.2549157738685608,-0.4104687571525574,0.9996814727783203,0.5167679786682129,0.22068160772323608,-0.3734375536441803,0.9994509816169739,0.5239496827125549,0.22203056514263153,-0.3735671639442444,0.9994741678237915,0.5323668718338013,0.22362938523292542,-0.37332016229629517,0.9994170069694519,0.4921973943710327,0.21901850402355194,-0.37758156657218933,0.9993807673454285,0.48268482089042664,0.218816876411438,-0.37747636437416077,0.9994763135910034,0.4749579429626465,0.2186979502439499,-0.3779137432575226,0.9994560480117798,0.5463024377822876,0.24715545773506165,-0.16468501091003418,0.9992634654045105,0.4680107533931732,0.23908397555351257,-0.18464641273021698,0.9992674589157104,0.5174919366836548,0.2996120750904083,-0.33671051263809204,0.9996204972267151,0.4840083122253418,0.2957555949687958,-0.3435366451740265,0.9995073676109314,0.6048086285591125,0.47823473811149597,-0.08894487470388412,0.9993811249732971,0.40825706720352173,0.4794963598251343,-0.04278720170259476,0.9987301826477051,0.6337595582008362,0.7736868262290955,-0.39872750639915466,0.9618443250656128,0.3852209448814392,0.7808279991149902,0.08932529389858246,0.9578053951263428,0.609735369682312,0.5104533433914185,-0.8909192681312561,0.9431880116462708,0.3921106159687042,0.9689744710922241,0.060045186430215836,0.881894588470459,0.6047379374504089,0.4384681284427643,-0.9783079624176025,0.914239764213562,0.3895224928855896,1.062082052230835,0.05433742329478264,0.8226709961891174,0.6046227216720581,0.4121114909648895,-0.941560685634613,0.9242913722991943,0.3968217968940735,1.057468056678772,0.0002394671755610034,0.8397164344787598,0.6014453768730164,0.44340217113494873,-0.8897807002067566,0.9241524934768677,0.4019157588481903,1.0256884098052979,0.038712237030267715,0.8599897027015686,0.5739462971687317,0.991933286190033,-0.010985950008034706,0.6588094830513,0.4488052725791931,0.9876375794410706,0.012351857498288155,0.6093275547027588,0.5768498778343201,1.40434992313385,-0.012459201738238335,0.01046032179147005,0.43900102376937866,1.3884488344192505,-0.04018121957778931,0.009663602337241173,0.5666934847831726,1.7592295408248901,0.25430095195770264,0.0007072747102938592,0.43463945388793945,1.7501590251922607,0.137791708111763,0.0006988593959249556,0.5709978342056274,1.8056977987289429,0.26513129472732544,0.00040584607631899416,0.4288451373577118,1.8003110885620117,0.14625810086727142,0.0009911446832120419,0.5425539612770081,1.8774155378341675,-0.00609271414577961,0.0006060751620680094,0.45956987142562866,1.8642221689224243,-0.14964140951633453,0.0014342846116051078,0.5981741547584534,0.48664575815200806,-1.870723593810908e-07,0.5775858759880066,0.44327306747436523,0.006017293781042099,0.5731571316719055,0.4066469073295593,0.007292247377336025,0.5705296993255615,0.3802608251571655,0.0045275939628481865,0.5671931505203247,0.3561353087425232,0.001143520581535995,0.591415286064148,0.3620930016040802,0.013340449891984463,0.58558189868927,0.3214201331138611,0.007620752789080143,0.5812954902648926,0.29814523458480835,0.0032205055467784405,0.5781516432762146,0.2799013555049896,0.0006595312734134495,0.5951429009437561,0.3624812960624695,0.006230819039046764,0.5656235814094543,0.33497360348701477,-0.004873940721154213,0.5555710792541504,0.36362457275390625,-0.009204987436532974,0.5556414127349854,0.39142218232154846,-0.008585589937865734,0.5962212085723877,0.3680546283721924,-0.0016139991348609328,0.5658511519432068,0.34604212641716003,-0.013907719403505325,0.559337854385376,0.3787645995616913,-0.013955212198197842,0.5624377131462097,0.40844592452049255,-0.009470990858972073,0.5951098203659058,0.377580851316452,-0.009013142436742783,0.5707557201385498,0.35918912291526794,-0.016632970422506332,0.5646188259124756,0.3817514479160309,-0.014674759469926357,0.5663440823554993,0.407734751701355,-0.010154099203646183,0.0,0.0,0.0,0.0,0.0,0.0,0.0,0.0,0.0,0.0,0.0,0.0,0.0,0.0,0.0,0.0,0.0,0.0,0.0,0.0,0.0,0.0,0.0,0.0,0.0,0.0,0.0,0.0,0.0,0.0,0.0,0.0,0.0,0.0,0.0,0.0,0.0,0.0,0.0,0.0,0.0,0.0,0.0,0.0,0.0,0.0,0.0,0.0,0.0,0.0,0.0,0.0,0.0,0.0,0.0,0.0,0.0,0.0,0.0,0.0,0.0,0.0,0.0
0.5013317465782166,0.25350385904312134,-0.40683647990226746,0.9996599555015564,0.5171205997467041,0.22038523852825165,-0.36997148394584656,0.9994156956672668,0.5245299935340881,0.2213190495967865,-0.3700900375843048,0.9994473457336426,0.5329714417457581,0.22269462049007416,-0.3698205053806305,0.9993751049041748,0.4925369620323181,0.2180883288383484,-0.3724718987941742,0.9993405342102051,0.48307397961616516,0.21795086562633514,-0.3723583519458771,0.9994503259658813,0.47518837451934814,0.21804578602313995,-0.3727933466434479,0.9994236826896667,0.5471131801605225,0.2469581663608551,-0.16128922998905182,0.9992309212684631,0.4681481122970581,0.240187868475914,-0.17324353754520416,0.9992135763168335,0.5173187851905823,0.29899024963378906,-0.33329957723617554,0.9995937943458557,0.4837876856327057,0.29441753029823303,-0.33789363503456116,0.9994655251502991,0.6056848168373108,0.47955209016799927,-0.0877217948436737,0.9993033409118652,0.4084809422492981,0.47977691888809204,-0.03564900904893875,0.9985221028327942,0.6330605745315552,0.7727001309394836,-0.399586945772171,0.9603955149650574,0.38477593660354614,0.7838816046714783,0.09227239340543747,0.956565797328949,0.6103906035423279,0.5063676238059998,-0.8894770741462708,0.9417975544929504,0.39057546854019165,0.972495436668396,0.05884035676717758,0.8827664256095886,0.6044695973396301,0.43355756998062134,-0.9763089418411255,0.9135909080505371,0.38761207461357117,1.066714882850647,0.053274963051080704,0.8244186639785767,0.6042123436927795,0.4070965051651001,-0.9392746686935425,0.923763632774353,0.39497557282447815,1.0620924234390259,-0.0006193261360749602,0.8409926891326904,0.6014109253883362,0.43775123357772827,-0.8882176280021667,0.9237242937088013,0.40013712644577026,1.0302916765213013,0.03728823736310005,0.8615636825561523,0.5723956227302551,0.991338312625885,-0.011329839937388897,0.6578596234321594,0.4488460421562195,0.9863243699073792,0.012734976597130299,0.6060783267021179,0.5735856890678406,1.4074079990386963,-0.013457010500133038,0.01083002146333456,0.43562090396881104,1.3885008096694946,-0.04239858686923981,0.009935860522091389,0.5627566576004028,1.7622946500778198,0.24737484753131866,0.0007489343988709152,0.43121370673179626,1.7512038946151733,0.13249650597572327,0.0007405829965136945,0.5667123198509216,1.8083723783493042,0.25783637166023254,0.00040950311813503504,0.4260128140449524,1.8017160892486572,0.14056923985481262,0.0009874807437881827,0.5393543839454651,1.8816720247268677,-0.016963256523013115,0.0006258903304114938,0.45515120029449463,1.8672831058502197,-0.15833638608455658,0.0014642701717093587,0.6001662015914917,0.4909534454345703,-1.8496051268357405e-07,0.579815149307251,0.4464663565158844,0.00624956376850605,0.5763624906539917,0.40968024730682373,0.0074538737535476685,0.5745112895965576,0.38405928015708923,0.004674161784350872,0.5715095400810242,0.3603990077972412,0.001318913302384317,0.5940293669700623,0.3636987805366516,0.012735962867736816,0.5885340571403503,0.3227112293243408,0.006945785600692034,0.5839981436729431,0.2985219657421112,0.0024351950269192457,0.5801185369491577,0.27941569685935974,-0.00023856786719989032,0.5975034236907959,0.3650871217250824,0.005452331155538559,0.5685825347900391,0.3354203999042511,-0.005435748025774956,0.5588365793228149,0.3635888695716858,-0.009267989546060562,0.5587956309318542,0.3916236162185669,-0.00852112378925085,0.5983280539512634,0.37159791588783264,-0.002524901647120714,0.5685881972312927,0.3486434519290924,-0.014110272750258446,0.5623388290405273,0.38113048672676086,-0.013529670424759388,0.5652362704277039,0.4110850393772125,-0.008994076400995255,0.5972716808319092,0.38173097372055054,-0.010125909931957722,0.5731215476989746,0.362842857837677,-0.016856100410223007,0.5670936107635498,0.38397613167762756,-0.014494109898805618,0.5684645175933838,0.4088023006916046,-0.01000318955630064,0.0,0.0,0.0,0.0,0.0,0.0,0.0,0.0,0.0,0.0,0.0,0.0,0.0,0.0,0.0,0.0,0.0,0.0,0.0,0.0,0.0,0.0,0.0,0.0,0.0,0.0,0.0,0.0,0.0,0.0,0.0,0.0,0.0,0.0,0.0,0.0,0.0,0.0,0.0,0.0,0.0,0.0,0.0,0.0,0.0,0.0,0.0,0.0,0.0,0.0,0.0,0.0,0.0,0.0,0.0,0.0,0.0,0.0,0.0,0.0,0.0,0.0,0.0
0.5016438364982605,0.25253215432167053,-0.39995914697647095,0.9996522068977356,0.517289400100708,0.22020019590854645,-0.362263947725296,0.9994019865989685,0.5245171785354614,0.220887690782547,-0.36238744854927063,0.9994438886642456,0.5328776836395264,0.22213546931743622,-0.36214569211006165,0.9993619322776794,0.4931434392929077,0.21748915314674377,-0.36666491627693176,0.9993216395378113,0.4837764799594879,0.21747708320617676,-0.3665526211261749,0.9994426369667053,0.4757010042667389,0.2177381068468094,-0.36698275804519653,0.9994053840637207,0.546815037727356,0.2463446408510208,-0.15092499554157257,0.9992318749427795,0.4685449004173279,0.24029532074928284,-0.17160750925540924,0.999191403388977,0.5173903703689575,0.2984126806259155,-0.32555028796195984,0.9995855093002319,0.4841533303260803,0.29354000091552734,-0.33272236585617065,0.999439537525177,0.6040781140327454,0.47996407747268677,-0.08185961842536926,0.9992964267730713,0.40823525190353394,0.4796561300754547,-0.03273281827569008,0.9984108805656433,0.6325830221176147,0.7737889885902405,-0.39476296305656433,0.9603944420814514,0.38650670647621155,0.7844311594963074,0.11675480008125305,0.9566764235496521,0.6120420098304749,0.5110421776771545,-0.897339940071106,0.9424366354942322,0.3898761570453644,0.9706016182899475,0.11703600734472275,0.8866175413131714,0.6063112020492554,0.4382094144821167,-0.9836142063140869,0.9156684279441833,0.38704726099967957,1.0637942552566528,0.11852547526359558,0.828891932964325,0.6048576831817627,0.41125673055648804,-0.9460317492485046,0.9257601499557495,0.3939441442489624,1.0600751638412476,0.06549083441495895,0.8445779085159302,0.6024240851402283,0.4417102336883545,-0.8958179354667664,0.9261168241500854,0.39910632371902466,1.0283212661743164,0.09732421487569809,0.8651259541511536,0.5725629925727844,0.9900224208831787,-0.008169516921043396,0.6605260968208313,0.44895657896995544,0.9851046204566956,0.009504009038209915,0.608025074005127,0.5742690563201904,1.405252456665039,-0.009511370211839676,0.010198336094617844,0.43607059121131897,1.3880327939987183,-0.04461430385708809,0.009363211691379547,0.5630887150764465,1.7614190578460693,0.24306640028953552,0.0007118381327018142,0.43209731578826904,1.7515202760696411,0.12512074410915375,0.0007086445111781359,0.5673683881759644,1.8074936866760254,0.25319793820381165,0.00038853014120832086,0.4264339804649353,1.8015553951263428,0.13277895748615265,0.0009489470976404846,0.5396852493286133,1.8796037435531616,-0.018357248976826668,0.0005944516160525382,0.45745858550071716,1.8673063516616821,-0.16374967992305756,0.0014020194066688418,0.6016426086425781,0.48862195014953613,-1.8764450260277954e-07,0.5829930305480957,0.4450950026512146,0.005608318839222193,0.5795470476150513,0.40707799792289734,0.00669072475284338,0.578047513961792,0.38165077567100525,0.004199885297566652,0.5752185583114624,0.3588322699069977,0.0011604862520471215,0.5964730978012085,0.36473870277404785,0.010713202878832817,0.5918259620666504,0.32200613617897034,0.0053769866935908794,0.5869566798210144,0.2983323037624359,0.0017049391753971577,0.5826095938682556,0.2795441746711731,-0.0004201696428935975,0.5999897122383118,0.3667411506175995,0.004107381217181683,0.5718050003051758,0.33807089924812317,-0.006414325907826424,0.5614023208618164,0.36624565720558167,-0.009666326455771923,0.5607488751411438,0.3933686912059784,-0.008546922355890274,0.6005676984786987,0.37429431080818176,-0.003033866174519062,0.5713772177696228,0.3526628911495209,-0.013704949989914894,0.5648546814918518,0.38343313336372375,-0.012593161314725876,0.5673208236694336,0.41107630729675293,-0.00795100349932909,0.5990670919418335,0.38543301820755005,-0.009800774976611137,0.5757003426551819,0.36749181151390076,-0.01553279347717762,0.5703791975975037,0.388114333152771,-0.012760345824062824,0.5723852515220642,0.41101300716400146,-0.008166243322193623,0.0,0.0,0.0,0.0,0.0,0.0,0.0,0.0,0.0,0.0,0.0,0.0,0.0,0.0,0.0,0.0,0.0,0.0,0.0,0.0,0.0,0.0,0.0,0.0,0.0,0.0,0.0,0.0,0.0,0.0,0.0,0.0,0.0,0.0,0.0,0.0,0.0,0.0,0.0,0.0,0.0,0.0,0.0,0.0,0.0,0.0,0.0,0.0,0.0,0.0,0.0,0.0,0.0,0.0,0.0,0.0,0.0,0.0,0.0,0.0,0.0,0.0,0.0
0.5023148655891418,0.25121182203292847,-0.3902053236961365,0.9996509552001953,0.5180503129959106,0.2199047952890396,-0.35296958684921265,0.9994025826454163,0.5253806710243225,0.22048434615135193,-0.3530782461166382,0.9994481205940247,0.5336081385612488,0.22139766812324524,-0.3528318703174591,0.9993589520454407,0.49411681294441223,0.2166270911693573,-0.35684770345687866,0.999321699142456,0.4848543107509613,0.21658878028392792,-0.35671934485435486,0.9994479417800903,0.4764089286327362,0.2167838215827942,-0.3571501076221466,0.9994060397148132,0.5471497774124146,0.2451063096523285,-0.1465221345424652,0.9992396831512451,0.4690800607204437,0.23957915604114532,-0.16524556279182434,0.9991909861564636,0.5176647901535034,0.2976003587245941,-0.3178340792655945,0.999584436416626,0.48481810092926025,0.292261004447937,-0.3244716227054596,0.9994316697120667,0.6042463183403015,0.4809058904647827,-0.08194077014923096,0.9992435574531555,0.4074842035770416,0.48009735345840454,-0.03246399387717247,0.9982569217681885,0.6333281397819519,0.774275004863739,-0.39026162028312683,0.9593387246131897,0.38597753643989563,0.7849805951118469,0.10551108419895172,0.9565767049789429,0.6132451295852661,0.5067259073257446,-0.876900315284729,0.94148188829422,0.3890048861503601,0.971028745174408,0.09712834656238556,0.890226423740387,0.6073474287986755,0.43566349148750305,-0.9608141779899597,0.9153038263320923,0.38547810912132263,1.0651441812515259,0.0974045917391777,0.8329118490219116,0.6068565249443054,0.40890026092529297,-0.9222289323806763,0.9254336357116699,0.39252790808677673,1.0607470273971558,0.0452289842069149,0.8477243185043335,0.6035117506980896,0.4387325048446655,-0.8748195171356201,0.9260055422782898,0.39821645617485046,1.028935194015503,0.0771644115447998,0.8685325384140015,0.5722001194953918,0.9904667735099792,-0.006907390430569649,0.6677793264389038,0.448414146900177,0.9850177764892578,0.008137332275509834,0.6147316098213196,0.5742208957672119,1.4064304828643799,-0.006831473670899868,0.010422109626233578,0.43574297428131104,1.3882977962493896,-0.03453705459833145,0.009442194364964962,0.5640991926193237,1.7619720697402954,0.2630135715007782,0.0007491564610973,0.4326925277709961,1.752929449081421,0.1472471058368683,0.0007490857387892902,0.5683702826499939,1.8076640367507935,0.2750697731971741,0.0003920017625205219,0.42701682448387146,1.803071141242981,0.15663237869739532,0.0009440327994525433,0.5414344072341919,1.8806557655334473,0.003978076856583357,0.0006079110316932201,0.45868995785713196,1.8688470125198364,-0.1390702724456787,0.00142317870631814,0.605087161064148,0.48940640687942505,-2.031083141673662e-07,0.5855513215065002,0.44505923986434937,0.005715819541364908,0.581701397895813,0.4058324098587036,0.006680455058813095,0.5802369117736816,0.37879401445388794,0.004291767254471779,0.5774862170219421,0.35588914155960083,0.001410002587363124,0.5997194647789001,0.36172735691070557,0.01006939634680748,0.5948721170425415,0.319336473941803,0.004326473921537399,0.5897073149681091,0.2957623302936554,0.0002038336097029969,0.5848196744918823,0.2768658995628357,-0.0023473112378269434,0.6035977602005005,0.36424556374549866,0.0034193929750472307,0.5734823942184448,0.3373134434223175,-0.0071485089138150215,0.5635297894477844,0.36769548058509827,-0.010171104222536087,0.5636481046676636,0.39440351724624634,-0.009060132317245007,0.6039839386940002,0.3729369044303894,-0.0037122347857803106,0.5728894472122192,0.35480743646621704,-0.014035329222679138,0.5671581029891968,0.3863963186740875,-0.012386089190840721,0.5703476667404175,0.41222766041755676,-0.007730583660304546,0.6020641326904297,0.38558316230773926,-0.010494536720216274,0.5766929388046265,0.37080127000808716,-0.016140896826982498,0.572221577167511,0.39319074153900146,-0.013161569833755493,0.5755825638771057,0.4144148826599121,-0.008544936776161194,0.0,0.0,0.0,0.0,0.0,0.0,0.0,0.0,0.0,0.0,0.0,0.0,0.0,0.0,0.0,0.0,0.0,0.0,0.0,0.0,0.0,0.0,0.0,0.0,0.0,0.0,0.0,0.0,0.0,0.0,0.0,0.0,0.0,0.0,0.0,0.0,0.0,0.0,0.0,0.0,0.0,0.0,0.0,0.0,0.0,0.0,0.0,0.0,0.0,0.0,0.0,0.0,0.0,0.0,0.0,0.0,0.0,0.0,0.0,0.0,0.0,0.0,0.0
0.5024851560592651,0.24931886792182922,-0.38450825214385986,0.9996550679206848,0.5178468227386475,0.21934476494789124,-0.34722617268562317,0.9994134306907654,0.5251466035842896,0.21980446577072144,-0.3473171293735504,0.9994597434997559,0.5334130525588989,0.22015582025051117,-0.3470509648323059,0.9993677139282227,0.49386969208717346,0.21562834084033966,-0.3508099615573883,0.9993331432342529,0.4844532608985901,0.21552956104278564,-0.35064810514450073,0.9994598627090454,0.4760298728942871,0.21575291454792023,-0.35106638073921204,0.9994165897369385,0.5469220280647278,0.24324196577072144,-0.14356307685375214,0.9992584586143494,0.4684346914291382,0.2392902821302414,-0.16093537211418152,0.9991971850395203,0.5175711512565613,0.2963305115699768,-0.31364595890045166,0.9995908737182617,0.48514479398727417,0.2908667325973511,-0.31987428665161133,0.9994314908981323,0.6040894389152527,0.4825824797153473,-0.0825035572052002,0.9992154240608215,0.40594467520713806,0.4811280369758606,-0.030316106975078583,0.9981620907783508,0.6323689818382263,0.7743688225746155,-0.3931794762611389,0.9586828947067261,0.3851667046546936,0.786252498626709,0.10271544009447098,0.9563878774642944,0.6139624714851379,0.5129846930503845,-0.8835171461105347,0.9414836764335632,0.3883584141731262,0.9730312824249268,0.08692876249551773,0.8944552540779114,0.6109750270843506,0.4419187307357788,-0.9687544703483582,0.9158346056938171,0.3854132890701294,1.0664186477661133,0.08634988218545914,0.8387551307678223,0.6090136766433716,0.41449302434921265,-0.9304978847503662,0.9258871674537659,0.3923078179359436,1.0590875148773193,0.035113316029310226,0.8530330657958984,0.6050980687141418,0.44691741466522217,-0.881964921951294,0.9266036152839661,0.39753761887550354,1.0276590585708618,0.06707785278558731,0.8734753131866455,0.572655439376831,0.9907929301261902,-0.010904867202043533,0.6714867353439331,0.44917622208595276,0.98566734790802,0.01230951864272356,0.6180825233459473,0.5772908329963684,1.4103556871414185,-0.011258978396654129,0.010764353908598423,0.4379114806652069,1.3908085823059082,-0.027175715193152428,0.009531374089419842,0.5663818120956421,1.7652446031570435,0.25436729192733765,0.0007830670801922679,0.43333008885383606,1.755536675453186,0.15901543200016022,0.0007679114351049066,0.5706297755241394,1.8105674982070923,0.26639509201049805,0.00039131208905018866,0.42723187804222107,1.805831789970398,0.16860611736774445,0.0009051356464624405,0.543294370174408,1.8853193521499634,-0.0007090084836818278,0.0006134272553026676,0.4592965245246887,1.8729511499404907,-0.13114550709724426,0.001402052934281528,0.6100286841392517,0.4921274185180664,-1.7312369493538426e-07,0.5908603072166443,0.44977855682373047,0.0053900680504739285,0.5860723257064819,0.41297292709350586,0.005702147260308266,0.5835258364677429,0.3859623670578003,0.0026876667980104685,0.5789294242858887,0.3630746901035309,-0.0008165285689756274,0.6045660972595215,0.36769911646842957,0.008786278776824474,0.5977910161018372,0.3258354067802429,0.00200314586982131,0.5931636691093445,0.30043214559555054,-0.003378134686499834,0.5891813039779663,0.2798604369163513,-0.006901667919009924,0.6073829531669617,0.3690447509288788,0.002044716151431203,0.5761552453041077,0.3398660719394684,-0.008849428035318851,0.5663051605224609,0.3684844374656677,-0.012247036211192608,0.5673159956932068,0.3954857289791107,-0.01173682976514101,0.6067034602165222,0.37651196122169495,-0.005266735330224037,0.575562596321106,0.3540988862514496,-0.01629609987139702,0.5692946314811707,0.38406237959861755,-0.01481418963521719,0.573410153388977,0.4107866585254669,-0.010339848697185516,0.6038050651550293,0.38819047808647156,-0.012295927852392197,0.578689455986023,0.3712676465511322,-0.019593488425016403,0.5731072425842285,0.3922836184501648,-0.017550606280565262,0.5765159726142883,0.41458019614219666,-0.01347088348120451,0.0,0.0,0.0,0.0,0.0,0.0,0.0,0.0,0.0,0.0,0.0,0.0,0.0,0.0,0.0,0.0,0.0,0.0,0.0,0.0,0.0,0.0,0.0,0.0,0.0,0.0,0.0,0.0,0.0,0.0,0.0,0.0,0.0,0.0,0.0,0.0,0.0,0.0,0.0,0.0,0.0,0.0,0.0,0.0,0.0,0.0,0.0,0.0,0.0,0.0,0.0,0.0,0.0,0.0,0.0,0.0,0.0,0.0,0.0,0.0,0.0,0.0,0.0
0.5020102858543396,0.24751785397529602,-0.3999805450439453,0.9996423125267029,0.5174517035484314,0.21862445771694183,-0.3623884618282318,0.9994022250175476,0.5248811841011047,0.2189835011959076,-0.3624956011772156,0.9994478821754456,0.5333879590034485,0.2189313769340515,-0.36224064230918884,0.9993511438369751,0.4932400584220886,0.21451899409294128,-0.3662814795970917,0.9993164539337158,0.483647882938385,0.21427518129348755,-0.3661594092845917,0.9994488954544067,0.4755011796951294,0.21444952487945557,-0.3665842115879059,0.9994058609008789,0.5473530888557434,0.24227647483348846,-0.15395712852478027,0.9992498159408569,0.46776995062828064,0.23841343820095062,-0.17252884805202484,0.9991568922996521,0.517108678817749,0.2950737178325653,-0.32705965638160706,0.9995821118354797,0.4846769869327545,0.28913870453834534,-0.33372926712036133,0.9994068741798401,0.604646623134613,0.4827384650707245,-0.0854438915848732,0.9991440176963806,0.4061565697193146,0.48213762044906616,-0.03195679560303688,0.997903048992157,0.6321993470191956,0.7743703126907349,-0.4068121016025543,0.957544207572937,0.3853822648525238,0.7861760854721069,0.12874950468540192,0.9552515149116516,0.6153839826583862,0.5113723278045654,-0.9146654009819031,0.9404556155204773,0.3866958022117615,0.9952132701873779,0.14641539752483368,0.8982875943183899,0.6136777997016907,0.44101494550704956,-1.000130295753479,0.914951741695404,0.38234996795654297,1.0620450973510742,0.1517987698316574,0.8432989716529846,0.612612783908844,0.4136505424976349,-0.9638407230377197,0.9250805974006653,0.3903610110282898,1.0584911108016968,0.1006113588809967,0.8571662306785583,0.6067770719528198,0.4445672631263733,-0.9139344692230225,0.9256142973899841,0.3961590528488159,1.0276237726211548,0.1279647946357727,0.8769646286964417,0.5730342268943787,0.9904882311820984,-0.01150306686758995,0.6810436248779297,0.4488160014152527,0.9857644438743591,0.012770382687449455,0.6259521245956421,0.576321005821228,1.409171223640442,-0.011170240119099617,0.012457773089408875,0.43832769989967346,1.390657663345337,-0.033316321671009064,0.010863261297345161,0.5664743185043335,1.7630574703216553,0.25933560729026794,0.0009009928908199072,0.4349099099636078,1.7549346685409546,0.15357252955436707,0.0009074193658307195,0.5707981586456299,1.8087165355682373,0.2712804973125458,0.00041952679748646915,0.42914167046546936,1.8048323392868042,0.16343165934085846,0.0009811647469177842,0.5427817106246948,1.8823363780975342,-0.001777849392965436,0.0006774276844225824,0.46130573749542236,1.8710395097732544,-0.13240601122379303,0.001554987276904285,0.6123013496398926,0.4926157593727112,-1.7889185244257533e-07,0.5910422205924988,0.44753941893577576,0.004548787139356136,0.5854999423027039,0.40902358293533325,0.004159207455813885,0.5834939479827881,0.38213419914245605,0.0006721863173879683,0.5802033543586731,0.36125195026397705,-0.003237549215555191,0.6082449555397034,0.3617039918899536,0.007881456054747105,0.6010617613792419,0.3208211660385132,0.001690767938271165,0.5961213707923889,0.2959897518157959,-0.0033638414461165667,0.5920177102088928,0.27472883462905884,-0.007054638583213091,0.6113870143890381,0.3640930950641632,0.0014946373412385583,0.5785919427871704,0.33906763792037964,-0.009250818751752377,0.5687097907066345,0.3686445653438568,-0.01253528892993927,0.5703464150428772,0.39478954672813416,-0.01220857072621584,0.6100622415542603,0.3730127811431885,-0.005438306834548712,0.5770280361175537,0.35595130920410156,-0.01550880167633295,0.5710060000419617,0.384940505027771,-0.013755002990365028,0.5753980875015259,0.4093387722969055,-0.009699540212750435,0.6061618328094482,0.3860381841659546,-0.012276037596166134,0.5798585414886475,0.3728419542312622,-0.018259191885590553,0.5745952725410461,0.39428529143333435,-0.01591404899954796,0.578406035900116,0.4146232604980469,-0.012097528204321861,0.0,0.0,0.0,0.0,0.0,0.0,0.0,0.0,0.0,0.0,0.0,0.0,0.0,0.0,0.0,0.0,0.0,0.0,0.0,0.0,0.0,0.0,0.0,0.0,0.0,0.0,0.0,0.0,0.0,0.0,0.0,0.0,0.0,0.0,0.0,0.0,0.0,0.0,0.0,0.0,0.0,0.0,0.0,0.0,0.0,0.0,0.0,0.0,0.0,0.0,0.0,0.0,0.0,0.0,0.0,0.0,0.0,0.0,0.0,0.0,0.0,0.0,0.0
0.5024409890174866,0.246800035238266,-0.40666621923446655,0.9996433854103088,0.518140435218811,0.21835820376873016,-0.36831873655319214,0.9994116425514221,0.5259848237037659,0.21868373453617096,-0.36842086911201477,0.9994549751281738,0.5344361662864685,0.21856075525283813,-0.3681735396385193,0.9993593096733093,0.4936675727367401,0.2141367644071579,-0.3720768988132477,0.9993244409561157,0.4839177131652832,0.21391689777374268,-0.37196603417396545,0.999455988407135,0.47555655241012573,0.2141021341085434,-0.3723829686641693,0.999414324760437,0.5480464696884155,0.24207261204719543,-0.15665188431739807,0.999264657497406,0.4675271809101105,0.23816901445388794,-0.17511160671710968,0.9991557002067566,0.5173337459564209,0.2942006587982178,-0.3326055705547333,0.9995854496955872,0.48477575182914734,0.2890004515647888,-0.3391783833503723,0.9994024634361267,0.6046864986419678,0.48164448142051697,-0.08517501503229141,0.9991108775138855,0.4058656692504883,0.48313185572624207,-0.030317001044750214,0.9977848529815674,0.6330958604812622,0.7745819091796875,-0.4069027900695801,0.9565249085426331,0.3854762315750122,0.786309540271759,0.1325555443763733,0.9533894658088684,0.6163366436958313,0.5129212737083435,-0.9174330234527588,0.9397386312484741,0.38606733083724976,0.9972923994064331,0.14577345550060272,0.8988990783691406,0.6168663501739502,0.44185498356819153,-1.0029492378234863,0.9144832491874695,0.3795635998249054,1.063720703125,0.15205398201942444,0.8441845178604126,0.6154148578643799,0.41311877965927124,-0.9660309553146362,0.9247705936431885,0.38730353116989136,1.060670256614685,0.10019649565219879,0.8582186102867126,0.6080194711685181,0.44515570998191833,-0.9167366623878479,0.9250907301902771,0.39392992854118347,1.0303772687911987,0.127025306224823,0.8774093389511108,0.5732764005661011,0.9898735880851746,-0.012996894307434559,0.6815817356109619,0.44928157329559326,0.9857715964317322,0.014321709983050823,0.6251210570335388,0.5782139897346497,1.4077576398849487,-0.02194618061184883,0.012910446152091026,0.4407007396221161,1.3906071186065674,-0.03947741910815239,0.011123091913759708,0.5690415501594543,1.7627277374267578,0.2355821132659912,0.0009134422289207578,0.437020868062973,1.7556463479995728,0.14072822034358978,0.0009316080249845982,0.5735514760017395,1.8086376190185547,0.24667701125144958,0.0004148550215177238,0.43111005425453186,1.8061009645462036,0.14935898780822754,0.000968660693615675,0.5444629192352295,1.881795883178711,-0.027127398177981377,0.0006867558695375919,0.46303239464759827,1.8709574937820435,-0.14662067592144012,0.0015765862772241235,0.6155927181243896,0.4946833848953247,-1.7917763273089804e-07,0.5947360396385193,0.44563475251197815,0.004850475583225489,0.588507890701294,0.40415194630622864,0.003786820452660322,0.5866906642913818,0.37603306770324707,-0.0006068911170586944,0.5831290483474731,0.354674369096756,-0.005311254877597094,0.6113461852073669,0.3552989959716797,0.007644643075764179,0.6046120524406433,0.31381431221961975,0.0006433859234675765,0.5988112092018127,0.28835368156433105,-0.005269193556159735,0.5932211875915527,0.2691074311733246,-0.009480237029492855,0.6140374541282654,0.3584022521972656,0.0006612571305595338,0.5805426836013794,0.3395554721355438,-0.010292833670973778,0.5723574161529541,0.37009426951408386,-0.013832571916282177,0.5747787952423096,0.39582356810569763,-0.0139517392963171,0.6121222972869873,0.36865949630737305,-0.006894551217556,0.5787103772163391,0.3561546504497528,-0.01649489440023899,0.5743032693862915,0.38548341393470764,-0.014298872090876102,0.578876256942749,0.4095987379550934,-0.010454924777150154,0.6077798008918762,0.3831876516342163,-0.014475986361503601,0.5814005732536316,0.3735274076461792,-0.02009827271103859,0.5772753953933716,0.39552637934684753,-0.017457563430070877,0.5814931392669678,0.4149865508079529,-0.013626775704324245,0.0,0.0,0.0,0.0,0.0,0.0,0.0,0.0,0.0,0.0,0.0,0.0,0.0,0.0,0.0,0.0,0.0,0.0,0.0,0.0,0.0,0.0,0.0,0.0,0.0,0.0,0.0,0.0,0.0,0.0,0.0,0.0,0.0,0.0,0.0,0.0,0.0,0.0,0.0,0.0,0.0,0.0,0.0,0.0,0.0,0.0,0.0,0.0,0.0,0.0,0.0,0.0,0.0,0.0,0.0,0.0,0.0,0.0,0.0,0.0,0.0,0.0,0.0
0.5025225281715393,0.24659530818462372,-0.394164502620697,0.9996508955955505,0.5182438492774963,0.21816223859786987,-0.35607120394706726,0.9994255304336548,0.5263000130653381,0.21844793856143951,-0.35615482926368713,0.9994688630104065,0.5346046686172485,0.21828997135162354,-0.35590097308158875,0.9993707537651062,0.49360933899879456,0.2139846235513687,-0.36008188128471375,0.9993428587913513,0.48388493061065674,0.2138213962316513,-0.35997915267944336,0.9994755387306213,0.4754221737384796,0.214009091258049,-0.3603966534137726,0.9994320869445801,0.5478031635284424,0.24166350066661835,-0.14862874150276184,0.9992803335189819,0.4674133062362671,0.23771882057189941,-0.16869385540485382,0.9991885423660278,0.517447292804718,0.29359811544418335,-0.32207128405570984,0.9995930790901184,0.4846101701259613,0.2891450524330139,-0.3289213180541992,0.9994113445281982,0.6046692132949829,0.48057109117507935,-0.08063552528619766,0.99906325340271,0.4056715965270996,0.48356929421424866,-0.035059161484241486,0.9977275133132935,0.6332494616508484,0.7745258808135986,-0.3903317153453827,0.9541020393371582,0.3852402865886688,0.7870064377784729,0.11285003274679184,0.9518662691116333,0.6168673634529114,0.5079532861709595,-0.8890796899795532,0.9359190464019775,0.384671151638031,1.0037504434585571,0.11058492213487625,0.9008927941322327,0.6183759570121765,0.43478408455848694,-0.9729558825492859,0.910638689994812,0.3782176375389099,1.0667363405227661,0.11366862803697586,0.8482657074928284,0.61686110496521,0.4065892994403839,-0.9362916946411133,0.9212616086006165,0.38607749342918396,1.0625382661819458,0.06282728165388107,0.8620431423187256,0.609079122543335,0.43799740076065063,-0.8886837363243103,0.9221799969673157,0.39272791147232056,1.0320221185684204,0.09159568697214127,0.8809231519699097,0.5726877450942993,0.9899261593818665,-0.00905583519488573,0.6749067902565002,0.44823500514030457,0.9855552315711975,0.010384083725512028,0.6190595030784607,0.5770703554153442,1.406928300857544,0.0030370408203452826,0.012116383761167526,0.4385943114757538,1.3912419080734253,-0.017928767949342728,0.010320385918021202,0.5691977739334106,1.761144757270813,0.2907872796058655,0.0008761199424043298,0.43718665838241577,1.7550806999206543,0.1763274222612381,0.0008795176399871707,0.5740958452224731,1.8071019649505615,0.30600377917289734,0.00039383152034133673,0.43138980865478516,1.804213523864746,0.18685390055179596,0.000899420992936939,0.5456848740577698,1.8785099983215332,0.028144385665655136,0.0006500960444100201,0.4639362394809723,1.8708951473236084,-0.11074277013540268,0.0014712788397446275,0.6186996102333069,0.49178093671798706,-1.7202971491769858e-07,0.5968284606933594,0.44290706515312195,0.0038149456959217787,0.5894440412521362,0.3996827006340027,0.0016786595806479454,0.58766770362854,0.3703046143054962,-0.003635609755292535,0.5846109986305237,0.34804868698120117,-0.009176797233521938,0.61463463306427,0.3477524220943451,0.005056286230683327,0.6073381900787354,0.30489233136177063,-0.002671024762094021,0.6012894511222839,0.27717524766921997,-0.009094227105379105,0.5951231718063354,0.2563362717628479,-0.013942545279860497,0.6177022457122803,0.3523288369178772,-0.0020271847024559975,0.5817577242851257,0.3376356363296509,-0.013816195540130138,0.5751214623451233,0.369446724653244,-0.01756603643298149,0.5794209241867065,0.39425128698349,-0.018087133765220642,0.6156367659568787,0.36530745029449463,-0.009631372056901455,0.5803890824317932,0.3548024892807007,-0.019917381927371025,0.5772422552108765,0.3842277526855469,-0.017172792926430702,0.5834687948226929,0.4065342843532562,-0.013215415179729462,0.6108849048614502,0.38300827145576477,-0.017376186326146126,0.5832493305206299,0.3726406693458557,-0.02416250668466091,0.5796535611152649,0.3945745825767517,-0.021515274420380592,0.5852195024490356,0.41310393810272217,-0.017652632668614388,0.0,0.0,0.0,0.0,0.0,0.0,0.0,0.0,0.0,0.0,0.0,0.0,0.0,0.0,0.0,0.0,0.0,0.0,0.0,0.0,0.0,0.0,0.0,0.0,0.0,0.0,0.0,0.0,0.0,0.0,0.0,0.0,0.0,0.0,0.0,0.0,0.0,0.0,0.0,0.0,0.0,0.0,0.0,0.0,0.0,0.0,0.0,0.0,0.0,0.0,0.0,0.0,0.0,0.0,0.0,0.0,0.0,0.0,0.0,0.0,0.0,0.0,0.0
0.5036348104476929,0.24614712595939636,-0.3812316060066223,0.9996697306632996,0.5190567970275879,0.21778665482997894,-0.34327349066734314,0.9994587302207947,0.5274002552032471,0.21793800592422485,-0.34333860874176025,0.9995004534721375,0.5354597568511963,0.21789993345737457,-0.34308096766471863,0.9994041919708252,0.4945020377635956,0.21353842318058014,-0.3489976227283478,0.9993807673454285,0.484980970621109,0.2132057398557663,-0.34887126088142395,0.999509871006012,0.47618478536605835,0.21315549314022064,-0.34927043318748474,0.9994657635688782,0.5479894280433655,0.24147295951843262,-0.13755352795124054,0.999325692653656,0.4680139124393463,0.23704175651073456,-0.1656820923089981,0.9992437958717346,0.5181896686553955,0.2932240664958954,-0.30959466099739075,0.9996117353439331,0.48549994826316833,0.2888980507850647,-0.3189334273338318,0.9994354844093323,0.6039435863494873,0.48001307249069214,-0.07505511492490768,0.9990440607070923,0.4059581458568573,0.4839458465576172,-0.03604746609926224,0.9976302981376648,0.6351063251495361,0.7742042541503906,-0.38541460037231445,0.951208233833313,0.384237676858902,0.7869561910629272,0.11819872260093689,0.9497008323669434,0.6203039288520813,0.5099261999130249,-0.8808715343475342,0.9313513040542603,0.38399451971054077,0.9732382297515869,0.13910594582557678,0.901609480381012,0.6200562119483948,0.43383756279945374,-0.9627565741539001,0.9064153432846069,0.3785139322280884,1.063448190689087,0.14630623161792755,0.8504106998443604,0.6174301505088806,0.40597447752952576,-0.9241803288459778,0.917690098285675,0.386334627866745,1.0591737031936646,0.0982547178864479,0.8644002676010132,0.6123657822608948,0.4363313913345337,-0.8797416687011719,0.9192668795585632,0.3918397128582001,1.0288140773773193,0.12168066948652267,0.8830452561378479,0.5739467144012451,0.9899583458900452,-0.008795280940830708,0.6622684597969055,0.4488358497619629,0.9856003522872925,0.010224370285868645,0.6048921346664429,0.5787404179573059,1.4108935594558716,0.006287094671279192,0.01088082604110241,0.4388945996761322,1.3934886455535889,-0.013190628960728645,0.00918285921216011,0.5693622827529907,1.763972282409668,0.2868923544883728,0.0007968332502059639,0.4361432194709778,1.7555313110351562,0.17528286576271057,0.000790405145380646,0.5743664503097534,1.8094345331192017,0.3020378351211548,0.00035755799035541713,0.4301846921443939,1.8047583103179932,0.1856936365365982,0.000805855612270534,0.545141339302063,1.883740782737732,0.028182728216052055,0.0005905594443902373,0.46306684613227844,1.8743534088134766,-0.10528616607189178,0.0013263479340821505,0.6216738820075989,0.485673725605011,-1.6248796441686864e-07,0.6024958491325378,0.4385756552219391,0.0022334603127092123,0.5948054790496826,0.3937499523162842,-0.0006485197227448225,0.5924825668334961,0.36422988772392273,-0.006066984497010708,0.5881940722465515,0.3426983654499054,-0.011601127684116364,0.6185696721076965,0.34390273690223694,0.0017668817890807986,0.6095256209373474,0.3030063509941101,-0.007403119467198849,0.6024363040924072,0.2766132652759552,-0.014700842089951038,0.5959360599517822,0.2574765384197235,-0.019901081919670105,0.6205640435218811,0.3494356572628021,-0.0047171455807983875,0.5851498246192932,0.33306029438972473,-0.01740763895213604,0.5784287452697754,0.36231914162635803,-0.02135629765689373,0.5823265314102173,0.38628819584846497,-0.021920591592788696,0.6178481578826904,0.36313381791114807,-0.011809149757027626,0.5829576849937439,0.3532671630382538,-0.022773224860429764,0.5798917412757874,0.38106536865234375,-0.020226040855050087,0.5862200856208801,0.40164273977279663,-0.01632118783891201,0.6130304336547852,0.3814253509044647,-0.019135277718305588,0.5858327746391296,0.37277838587760925,-0.02678053453564644,0.582421064376831,0.39385363459587097,-0.024673324078321457,0.5880218744277954,0.4107499122619629,-0.02112661860883236,0.0,0.0,0.0,0.0,0.0,0.0,0.0,0.0,0.0,0.0,0.0,0.0,0.0,0.0,0.0,0.0,0.0,0.0,0.0,0.0,0.0,0.0,0.0,0.0,0.0,0.0,0.0,0.0,0.0,0.0,0.0,0.0,0.0,0.0,0.0,0.0,0.0,0.0,0.0,0.0,0.0,0.0,0.0,0.0,0.0,0.0,0.0,0.0,0.0,0.0,0.0,0.0,0.0,0.0,0.0,0.0,0.0,0.0,0.0,0.0,0.0,0.0,0.0
0.5036217570304871,0.24586139619350433,-0.3748799264431,0.9996650218963623,0.5191331505775452,0.21726033091545105,-0.33788996934890747,0.9994595646858215,0.527785062789917,0.2172449678182602,-0.3379572927951813,0.9995013475418091,0.5359331965446472,0.2170911729335785,-0.33770743012428284,0.9994052052497864,0.49455928802490234,0.21319325268268585,-0.3432449698448181,0.9993838667869568,0.4853014349937439,0.21279427409172058,-0.34309810400009155,0.9995169639587402,0.4767407476902008,0.21261480450630188,-0.3435054123401642,0.9994732737541199,0.5487734079360962,0.2401786595582962,-0.13563475012779236,0.9993296265602112,0.4688093364238739,0.23641690611839294,-0.1617247760295868,0.9992626905441284,0.5186325311660767,0.2929689884185791,-0.3045124113559723,0.9996059536933899,0.4858792722225189,0.28880682587623596,-0.31310802698135376,0.9994261860847473,0.6033738255500793,0.47905048727989197,-0.06593790650367737,0.9989979267120361,0.4067022502422333,0.4842778444290161,-0.03668082877993584,0.9975131154060364,0.6347232460975647,0.7733557224273682,-0.3881937265396118,0.948966920375824,0.3827732801437378,0.7857490181922913,0.12061122059822083,0.9492027163505554,0.6233274936676025,0.516467809677124,-0.8888999223709106,0.9269288182258606,0.3839147388935089,1.0044527053833008,0.14993144571781158,0.9052430391311646,0.6217174530029297,0.43956640362739563,-0.9723771810531616,0.9015780091285706,0.3808445334434509,1.0670522451400757,0.15909136831760406,0.8556572794914246,0.6182035207748413,0.40863871574401855,-0.9308300018310547,0.9133355021476746,0.3873560130596161,1.0609910488128662,0.11137799173593521,0.8692625761032104,0.6139596104621887,0.44125932455062866,-0.8865374326705933,0.9155033230781555,0.3920615613460541,1.030552864074707,0.1331433802843094,0.8875226974487305,0.5723391771316528,0.9900736212730408,-0.007254267111420631,0.6624805927276611,0.44787436723709106,0.9856289625167847,0.008671212010085583,0.6045502424240112,0.5761045217514038,1.411819338798523,0.00889990571886301,0.010169648565351963,0.4360937774181366,1.3961626291275024,0.009421099908649921,0.008448966778814793,0.5675482153892517,1.7652524709701538,0.2934737205505371,0.0007507778936997056,0.43492382764816284,1.7558870315551758,0.2019702047109604,0.0007303822203539312,0.5726045966148376,1.8108066320419312,0.30526942014694214,0.0003361505223438144,0.4291467070579529,1.8048126697540283,0.21357956528663635,0.0007321971352212131,0.5442101955413818,1.884966254234314,0.03880207613110542,0.0005496162339113653,0.46220916509628296,1.8752164840698242,-0.06526753306388855,0.001216219854541123,0.6237161159515381,0.4852897524833679,-1.8655073574791459e-07,0.6128367185592651,0.43456000089645386,0.004592726938426495,0.6053969860076904,0.3853408098220825,0.0039761741645634174,0.5997225642204285,0.35431018471717834,0.0006503476179204881,0.5934702754020691,0.33535686135292053,-0.0027757936622947454,0.62075275182724,0.34163007140159607,0.004903759341686964,0.6114516258239746,0.2975398600101471,-0.0014612938975915313,0.6048780679702759,0.27217039465904236,-0.006069292314350605,0.5988761782646179,0.25272631645202637,-0.009656073525547981,0.6207839250564575,0.3462926745414734,-0.0017213562969118357,0.5856039524078369,0.33337152004241943,-0.011426509357988834,0.5811036229133606,0.36150285601615906,-0.013630159199237823,0.5858504176139832,0.380760133266449,-0.013553513213992119,0.6168352961540222,0.3604673743247986,-0.008635896258056164,0.58261638879776,0.3553929924964905,-0.017091965302824974,0.581407904624939,0.382655531167984,-0.014501921832561493,0.5883385539054871,0.39833584427833557,-0.011296928860247135,0.6113386750221252,0.3788439929485321,-0.015527370385825634,0.5845133066177368,0.3741890490055084,-0.021024784073233604,0.5827825665473938,0.3961573839187622,-0.018673796206712723,0.5886384844779968,0.4103359580039978,-0.01549851056188345,0.0,0.0,0.0,0.0,0.0,0.0,0.0,0.0,0.0,0.0,0.0,0.0,0.0,0.0,0.0,0.0,0.0,0.0,0.0,0.0,0.0,0.0,0.0,0.0,0.0,0.0,0.0,0.0,0.0,0.0,0.0,0.0,0.0,0.0,0.0,0.0,0.0,0.0,0.0,0.0,0.0,0.0,0.0,0.0,0.0,0.0,0.0,0.0,0.0,0.0,0.0,0.0,0.0,0.0,0.0,0.0,0.0,0.0,0.0,0.0,0.0,0.0,0.0
0.5051184296607971,0.24533626437187195,-0.40601783990859985,0.9996306896209717,0.5203084349632263,0.2166970819234848,-0.3661259710788727,0.9994193315505981,0.5291631817817688,0.21662448346614838,-0.3661866784095764,0.9994601607322693,0.5369544625282288,0.21640156209468842,-0.3659263551235199,0.999367356300354,0.49555861949920654,0.21271824836730957,-0.3723183274269104,0.9993389844894409,0.4861680567264557,0.21233680844306946,-0.37218520045280457,0.9994836449623108,0.47727489471435547,0.212275892496109,-0.37257498502731323,0.9994427561759949,0.5501248836517334,0.23919892311096191,-0.14937898516654968,0.9992879629135132,0.46836385130882263,0.2364846169948578,-0.17799054086208344,0.9992157220840454,0.5195574760437012,0.2925244867801666,-0.3308238387107849,0.9995751976966858,0.48679131269454956,0.28849124908447266,-0.34020182490348816,0.9993752837181091,0.6035449504852295,0.4786044657230377,-0.07146312296390533,0.9989776015281677,0.4052346646785736,0.4848032593727112,-0.04690738767385483,0.9975247979164124,0.6372745037078857,0.7674086689949036,-0.4126092791557312,0.9476731419563293,0.38194793462753296,0.7816880345344543,0.10708649456501007,0.9483925104141235,0.626144528388977,0.5011528134346008,-0.9274474382400513,0.9209885597229004,0.38338586688041687,1.001151442527771,0.1278715282678604,0.899506688117981,0.6224126815795898,0.41694560647010803,-1.0124484300613403,0.8936150074005127,0.3800760805606842,1.0695587396621704,0.13693110644817352,0.8489602208137512,0.6191168427467346,0.38857215642929077,-0.974365234375,0.9061152935028076,0.3861696124076843,1.0679371356964111,0.08484362810850143,0.8633350133895874,0.6161735653877258,0.419714093208313,-0.9273186326026917,0.9088613390922546,0.3914925754070282,1.0376684665679932,0.10928242653608322,0.8822436928749084,0.5732133388519287,0.9903438091278076,-0.010755177587270737,0.6545782089233398,0.4483717381954193,0.9862262010574341,0.012223651632666588,0.5961565971374512,0.5737515687942505,1.4125581979751587,-0.010250492952764034,0.009621762670576572,0.43706992268562317,1.3961716890335083,-0.013619341887533665,0.007953019812703133,0.5643587708473206,1.7669627666473389,0.24532102048397064,0.0007159443339332938,0.4340720474720001,1.7564386129379272,0.1586703211069107,0.0006843726150691509,0.5691431164741516,1.8127975463867188,0.2555831968784332,0.0003257078642491251,0.4285483658313751,1.8056899309158325,0.16702984273433685,0.0007000353652983904,0.5422007441520691,1.8859564065933228,-0.01671725884079933,0.0005252758273854852,0.4592953622341156,1.875885248184204,-0.12897588312625885,0.0011544949375092983,0.6213464736938477,0.48314589262008667,-1.9949582963363355e-07,0.6233415603637695,0.4332781136035919,0.0037980573251843452,0.6193206906318665,0.3814839720726013,0.003436994506046176,0.6115404367446899,0.3503035306930542,0.0007065606769174337,0.6011382937431335,0.33534741401672363,-0.002174374647438526,0.625629186630249,0.3398544490337372,0.00405099568888545,0.6182777285575867,0.2922166883945465,-0.0021941012237221003,0.6101002097129822,0.26765120029449463,-0.0060681006871163845,0.602298378944397,0.25058114528656006,-0.008842431008815765,0.622601330280304,0.343589723110199,-0.0017886731075122952,0.5901533961296082,0.32668378949165344,-0.010932721197605133,0.5861485600471497,0.3549538254737854,-0.012234951369464397,0.5911378860473633,0.37435048818588257,-0.011405812576413155,0.6161277294158936,0.35733190178871155,-0.007981275208294392,0.5856209993362427,0.3506009876728058,-0.01594163104891777,0.5846896171569824,0.37812539935112,-0.013327286578714848,0.5915205478668213,0.39314737915992737,-0.01011172030121088,0.6090988516807556,0.37476715445518494,-0.014140425249934196,0.5852413773536682,0.37084388732910156,-0.018982544541358948,0.5843587517738342,0.3931926488876343,-0.016659656539559364,0.5903053283691406,0.4066896438598633,-0.01363089308142662,0.0,0.0,0.0,0.0,0.0,0.0,0.0,0.0,0.0,0.0,0.0,0.0,0.0,0.0,0.0,0.0,0.0,0.0,0.0,0.0,0.0,0.0,0.0,0.0,0.0,0.0,0.0,0.0,0.0,0.0,0.0,0.0,0.0,0.0,0.0,0.0,0.0,0.0,0.0,0.0,0.0,0.0,0.0,0.0,0.0,0.0,0.0,0.0,0.0,0.0,0.0,0.0,0.0,0.0,0.0,0.0,0.0,0.0,0.0,0.0,0.0,0.0,0.0
0.5066131353378296,0.2456652671098709,-0.397150456905365,0.9996140003204346,0.5208194255828857,0.21651165187358856,-0.3581480085849762,0.9994094967842102,0.5299206972122192,0.21639494597911835,-0.3582126200199127,0.9994457364082336,0.5374830365180969,0.216125026345253,-0.35792580246925354,0.9993592500686646,0.4956706166267395,0.2129136323928833,-0.3647386133670807,0.9993245601654053,0.4861848056316376,0.21302863955497742,-0.36459293961524963,0.9994717836380005,0.47721534967422485,0.21353080868721008,-0.364979088306427,0.9994335174560547,0.5499536395072937,0.23863378167152405,-0.14563828706741333,0.9992771744728088,0.4674796760082245,0.23872476816177368,-0.17611508071422577,0.9991961121559143,0.5212372541427612,0.29241126775741577,-0.32355982065200806,0.9995654821395874,0.4884129464626312,0.28958871960639954,-0.33336198329925537,0.9993520379066467,0.6051828861236572,0.4778117537498474,-0.06820230931043625,0.9989418983459473,0.4051748216152191,0.48534128069877625,-0.05010094493627548,0.9974272847175598,0.6394608020782471,0.7656083106994629,-0.4125390350818634,0.9445903301239014,0.3823360204696655,0.7801593542098999,0.09625411778688431,0.947646975517273,0.6294702291488647,0.5011677145957947,-0.9412261247634888,0.9151234030723572,0.38181841373443604,0.9793460369110107,0.11102800071239471,0.8985615968704224,0.6227189302444458,0.41610077023506165,-1.0295469760894775,0.8864564895629883,0.38029944896698,1.0714579820632935,0.11771509796380997,0.8478813767433167,0.6205799579620361,0.3868735432624817,-0.9912557601928711,0.8996884822845459,0.3863448202610016,1.067168951034546,0.0664290264248848,0.8624687194824219,0.6181299090385437,0.415717750787735,-0.9410325288772583,0.902764081954956,0.39115601778030396,1.0359431505203247,0.09255307167768478,0.8815357685089111,0.5731056332588196,0.9907606244087219,-0.008388560265302658,0.6563426852226257,0.447502464056015,0.9875527620315552,0.00989585556089878,0.5955106616020203,0.5733082294464111,1.4127116203308105,-0.008551003411412239,0.009543363936245441,0.43647822737693787,1.3963533639907837,-0.017693961039185524,0.007629226893186569,0.5631484389305115,1.7675831317901611,0.2509754002094269,0.0007062411168590188,0.4330388903617859,1.7574321031570435,0.1571124941110611,0.0006551252445206046,0.5678501725196838,1.8133665323257446,0.26186245679855347,0.00032172753708437085,0.42776671051979065,1.8068954944610596,0.16575810313224792,0.0006652387091889977,0.5407409071922302,1.8868314027786255,-0.007741677574813366,0.0005123021546751261,0.45760154724121094,1.8760192394256592,-0.12838225066661835,0.0011073568603023887,0.6339070796966553,0.47572943568229675,-1.767479460568211e-07,0.6295095086097717,0.42539578676223755,0.006266877055168152,0.6232127547264099,0.37855297327041626,0.006859103683382273,0.6139801740646362,0.3497341275215149,0.004477673675864935,0.6030822396278381,0.336047500371933,0.0016799261793494225,0.6307085156440735,0.3381677567958832,0.006001687608659267,0.6219745874404907,0.2922857105731964,0.000852174882311374,0.6150673627853394,0.26468491554260254,-0.002335336757823825,0.6087227463722229,0.24211342632770538,-0.005069643724709749,0.6290919780731201,0.3424361050128937,-0.0011093482607975602,0.5937373638153076,0.3220457136631012,-0.009826247580349445,0.5881049036979675,0.3495735228061676,-0.010886246338486671,0.5919047594070435,0.37009397149086,-0.009990080259740353,0.6242128014564514,0.3564264476299286,-0.008307588286697865,0.5902632474899292,0.3482656180858612,-0.01564842090010643,0.5884423851966858,0.37382030487060547,-0.013228042051196098,0.5948464274406433,0.38862884044647217,-0.010288955643773079,0.6179884076118469,0.37476566433906555,-0.015300185419619083,0.5916021466255188,0.3695399761199951,-0.019688701257109642,0.5892744064331055,0.3887597620487213,-0.01770034246146679,0.594524621963501,0.4018127918243408,-0.015148348174989223,0.0,0.0,0.0,0.0,0.0,0.0,0.0,0.0,0.0,0.0,0.0,0.0,0.0,0.0,0.0,0.0,0.0,0.0,0.0,0.0,0.0,0.0,0.0,0.0,0.0,0.0,0.0,0.0,0.0,0.0,0.0,0.0,0.0,0.0,0.0,0.0,0.0,0.0,0.0,0.0,0.0,0.0,0.0,0.0,0.0,0.0,0.0,0.0,0.0,0.0,0.0,0.0,0.0,0.0,0.0,0.0,0.0,0.0,0.0,0.0,0.0,0.0,0.0
0.5069440603256226,0.2456492930650711,-0.4157883822917938,0.9996293783187866,0.5207958817481995,0.2161128968000412,-0.37594687938690186,0.9994280934333801,0.5299103856086731,0.2160005122423172,-0.3760034441947937,0.9994593858718872,0.5374672412872314,0.21563950181007385,-0.3757365643978119,0.9993826746940613,0.49559202790260315,0.21266813576221466,-0.38005322217941284,0.9993476867675781,0.48603659868240356,0.21285568177700043,-0.3799409866333008,0.999487042427063,0.47703418135643005,0.21335527300834656,-0.3803000748157501,0.9994537830352783,0.5499395728111267,0.2378491461277008,-0.1578752100467682,0.9993001222610474,0.4675061106681824,0.2391543984413147,-0.17648296058177948,0.9992232322692871,0.5216554403305054,0.2922099530696869,-0.34011730551719666,0.999583899974823,0.48886004090309143,0.2900489568710327,-0.3460901081562042,0.9993768930435181,0.60467129945755,0.4768434762954712,-0.08099141716957092,0.9990193247795105,0.4048326313495636,0.4850272238254547,-0.04436053708195686,0.9976804256439209,0.6369796395301819,0.7585742473602295,-0.43689483404159546,0.9471023082733154,0.38233819603919983,0.7751927971839905,0.10309915244579315,0.9481000304222107,0.631631076335907,0.49159103631973267,-0.9779242873191833,0.9176226854324341,0.38003289699554443,0.9713384509086609,0.10176254063844681,0.8956009149551392,0.6240813136100769,0.4027556777000427,-1.0703405141830444,0.8893091082572937,0.3801739811897278,1.0621893405914307,0.10451402515172958,0.8444629907608032,0.6233861446380615,0.3780307471752167,-1.0371716022491455,0.9023080468177795,0.38552525639533997,1.0580048561096191,0.05311509594321251,0.8599250316619873,0.6209124326705933,0.4011479914188385,-0.9801954030990601,0.9060139060020447,0.3901662528514862,1.0272105932235718,0.08280344307422638,0.87906813621521,0.5734655261039734,0.9906045198440552,-0.0166696235537529,0.648897647857666,0.44841304421424866,0.9880120158195496,0.018341150134801865,0.5869435667991638,0.5746787786483765,1.4100499153137207,-0.008681637234985828,0.00846757460385561,0.4373629689216614,1.3963193893432617,-0.019209468737244606,0.006783289834856987,0.564072847366333,1.76752769947052,0.247688427567482,0.0006214148015715182,0.4327758550643921,1.7579315900802612,0.156197652220726,0.0005712097627110779,0.5688592791557312,1.8136396408081055,0.2584925889968872,0.0002893219352699816,0.4272489845752716,1.8072150945663452,0.16495783627033234,0.0005976104293949902,0.5403432846069336,1.8868049383163452,-0.01569889672100544,0.0004586121067404747,0.4575921297073364,1.8769217729568481,-0.13293315470218658,0.0009970073588192463,0.6369028091430664,0.47587430477142334,-2.2220686446416948e-07,0.6327863931655884,0.4245988130569458,0.005319453310221434,0.624742329120636,0.37225666642189026,0.005174935795366764,0.6129153370857239,0.3381669521331787,0.002332204720005393,0.6014647483825684,0.3219432234764099,-0.0008993416558951139,0.6357294321060181,0.330546498298645,0.00430363928899169,0.6261699199676514,0.28097638487815857,-0.0012822889257222414,0.6184409856796265,0.2546048164367676,-0.004495388828217983,0.6115093231201172,0.23375332355499268,-0.0071496060118079185,0.6341779232025146,0.33506566286087036,-0.00239544827491045,0.5963011980056763,0.31676730513572693,-0.011106543242931366,0.5906651616096497,0.3462955951690674,-0.011950470507144928,0.5944079160690308,0.36588147282600403,-0.011196970008313656,0.6283194422721863,0.35010355710983276,-0.009183687157928944,0.5925107598304749,0.3437579572200775,-0.016661927103996277,0.5907517075538635,0.37258535623550415,-0.013954712077975273,0.5972068309783936,0.38749960064888,-0.011120352894067764,0.6203092336654663,0.3692982494831085,-0.01581430248916149,0.5917239785194397,0.3643840253353119,-0.020533105358481407,0.5901132822036743,0.3867460787296295,-0.018487580120563507,0.5958398580551147,0.40068376064300537,-0.015935145318508148,0.0,0.0,0.0,0.0,0.0,0.0,0.0,0.0,0.0,0.0,0.0,0.0,0.0,0.0,0.0,0.0,0.0,0.0,0.0,0.0,0.0,0.0,0.0,0.0,0.0,0.0,0.0,0.0,0.0,0.0,0.0,0.0,0.0,0.0,0.0,0.0,0.0,0.0,0.0,0.0,0.0,0.0,0.0,0.0,0.0,0.0,0.0,0.0,0.0,0.0,0.0,0.0,0.0,0.0,0.0,0.0,0.0,0.0,0.0,0.0,0.0,0.0,0.0
0.5062609314918518,0.2447987049818039,-0.4093192219734192,0.9996427893638611,0.5202432870864868,0.2154058963060379,-0.3695259988307953,0.9994401931762695,0.5294377207756042,0.2154598832130432,-0.3695829510688782,0.9994680285453796,0.537111222743988,0.21506153047084808,-0.36928892135620117,0.9993975758552551,0.49501994252204895,0.21184928715229034,-0.3740212619304657,0.9993658065795898,0.48555803298950195,0.21195411682128906,-0.3739278018474579,0.9994999766349792,0.4767671227455139,0.21240301430225372,-0.3743072748184204,0.9994706511497498,0.5499028563499451,0.2367572784423828,-0.1551615595817566,0.9993089437484741,0.46771156787872314,0.23886613547801971,-0.1740371286869049,0.9992446899414062,0.5211794972419739,0.2912874221801758,-0.3352504074573517,0.9995931386947632,0.4883018434047699,0.28888365626335144,-0.3417845070362091,0.9993935227394104,0.6054657697677612,0.47816750407218933,-0.08524774760007858,0.99906325340271,0.4056329131126404,0.4847456216812134,-0.04818497970700264,0.9978932738304138,0.6379133462905884,0.7510891556739807,-0.4497235119342804,0.9486170411109924,0.38187408447265625,0.7750691175460815,0.0945662260055542,0.948296844959259,0.6325558423995972,0.4810679256916046,-0.9944614768028259,0.918027937412262,0.377763956785202,0.9797478318214417,0.10470990836620331,0.8913872838020325,0.6262128949165344,0.3913992941379547,-1.0850684642791748,0.8900947570800781,0.37750759720802307,1.0706180334091187,0.110730841755867,0.838588535785675,0.6259400844573975,0.3705977499485016,-1.0491966009140015,0.9031260013580322,0.382293164730072,1.0688692331314087,0.05934012308716774,0.8547989726066589,0.6229094862937927,0.39315277338027954,-0.995695948600769,0.9074363708496094,0.3870384395122528,1.0381922721862793,0.08613593876361847,0.8744540810585022,0.5735068917274475,0.9904047250747681,-0.01512445043772459,0.6427423357963562,0.4482705891132355,0.9878155589103699,0.01662529446184635,0.581994354724884,0.574629545211792,1.4075195789337158,-0.008768321014940739,0.007646764628589153,0.43885231018066406,1.3947421312332153,-0.031119095161557198,0.006178317591547966,0.564971387386322,1.7651387453079224,0.2461685985326767,0.0005537801189348102,0.43420735001564026,1.7575587034225464,0.14396101236343384,0.0005104645388200879,0.569905698299408,1.8113620281219482,0.25672203302383423,0.00026622271980158985,0.4282836616039276,1.8067994117736816,0.15241049230098724,0.0005637813592329621,0.5409414768218994,1.8834284543991089,-0.017991188913583755,0.00042269425466656685,0.45948633551597595,1.8742066621780396,-0.14666877686977386,0.000933649658691138,0.6427863836288452,0.4634890556335449,-1.2586014008775237e-07,0.642005443572998,0.4162024259567261,0.004090652801096439,0.6351889371871948,0.36990034580230713,0.0034670294262468815,0.6234031319618225,0.34013694524765015,0.0008054901845753193,0.610831618309021,0.32754430174827576,-0.0021827302407473326,0.6401928067207336,0.3272760212421417,0.001043272903189063,0.6310381293296814,0.2810387909412384,-0.004749234765768051,0.6240284442901611,0.2523564100265503,-0.008304346352815628,0.6172550320625305,0.22827303409576416,-0.011614177376031876,0.6360850930213928,0.33084166049957275,-0.004786400124430656,0.6002378463745117,0.31347551941871643,-0.012919838540256023,0.5986207723617554,0.34014269709587097,-0.013022813946008682,0.6056045293807983,0.3551010191440582,-0.012334904633462429,0.6287833452224731,0.34473198652267456,-0.010649810545146465,0.5952737331390381,0.3382302522659302,-0.01782410778105259,0.5962656736373901,0.36221808195114136,-0.014364986680448055,0.6044450998306274,0.37295883893966675,-0.011477530933916569,0.6203300356864929,0.36331310868263245,-0.016530297696590424,0.5938918590545654,0.36016082763671875,-0.02218601293861866,0.5938964486122131,0.3800860643386841,-0.020418699830770493,0.6007691621780396,0.39153528213500977,-0.018147604539990425,0.0,0.0,0.0,0.0,0.0,0.0,0.0,0.0,0.0,0.0,0.0,0.0,0.0,0.0,0.0,0.0,0.0,0.0,0.0,0.0,0.0,0.0,0.0,0.0,0.0,0.0,0.0,0.0,0.0,0.0,0.0,0.0,0.0,0.0,0.0,0.0,0.0,0.0,0.0,0.0,0.0,0.0,0.0,0.0,0.0,0.0,0.0,0.0,0.0,0.0,0.0,0.0,0.0,0.0,0.0,0.0,0.0,0.0,0.0,0.0,0.0,0.0,0.0
0.5054411292076111,0.24424701929092407,-0.42349252104759216,0.9996585845947266,0.5199793577194214,0.21491789817810059,-0.3831319808959961,0.9994579553604126,0.5293608903884888,0.2150477170944214,-0.38318440318107605,0.999481737613678,0.5371944308280945,0.2145840972661972,-0.38290292024612427,0.999415397644043,0.49439337849617004,0.2112751007080078,-0.3884819746017456,0.9993919134140015,0.4850247800350189,0.21131347119808197,-0.3884023129940033,0.9995205998420715,0.4763946235179901,0.2116909623146057,-0.38876211643218994,0.9994957447052002,0.5493266582489014,0.23601549863815308,-0.1636301577091217,0.9993259310722351,0.4674014747142792,0.23829039931297302,-0.1851150542497635,0.9992793202400208,0.5206977725028992,0.2907111346721649,-0.3474821448326111,0.9996084570884705,0.4874100387096405,0.28846418857574463,-0.35472291707992554,0.9994212985038757,0.6052327752113342,0.4789011776447296,-0.08661996573209763,0.9990906715393066,0.405230849981308,0.4842946231365204,-0.062042951583862305,0.9981012344360352,0.6388013362884521,0.7493391036987305,-0.4477376341819763,0.9495081305503845,0.3810015618801117,0.777891218662262,0.07539989054203033,0.9492250680923462,0.6379289031028748,0.4822017550468445,-1.0063512325286865,0.9153239727020264,0.37475961446762085,0.9825834035873413,0.06831862032413483,0.8922240734100342,0.633212149143219,0.3926387131214142,-1.1016548871994019,0.8871110081672668,0.3747510612010956,1.0726823806762695,0.06879222393035889,0.8398042917251587,0.6328538656234741,0.3727929890155792,-1.0677735805511475,0.9005185961723328,0.3785238265991211,1.0692803859710693,0.017127474769949913,0.8562638163566589,0.6293731331825256,0.39688289165496826,-1.0089702606201172,0.9058510661125183,0.38409867882728577,1.0383682250976562,0.04916895925998688,0.8755570650100708,0.5728183388710022,0.9902247786521912,-0.01397508755326271,0.6382513642311096,0.44782981276512146,0.9876408576965332,0.015529741533100605,0.5784153938293457,0.5727673172950745,1.4079761505126953,-0.0018068515928462148,0.006930360104888678,0.4375842809677124,1.3937536478042603,-0.032273050397634506,0.005655188579112291,0.5635241866111755,1.7649322748184204,0.26247692108154297,0.0004978837678208947,0.4333716034889221,1.7574671506881714,0.1511399894952774,0.00045893547940067947,0.5684887766838074,1.8114111423492432,0.2733505368232727,0.0002454661298543215,0.42775481939315796,1.8066385984420776,0.16097036004066467,0.0005237386794760823,0.5397608876228333,1.8842418193817139,-0.004496282897889614,0.00038979569217190146,0.4576603174209595,1.8743019104003906,-0.14335374534130096,0.0008652525139041245,0.6450968980789185,0.4531700611114502,-1.3739864357376064e-07,0.6488147377967834,0.4072023630142212,0.00549591239541769,0.6461521983146667,0.36235344409942627,0.005039840005338192,0.6420131921768188,0.33427801728248596,0.00234086811542511,0.6401191353797913,0.31877774000167847,-0.0008577993721701205,0.6448031067848206,0.3188442885875702,-0.0007093531894497573,0.6353534460067749,0.27191048860549927,-0.0063140722922980785,0.6295545101165771,0.24394671618938446,-0.009317519143223763,0.6244091391563416,0.21979601681232452,-0.012251874431967735,0.6398361921310425,0.32357993721961975,-0.007238560821861029,0.6036491990089417,0.30618590116500854,-0.01477000117301941,0.6019273996353149,0.3310525715351105,-0.0141502246260643,0.6084590554237366,0.34676632285118103,-0.013323493301868439,0.6319860816001892,0.33880600333213806,-0.013519493862986565,0.5981364250183105,0.3330306112766266,-0.019864821806550026,0.5998060703277588,0.35543832182884216,-0.01591780036687851,0.6080083250999451,0.36581793427467346,-0.013210083357989788,0.6236826777458191,0.358325332403183,-0.019674327224493027,0.5973618030548096,0.35713300108909607,-0.02500743418931961,0.5977818369865417,0.37589889764785767,-0.023248884826898575,0.604194700717926,0.3852490484714508,-0.021297888830304146,0.0,0.0,0.0,0.0,0.0,0.0,0.0,0.0,0.0,0.0,0.0,0.0,0.0,0.0,0.0,0.0,0.0,0.0,0.0,0.0,0.0,0.0,0.0,0.0,0.0,0.0,0.0,0.0,0.0,0.0,0.0,0.0,0.0,0.0,0.0,0.0,0.0,0.0,0.0,0.0,0.0,0.0,0.0,0.0,0.0,0.0,0.0,0.0,0.0,0.0,0.0,0.0,0.0,0.0,0.0,0.0,0.0,0.0,0.0,0.0,0.0,0.0,0.0
0.505075216293335,0.2440744787454605,-0.4247060716152191,0.9996740221977234,0.5197483897209167,0.21461719274520874,-0.3846021890640259,0.9994770288467407,0.5291322469711304,0.2147366851568222,-0.3846812844276428,0.999494194984436,0.5371020436286926,0.21428492665290833,-0.3844527006149292,0.9994364380836487,0.4941226840019226,0.21114662289619446,-0.3900093734264374,0.999420166015625,0.4848589599132538,0.2113211452960968,-0.38992899656295776,0.9995400905609131,0.4761461019515991,0.211760014295578,-0.3902691900730133,0.9995222687721252,0.5492749810218811,0.2358461171388626,-0.1622299700975418,0.9993443489074707,0.46732500195503235,0.23832491040229797,-0.18463531136512756,0.9993116855621338,0.520361065864563,0.29048049449920654,-0.3475375473499298,0.9996246099472046,0.4873654246330261,0.28852033615112305,-0.3547796308994293,0.9994465708732605,0.6036242246627808,0.47406548261642456,-0.08468187600374222,0.9991239905357361,0.40596410632133484,0.48260197043418884,-0.06180528923869133,0.9982910752296448,0.6432159543037415,0.745975911617279,-0.413274347782135,0.9505358338356018,0.38192257285118103,0.7769883871078491,0.08359943330287933,0.9517266154289246,0.6387472748756409,0.48090657591819763,-0.9550899267196655,0.9125967025756836,0.37502071261405945,1.0037357807159424,0.07676682621240616,0.8969013094902039,0.6355141997337341,0.3924140930175781,-1.0496711730957031,0.8836857080459595,0.3722408711910248,1.0694425106048584,0.0757482498884201,0.8450651168823242,0.6324870586395264,0.37113824486732483,-1.0159876346588135,0.8971800208091736,0.37591272592544556,1.0638707876205444,0.02292955294251442,0.861078679561615,0.6279837489128113,0.39640742540359497,-0.957352876663208,0.9037507176399231,0.382488876581192,1.0329352617263794,0.057162802666425705,0.8797835111618042,0.5731961727142334,0.9871871471405029,-0.014368918724358082,0.6372131109237671,0.44999122619628906,0.9861727356910706,0.015963276848196983,0.5800316333770752,0.5759841799736023,1.3997516632080078,0.00014970854681450874,0.00623938487842679,0.4396762549877167,1.3911458253860474,-0.016820132732391357,0.005150821525603533,0.5666458606719971,1.7601194381713867,0.27066126465797424,0.0004425467923283577,0.43560415506362915,1.7539006471633911,0.1743677407503128,0.00041234231321141124,0.5714954733848572,1.8067210912704468,0.2822183072566986,0.00022323221492115408,0.42988863587379456,1.8029738664627075,0.18555328249931335,0.0004923598608002067,0.5425615310668945,1.876033902168274,0.005771463271230459,0.00035541135002858937,0.46253645420074463,1.8697172403335571,-0.11654182523488998,0.0008205437334254384,0.6490966081619263,0.4565187394618988,-1.3643035856603092e-07,0.6537055969238281,0.4083930552005768,0.0066627562046051025,0.6523738503456116,0.36240530014038086,0.007021207362413406,0.6520128846168518,0.3306330144405365,0.004971352871507406,0.6552167534828186,0.3090437054634094,0.002339183585718274,0.6483213901519775,0.3195633292198181,0.0008140464196912944,0.6395601034164429,0.2715660631656647,-0.005105206742882729,0.6336970925331116,0.24170510470867157,-0.00825837068259716,0.628337562084198,0.21655739843845367,-0.011096484959125519,0.6426260471343994,0.3240245580673218,-0.005913048516958952,0.6067379117012024,0.30275213718414307,-0.014099343679845333,0.6032706499099731,0.3292042315006256,-0.013353366404771805,0.6089066863059998,0.3457214832305908,-0.012036057189106941,0.6343334913253784,0.33826175332069397,-0.012339860200881958,0.6002635955810547,0.3284272253513336,-0.01934773288667202,0.6010103225708008,0.35254883766174316,-0.0146821653470397,0.6088710427284241,0.36388707160949707,-0.011031846515834332,0.6256260275840759,0.35713857412338257,-0.01848933845758438,0.5985500812530518,0.3523313105106354,-0.023966947570443153,0.5993218421936035,0.372356653213501,-0.021584797650575638,0.6064563393592834,0.38247212767601013,-0.018885277211666107,0.0,0.0,0.0,0.0,0.0,0.0,0.0,0.0,0.0,0.0,0.0,0.0,0.0,0.0,0.0,0.0,0.0,0.0,0.0,0.0,0.0,0.0,0.0,0.0,0.0,0.0,0.0,0.0,0.0,0.0,0.0,0.0,0.0,0.0,0.0,0.0,0.0,0.0,0.0,0.0,0.0,0.0,0.0,0.0,0.0,0.0,0.0,0.0,0.0,0.0,0.0,0.0,0.0,0.0,0.0,0.0,0.0,0.0,0.0,0.0,0.0,0.0,0.0
0.503195583820343,0.24306146800518036,-0.4200400412082672,0.9997007846832275,0.5181849002838135,0.21403881907463074,-0.3804510533809662,0.9995105266571045,0.52705979347229,0.21421785652637482,-0.38048675656318665,0.9995233416557312,0.5355873107910156,0.21372829377651215,-0.38020509481430054,0.9994683265686035,0.49279531836509705,0.21057496964931488,-0.3837312161922455,0.9994676113128662,0.4835820496082306,0.21068890392780304,-0.3836258053779602,0.9995781779289246,0.4750678241252899,0.2110603004693985,-0.3839700520038605,0.9995638132095337,0.547843337059021,0.23489028215408325,-0.1628478318452835,0.9993784427642822,0.467004656791687,0.23750534653663635,-0.17729996144771576,0.9993776082992554,0.5188384056091309,0.2895936965942383,-0.34484344720840454,0.9996512532234192,0.48586171865463257,0.28721392154693604,-0.3494451642036438,0.9994950890541077,0.6036658883094788,0.4744780361652374,-0.08655037730932236,0.9991598129272461,0.40585267543792725,0.481564998626709,-0.05028475821018219,0.9984984397888184,0.6394459009170532,0.741982638835907,-0.4368134140968323,0.9526023864746094,0.38086140155792236,0.7779894471168518,0.08353707194328308,0.9533933997154236,0.6367965936660767,0.473445326089859,-0.9823837876319885,0.9109265804290771,0.37150323390960693,0.9843790531158447,0.06883217394351959,0.9005705714225769,0.6355098485946655,0.381121963262558,-1.075738549232483,0.8817890286445618,0.36675697565078735,1.075016975402832,0.06851843744516373,0.8504478931427002,0.6321617960929871,0.3607758581638336,-1.0444667339324951,0.8950055837631226,0.37149298191070557,1.0721745491027832,0.016707399860024452,0.8661229610443115,0.6270551681518555,0.3878045976161957,-0.9854215979576111,0.9030715227127075,0.37900009751319885,1.0408819913864136,0.04929984733462334,0.8844665288925171,0.5720955729484558,0.9860752820968628,-0.01677572727203369,0.6360630989074707,0.4478904604911804,0.9855765104293823,0.018383437767624855,0.5825023651123047,0.5719015002250671,1.397591233253479,0.0036529824137687683,0.0055057210847735405,0.43603208661079407,1.3887699842453003,-0.009271255694329739,0.004618014208972454,0.5637708902359009,1.755905032157898,0.2694593667984009,0.00039129090146161616,0.43402183055877686,1.7518455982208252,0.18221744894981384,0.0003648007404990494,0.5688666701316833,1.8020989894866943,0.2805079221725464,0.0002029469033004716,0.42872658371925354,1.7999242544174194,0.19302409887313843,0.0004525035328697413,0.540719747543335,1.8722771406173706,0.00498134596273303,0.00032165736774913967,0.4588632881641388,1.8675024509429932,-0.10868117958307266,0.0007456479361280799,0.6508677005767822,0.454892098903656,-1.8290617731508974e-07,0.6573991179466248,0.40665528178215027,0.007687441539019346,0.6577653288841248,0.36107999086380005,0.008354997262358665,0.6586074233055115,0.3271743357181549,0.00651725335046649,0.6622326970100403,0.30269163846969604,0.004094379022717476,0.6507679224014282,0.31505292654037476,0.0013635249342769384,0.6421352028846741,0.26429715752601624,-0.003652330720797181,0.6367000341415405,0.23588420450687408,-0.0065869661048054695,0.6322544813156128,0.21075627207756042,-0.009390297345817089,0.6446731090545654,0.32095587253570557,-0.005720966495573521,0.6100200414657593,0.3004087805747986,-0.012709559872746468,0.6073185801506042,0.32595857977867126,-0.011792461387813091,0.6134053468704224,0.3424193263053894,-0.010906090959906578,0.6359000205993652,0.3363848924636841,-0.012367545627057552,0.6028575301170349,0.32561641931533813,-0.01721467822790146,0.6039286255836487,0.3485305905342102,-0.011827178299427032,0.6115872263908386,0.3599499464035034,-0.008618958294391632,0.6273031234741211,0.3564768433570862,-0.018765507265925407,0.6016245484352112,0.3498585820198059,-0.021868515759706497,0.6024733781814575,0.36889418959617615,-0.018411489203572273,0.6089403629302979,0.37871840596199036,-0.015643902122974396,0.0,0.0,0.0,0.0,0.0,0.0,0.0,0.0,0.0,0.0,0.0,0.0,0.0,0.0,0.0,0.0,0.0,0.0,0.0,0.0,0.0,0.0,0.0,0.0,0.0,0.0,0.0,0.0,0.0,0.0,0.0,0.0,0.0,0.0,0.0,0.0,0.0,0.0,0.0,0.0,0.0,0.0,0.0,0.0,0.0,0.0,0.0,0.0,0.0,0.0,0.0,0.0,0.0,0.0,0.0,0.0,0.0,0.0,0.0,0.0,0.0,0.0,0.0
0.5027615427970886,0.2424331158399582,-0.42482703924179077,0.9997237324714661,0.518309473991394,0.2135167419910431,-0.3861079216003418,0.999538242816925,0.5273369550704956,0.21362370252609253,-0.38614198565483093,0.9995450973510742,0.5358701944351196,0.21324294805526733,-0.3859090209007263,0.9994964003562927,0.49297618865966797,0.21008223295211792,-0.3870725631713867,0.9995054602622986,0.48388272523880005,0.2099340558052063,-0.386999249458313,0.9996069669723511,0.4754822552204132,0.21001794934272766,-0.38732653856277466,0.9995964765548706,0.548779308795929,0.23461198806762695,-0.1687980592250824,0.9994023442268372,0.4679158329963684,0.23564177751541138,-0.17450562119483948,0.9994239807128906,0.5182898044586182,0.2890631854534149,-0.3500591516494751,0.9996733665466309,0.4854697585105896,0.2862027883529663,-0.35083073377609253,0.9995315074920654,0.6048153042793274,0.4746900796890259,-0.09392151236534119,0.9992055296897888,0.40690121054649353,0.4798896610736847,-0.05257062986493111,0.9986686110496521,0.640069305896759,0.7385754585266113,-0.44552648067474365,0.9554932117462158,0.3803827464580536,0.7692643404006958,0.09793487191200256,0.9547861814498901,0.6385334730148315,0.468686580657959,-0.9874630570411682,0.9130927920341492,0.37450820207595825,0.9775956869125366,0.10093102604150772,0.9005082845687866,0.6375942230224609,0.3758896291255951,-1.0799895524978638,0.8839985132217407,0.36870771646499634,1.0693222284317017,0.10283565521240234,0.8495057821273804,0.6345002055168152,0.35353314876556396,-1.0508801937103271,0.896602988243103,0.37454697489738464,1.067600131034851,0.05014808475971222,0.8652305603027344,0.6293763518333435,0.3797975182533264,-0.9913870096206665,0.9052160382270813,0.3818908929824829,1.0359408855438232,0.0811748132109642,0.8841828107833862,0.5740455389022827,0.9842477440834045,-0.01769128069281578,0.6387767791748047,0.44798189401626587,0.9836797714233398,0.019259179010987282,0.5883370041847229,0.5727930665016174,1.396725058555603,0.003934404347091913,0.004939921200275421,0.4361852705478668,1.3848600387573242,-0.027953799813985825,0.0042290291748940945,0.5633381009101868,1.753431797027588,0.27065885066986084,0.0003509705129545182,0.4335119426250458,1.7480216026306152,0.16888543963432312,0.0003286874562036246,0.568195641040802,1.7997405529022217,0.2810211479663849,0.0001903760276036337,0.42853498458862305,1.7951289415359497,0.17956694960594177,0.00043314561480656266,0.5401128530502319,1.8717464208602905,0.004002082161605358,0.0002980882709380239,0.45882338285446167,1.8635767698287964,-0.12936827540397644,0.0007093096501193941,0.6534332633018494,0.4523094892501831,-2.04884443633091e-07,0.6596491932868958,0.40544426441192627,0.010823874734342098,0.6608134508132935,0.36012178659439087,0.01281112153083086,0.6618009805679321,0.32559552788734436,0.011850276961922646,0.6675428748130798,0.3028993606567383,0.010140743106603622,0.6538205742835999,0.314163476228714,0.0023511310573667288,0.6464866399765015,0.26174312829971313,-0.001937673194333911,0.64117431640625,0.23292973637580872,-0.004096745513379574,0.6369192600250244,0.20780713856220245,-0.006428205408155918,0.6475955843925476,0.3199085295200348,-0.006033151876181364,0.6134965419769287,0.2964046001434326,-0.011626225896179676,0.6117540597915649,0.32182633876800537,-0.009388291276991367,0.6188160181045532,0.33888188004493713,-0.007994065061211586,0.6383311748504639,0.33529773354530334,-0.01365592423826456,0.6055086851119995,0.3236984610557556,-0.017393700778484344,0.6068240404129028,0.34684765338897705,-0.011368084698915482,0.6149954199790955,0.35838162899017334,-0.008235438726842403,0.6285296678543091,0.35489511489868164,-0.020692061632871628,0.6025845408439636,0.34775441884994507,-0.023050861433148384,0.6035768389701843,0.3667435646057129,-0.019351502880454063,0.6103132963180542,0.37658026814460754,-0.016824807971715927,0.0,0.0,0.0,0.0,0.0,0.0,0.0,0.0,0.0,0.0,0.0,0.0,0.0,0.0,0.0,0.0,0.0,0.0,0.0,0.0,0.0,0.0,0.0,0.0,0.0,0.0,0.0,0.0,0.0,0.0,0.0,0.0,0.0,0.0,0.0,0.0,0.0,0.0,0.0,0.0,0.0,0.0,0.0,0.0,0.0,0.0,0.0,0.0,0.0,0.0,0.0,0.0,0.0,0.0,0.0,0.0,0.0,0.0,0.0,0.0,0.0,0.0,0.0
0.503557026386261,0.24175064265727997,-0.425387442111969,0.9997434616088867,0.5183869004249573,0.2130376249551773,-0.3859241306781769,0.9995594620704651,0.5271450281143188,0.2131119668483734,-0.3859662115573883,0.9995624423027039,0.5355896353721619,0.21267016232013702,-0.38569483160972595,0.9995154142379761,0.49392884969711304,0.20976056158542633,-0.38790205121040344,0.9995376467704773,0.4849831163883209,0.20957764983177185,-0.38781729340553284,0.9996337890625,0.4766637980937958,0.20960880815982819,-0.3881528079509735,0.9996256232261658,0.5477192401885986,0.23363737761974335,-0.1670779436826706,0.9994201064109802,0.46857768297195435,0.23501436412334442,-0.1745625138282776,0.9994694590568542,0.5185934901237488,0.28807368874549866,-0.3504168391227722,0.9996923208236694,0.4866286814212799,0.28532707691192627,-0.3518615663051605,0.9995659589767456,0.6040371656417847,0.47192201018333435,-0.08890081197023392,0.9992383718490601,0.4072522521018982,0.47964778542518616,-0.05909131467342377,0.9988173246383667,0.6391891241073608,0.7355945706367493,-0.43005549907684326,0.9575237035751343,0.3802860975265503,0.7719284296035767,0.07007140666246414,0.9560635089874268,0.6448089480400085,0.47096315026283264,-0.9697880148887634,0.9130258560180664,0.3737882673740387,0.9836554527282715,0.05309931933879852,0.9031961560249329,0.6430999636650085,0.3883054852485657,-1.0627461671829224,0.884634792804718,0.3674411177635193,1.076720118522644,0.05257576331496239,0.8531738519668579,0.6420328617095947,0.3682790994644165,-1.0338199138641357,0.897025465965271,0.3740905225276947,1.0736504793167114,-0.0007557702483609319,0.868537962436676,0.6374791264533997,0.39034485816955566,-0.9735538363456726,0.9061774015426636,0.38169464468955994,1.0418089628219604,0.03281343728303909,0.8877221941947937,0.5729628205299377,0.983945369720459,-0.015573127195239067,0.6274605393409729,0.4488794207572937,0.9832339882850647,0.017175283282995224,0.578393816947937,0.5737705230712891,1.3948512077331543,-0.0013974334578961134,0.004357189405709505,0.43637359142303467,1.3838143348693848,-0.02482503466308117,0.0037692668847739697,0.5631616711616516,1.7521660327911377,0.2615554630756378,0.00031255296198651195,0.43325075507164,1.7467787265777588,0.16351120173931122,0.0002913697680924088,0.5678547620773315,1.79855215549469,0.2705059051513672,0.0001743519096635282,0.4282064735889435,1.7937284708023071,0.17335104942321777,0.0003974704595748335,0.5402988791465759,1.8704456090927124,-0.008141938596963882,0.0002721007040236145,0.45799773931503296,1.8616031408309937,-0.131781667470932,0.0006548836827278137,0.6559010148048401,0.4439604878425598,-5.724545104612844e-08,0.6628180742263794,0.4019310474395752,0.007554466370493174,0.6656767129898071,0.35797393321990967,0.007772341370582581,0.6674728393554688,0.32266756892204285,0.005789955146610737,0.6736592650413513,0.299066424369812,0.0029387804679572582,0.6553152799606323,0.3149637281894684,-0.0001782150357030332,0.6497834920883179,0.2635381817817688,-0.004674042575061321,0.6450752019882202,0.23272928595542908,-0.007297605741769075,0.6410924792289734,0.20597071945667267,-0.009769451804459095,0.6481406092643738,0.3196234405040741,-0.0066756498999893665,0.6172515749931335,0.29420751333236694,-0.011682870797812939,0.6162377595901489,0.31907156109809875,-0.009062609635293484,0.6232050657272339,0.33518245816230774,-0.007045468781143427,0.638390839099884,0.33378925919532776,-0.012612809427082539,0.6085637211799622,0.3219796419143677,-0.016156909987330437,0.610508382320404,0.3441670536994934,-0.010269234888255596,0.6189295649528503,0.35522720217704773,-0.006698938552290201,0.6282091736793518,0.35248610377311707,-0.018156714737415314,0.605370044708252,0.34433552622795105,-0.02031959965825081,0.6069484949111938,0.36350515484809875,-0.016224708408117294,0.6137349605560303,0.37417423725128174,-0.012907632626593113,0.0,0.0,0.0,0.0,0.0,0.0,0.0,0.0,0.0,0.0,0.0,0.0,0.0,0.0,0.0,0.0,0.0,0.0,0.0,0.0,0.0,0.0,0.0,0.0,0.0,0.0,0.0,0.0,0.0,0.0,0.0,0.0,0.0,0.0,0.0,0.0,0.0,0.0,0.0,0.0,0.0,0.0,0.0,0.0,0.0,0.0,0.0,0.0,0.0,0.0,0.0,0.0,0.0,0.0,0.0,0.0,0.0,0.0,0.0,0.0,0.0,0.0,0.0
0.5040057301521301,0.24122285842895508,-0.43237239122390747,0.999763548374176,0.5187129378318787,0.21243475377559662,-0.39272090792655945,0.9995846748352051,0.5276477336883545,0.212458997964859,-0.3927748501300812,0.9995850324630737,0.5358719229698181,0.21207155287265778,-0.39249947667121887,0.999538242816925,0.49423491954803467,0.20933905243873596,-0.39643871784210205,0.9995728135108948,0.4852226674556732,0.2088441699743271,-0.39634469151496887,0.9996634721755981,0.47675997018814087,0.20860658586025238,-0.396684855222702,0.9996567964553833,0.5475562810897827,0.2329963892698288,-0.17053256928920746,0.999441385269165,0.46848738193511963,0.2339746206998825,-0.1798834204673767,0.999518632888794,0.5185052156448364,0.2873587906360626,-0.3553561568260193,0.9997110962867737,0.4866968095302582,0.2845509648323059,-0.35971397161483765,0.9996025562286377,0.6046176552772522,0.4714091122150421,-0.08565530180931091,0.9992542862892151,0.40678516030311584,0.4787066876888275,-0.058531712740659714,0.9989484548568726,0.6415268778800964,0.731015682220459,-0.4248083531856537,0.9592291116714478,0.38234585523605347,0.7671264410018921,0.10058296471834183,0.958198606967926,0.6446589827537537,0.4638166129589081,-0.9622572660446167,0.9142118692398071,0.3756978213787079,0.9784280061721802,0.11715929955244064,0.9069927334785461,0.6438133120536804,0.3818478584289551,-1.05418062210083,0.8860871195793152,0.3693943917751312,1.0710489749908447,0.12286194413900375,0.8578213453292847,0.6421054005622864,0.36328375339508057,-1.023595929145813,0.8979793190956116,0.37659624218940735,1.0682573318481445,0.06876950711011887,0.8724252581596375,0.636883556842804,0.3852495551109314,-0.9653993844985962,0.9075804352760315,0.3841089904308319,1.0364205837249756,0.09774933755397797,0.8916838765144348,0.5751006007194519,0.9836256504058838,-0.014260287396609783,0.6275692582130432,0.4497480094432831,0.9832221269607544,0.015832940116524696,0.5814281702041626,0.5772149562835693,1.3932157754898071,-0.001394658931531012,0.003935251384973526,0.4383601248264313,1.3818165063858032,-0.02477567456662655,0.003482726402580738,0.5668998956680298,1.7488963603973389,0.2615053355693817,0.0002865088463295251,0.4354808032512665,1.7448477745056152,0.1673479527235031,0.0002704787766560912,0.5714835524559021,1.7950890064239502,0.2705802917480469,0.0001649062178330496,0.43019402027130127,1.7914526462554932,0.17774853110313416,0.0003858132113236934,0.5441575646400452,1.8672627210617065,-0.007682034745812416,0.00025639028172008693,0.46264317631721497,1.8590104579925537,-0.12535755336284637,0.0006322788540273905,0.6554993391036987,0.4366534650325775,-4.44493863938078e-08,0.6640506386756897,0.39972248673439026,0.0049054306000471115,0.6684688925743103,0.355585515499115,0.004710301756858826,0.6709152460098267,0.31903526186943054,0.0031954634469002485,0.6778808832168579,0.29601559042930603,0.0008460254175588489,0.6563969254493713,0.3139033019542694,-0.004861006513237953,0.6524359583854675,0.26176461577415466,-0.009963647462427616,0.6484088897705078,0.23044633865356445,-0.01258109137415886,0.6448091864585876,0.20433488488197327,-0.015012453310191631,0.648086667060852,0.3205551207065582,-0.009675459004938602,0.6181830763816833,0.2920200824737549,-0.015561109408736229,0.6183373928070068,0.3161959648132324,-0.012814873829483986,0.6260856986045837,0.33170560002326965,-0.010563816875219345,0.6382662057876587,0.3358738422393799,-0.013910794630646706,0.6096063852310181,0.3221491277217865,-0.018388768658041954,0.6127492189407349,0.3426893949508667,-0.012372809462249279,0.6214997172355652,0.35299432277679443,-0.008326794020831585,0.6283990740776062,0.35514822602272034,-0.017845945432782173,0.6068176627159119,0.3447765111923218,-0.020740699023008347,0.6091369986534119,0.36181187629699707,-0.016784416511654854,0.6162577867507935,0.3710344433784485,-0.013364603742957115,0.0,0.0,0.0,0.0,0.0,0.0,0.0,0.0,0.0,0.0,0.0,0.0,0.0,0.0,0.0,0.0,0.0,0.0,0.0,0.0,0.0,0.0,0.0,0.0,0.0,0.0,0.0,0.0,0.0,0.0,0.0,0.0,0.0,0.0,0.0,0.0,0.0,0.0,0.0,0.0,0.0,0.0,0.0,0.0,0.0,0.0,0.0,0.0,0.0,0.0,0.0,0.0,0.0,0.0,0.0,0.0,0.0,0.0,0.0,0.0,0.0,0.0,0.0
0.5040696859359741,0.2410942018032074,-0.44600436091423035,0.9997815489768982,0.5187057256698608,0.21222400665283203,-0.4082137942314148,0.9996078610420227,0.5278368592262268,0.2121978998184204,-0.4082631766796112,0.9996077418327332,0.5360427498817444,0.2118220031261444,-0.4081578254699707,0.9995591044425964,0.49364784359931946,0.20932258665561676,-0.40981796383857727,0.9996023774147034,0.48448264598846436,0.2090136855840683,-0.4098004996776581,0.9996886253356934,0.4761914014816284,0.20895779132843018,-0.41010749340057373,0.9996805787086487,0.5471819043159485,0.23256687819957733,-0.1860741823911667,0.9994640946388245,0.46776849031448364,0.23486311733722687,-0.19101296365261078,0.9995614290237427,0.5191484093666077,0.2868209779262543,-0.3681911826133728,0.9997296333312988,0.48706570267677307,0.28474581241607666,-0.37053877115249634,0.9996361136436462,0.6049712896347046,0.47308140993118286,-0.10544292628765106,0.9992769360542297,0.4063619375228882,0.48072341084480286,-0.07285870611667633,0.9990523457527161,0.641255259513855,0.7295562028884888,-0.48361942172050476,0.960313618183136,0.380928099155426,0.7741433382034302,0.059206489473581314,0.9589247107505798,0.6474817991256714,0.47643476724624634,-1.0701661109924316,0.9148069024085999,0.37617647647857666,0.9818978905677795,0.0353577546775341,0.9090558290481567,0.6469064354896545,0.3931342661380768,-1.1721409559249878,0.8867546916007996,0.36955752968788147,1.0733633041381836,0.030621470883488655,0.8603996634483337,0.6462991237640381,0.37566420435905457,-1.1472591161727905,0.8982546925544739,0.37682044506073,1.0719166994094849,-0.022749202325940132,0.8749944567680359,0.6400631070137024,0.3998366892337799,-1.0769078731536865,0.90812087059021,0.38461238145828247,1.0402135848999023,0.015100225806236267,0.8937470316886902,0.5735485553741455,0.9835932850837708,-0.01820039562880993,0.6264877915382385,0.4483202397823334,0.9830646514892578,0.019785238429903984,0.5795528292655945,0.5736544728279114,1.391830563545227,0.017971092835068703,0.0037030724342912436,0.4357152283191681,1.380881428718567,-0.01227688230574131,0.003307763487100601,0.5652406215667725,1.7462491989135742,0.2968432605266571,0.0002780314243864268,0.4335273504257202,1.7435373067855835,0.18951010704040527,0.00025589484721422195,0.5700632333755493,1.7927144765853882,0.3087175190448761,0.000166076555615291,0.42877787351608276,1.7904553413391113,0.20097710192203522,0.0003767351736314595,0.5422849059104919,1.864791989326477,0.026354746893048286,0.0002503981813788414,0.4587325155735016,1.8577378988265991,-0.10774006694555283,0.0006040275911800563,0.6582863926887512,0.44132956862449646,-2.8051811540308336e-08,0.6667888760566711,0.4022648334503174,0.004284646362066269,0.6713933348655701,0.35608190298080444,0.0036965091712772846,0.6753759980201721,0.31955087184906006,0.001902563963085413,0.6827366948127747,0.29648613929748535,-0.0007043082150630653,0.6586395502090454,0.31551480293273926,-0.005364188924431801,0.6548295617103577,0.26266708970069885,-0.010556066408753395,0.651016354560852,0.23084887862205505,-0.013331240974366665,0.6474374532699585,0.20384056866168976,-0.01577056385576725,0.6498058438301086,0.3220788240432739,-0.010056616738438606,0.6210924983024597,0.2906376123428345,-0.015673581510782242,0.6211817860603333,0.3146778643131256,-0.012844565324485302,0.6288374662399292,0.3315069377422333,-0.01050660666078329,0.6394198536872864,0.337866872549057,-0.014183166436851025,0.6116593480110168,0.3204130232334137,-0.01868906430900097,0.6145584583282471,0.3401115834712982,-0.012711431831121445,0.623288631439209,0.3512043058872223,-0.008647947572171688,0.6290631890296936,0.35771679878234863,-0.018003908917307854,0.6079290509223938,0.34359127283096313,-0.02080278843641281,0.6101319789886475,0.35993868112564087,-0.016386529430747032,0.617051362991333,0.3702269196510315,-0.012598373927175999,0.0,0.0,0.0,0.0,0.0,0.0,0.0,0.0,0.0,0.0,0.0,0.0,0.0,0.0,0.0,0.0,0.0,0.0,0.0,0.0,0.0,0.0,0.0,0.0,0.0,0.0,0.0,0.0,0.0,0.0,0.0,0.0,0.0,0.0,0.0,0.0,0.0,0.0,0.0,0.0,0.0,0.0,0.0,0.0,0.0,0.0,0.0,0.0,0.0,0.0,0.0,0.0,0.0,0.0,0.0,0.0,0.0,0.0,0.0,0.0,0.0,0.0,0.0
0.5039030909538269,0.24117174744606018,-0.45607244968414307,0.9997925758361816,0.5184308886528015,0.21201899647712708,-0.4163542687892914,0.9996192455291748,0.5275495648384094,0.2120034247636795,-0.4164181053638458,0.9996166825294495,0.5358140468597412,0.21168045699596405,-0.4161120653152466,0.9995660185813904,0.49303609132766724,0.20929746329784393,-0.4181499779224396,0.999620258808136,0.48366057872772217,0.20910219848155975,-0.41803693771362305,0.9997043013572693,0.47542840242385864,0.20918121933937073,-0.41840896010398865,0.9996957778930664,0.5468671321868896,0.23239366710186005,-0.1901605725288391,0.9994679093360901,0.4671911299228668,0.2349696010351181,-0.1945592761039734,0.999589741230011,0.519184947013855,0.28666290640830994,-0.37717363238334656,0.9997400641441345,0.48701751232147217,0.2851524353027344,-0.37902748584747314,0.9996578097343445,0.6056450605392456,0.47360000014305115,-0.10966619849205017,0.9992767572402954,0.4061475396156311,0.4803725779056549,-0.06430639326572418,0.999135434627533,0.6415127515792847,0.7264071702957153,-0.4980505108833313,0.9607571363449097,0.3824068307876587,0.7686347961425781,0.08946879953145981,0.9591558575630188,0.6471477746963501,0.4761852025985718,-1.0979182720184326,0.9133538603782654,0.3796581029891968,0.9800457954406738,0.09593614190816879,0.9095784425735474,0.6477415561676025,0.3932162821292877,-1.2016448974609375,0.8847604393959045,0.3742637634277344,1.0736486911773682,0.09756840020418167,0.8613303899765015,0.6469579339027405,0.3749658167362213,-1.176218867301941,0.8959110975265503,0.3804924190044403,1.0720787048339844,0.042324647307395935,0.8758666515350342,0.6403942704200745,0.39863312244415283,-1.104800820350647,0.9062788486480713,0.38716551661491394,1.0399057865142822,0.07570262253284454,0.894743025302887,0.5747730731964111,0.9835010766983032,-0.021757232025265694,0.6232128143310547,0.44845840334892273,0.9828606247901917,0.023444313555955887,0.5753848552703857,0.5751289129257202,1.3954463005065918,0.015944411978125572,0.003453168086707592,0.4354704022407532,1.3809425830841064,-0.0016333251260221004,0.003119133412837982,0.5654533505439758,1.7482422590255737,0.2936948537826538,0.00026657915441319346,0.4326726794242859,1.7425775527954102,0.2083539217710495,0.00024204702640417963,0.5701984763145447,1.7950505018234253,0.30429723858833313,0.0001629246980883181,0.4278987944126129,1.789804220199585,0.22129091620445251,0.00036507192999124527,0.5429880023002625,1.868228793144226,0.026518991217017174,0.0002406433195574209,0.4583768844604492,1.8598304986953735,-0.08906467258930206,0.0005795562174171209,0.6580595374107361,0.4410112500190735,-2.4977850898721954e-08,0.6679795384407043,0.40094196796417236,0.005302246194332838,0.6730671525001526,0.3556971848011017,0.004992121830582619,0.6780409812927246,0.3185277283191681,0.0033410077448934317,0.686334490776062,0.2952308654785156,0.000773570267483592,0.660784125328064,0.3172992169857025,-0.004711476620286703,0.6567853093147278,0.26355379819869995,-0.009751016274094582,0.6534589529037476,0.23075589537620544,-0.012731573544442654,0.650219202041626,0.20289941132068634,-0.015488007105886936,0.651459813117981,0.3232870399951935,-0.0097561776638031,0.6224546432495117,0.2918708920478821,-0.014854621142148972,0.6225830912590027,0.3155904710292816,-0.011958817951381207,0.6298826336860657,0.33198273181915283,-0.00987992249429226,0.6405019164085388,0.3382135033607483,-0.014176953583955765,0.6132317185401917,0.32147303223609924,-0.017968250438570976,0.6163986325263977,0.3412257432937622,-0.011734659783542156,0.6248724460601807,0.35162419080734253,-0.007829318754374981,0.6297260522842407,0.3576057553291321,-0.018238114193081856,0.6088020205497742,0.34393951296806335,-0.020540395751595497,0.6112134456634521,0.3602948784828186,-0.01605372130870819,0.6180922985076904,0.36992380023002625,-0.012465987354516983,0.0,0.0,0.0,0.0,0.0,0.0,0.0,0.0,0.0,0.0,0.0,0.0,0.0,0.0,0.0,0.0,0.0,0.0,0.0,0.0,0.0,0.0,0.0,0.0,0.0,0.0,0.0,0.0,0.0,0.0,0.0,0.0,0.0,0.0,0.0,0.0,0.0,0.0,0.0,0.0,0.0,0.0,0.0,0.0,0.0,0.0,0.0,0.0,0.0,0.0,0.0,0.0,0.0,0.0,0.0,0.0,0.0,0.0,0.0,0.0,0.0,0.0,0.0
0.5034810900688171,0.2412983924150467,-0.44537803530693054,0.9998061060905457,0.5181946158409119,0.21178393065929413,-0.4056759178638458,0.999640703201294,0.5273119211196899,0.2118145227432251,-0.405741810798645,0.999636709690094,0.5356625914573669,0.21157194674015045,-0.4053947329521179,0.999588668346405,0.49248790740966797,0.20938806235790253,-0.4075287878513336,0.9996422529220581,0.4831639528274536,0.209377720952034,-0.4073735475540161,0.9997209310531616,0.47476473450660706,0.20965535938739777,-0.40774667263031006,0.9997119307518005,0.5468462109565735,0.23242150247097015,-0.18422193825244904,0.9994929432868958,0.4668958783149719,0.23547518253326416,-0.19065190851688385,0.9996146559715271,0.5189940929412842,0.28656163811683655,-0.3687332272529602,0.9997535943984985,0.4867800176143646,0.28555357456207275,-0.37101542949676514,0.999677300453186,0.6059943437576294,0.47418761253356934,-0.10906920582056046,0.9992865324020386,0.4067055583000183,0.48084399104118347,-0.061133019626140594,0.9991880059242249,0.6403785943984985,0.7242535352706909,-0.49629923701286316,0.9612063765525818,0.3840654492378235,0.7674610018730164,0.08026053011417389,0.9592491984367371,0.6480399370193481,0.47729524970054626,-1.089440107345581,0.9156984090805054,0.3794843852519989,0.9820584654808044,0.07843554764986038,0.9094845056533813,0.6500948071479797,0.39696982502937317,-1.1920802593231201,0.8877692222595215,0.37387600541114807,1.0766397714614868,0.07873423397541046,0.8613316416740417,0.6493348479270935,0.3781130015850067,-1.1675516366958618,0.8985975384712219,0.3802291750907898,1.0748945474624634,0.023623531684279442,0.8760440945625305,0.6427640318870544,0.40068644285202026,-1.0966235399246216,0.9087027311325073,0.387001097202301,1.0426766872406006,0.05778930336236954,0.8952524662017822,0.5745167136192322,0.9837815761566162,-0.022357000038027763,0.6205137372016907,0.44825369119644165,0.9826580882072449,0.02407388761639595,0.5705086588859558,0.5739961266517639,1.398362159729004,0.011856273747980595,0.0032587985042482615,0.4353927969932556,1.38148033618927,-0.01221515703946352,0.0029873785097151995,0.5635672211647034,1.7517094612121582,0.2842506766319275,0.00025600980734452605,0.43161600828170776,1.742899775505066,0.18732012808322906,0.00022822516621090472,0.5682784914970398,1.7988585233688354,0.2953495681285858,0.00016162815154530108,0.4268419146537781,1.7906948328018188,0.19797539710998535,0.00035433605080470443,0.5415588021278381,1.871717095375061,0.009552806615829468,0.00023245709598995745,0.4565858542919159,1.8621467351913452,-0.11511324346065521,0.0005606131162494421,0.6575387120246887,0.4409840703010559,-1.773541846716853e-08,0.6675816178321838,0.40190473198890686,0.0035880552604794502,0.6742101311683655,0.3566362261772156,0.0021293500903993845,0.6805793642997742,0.3205294907093048,-0.00024645827943459153,0.6886462569236755,0.2963378131389618,-0.0033913226798176765,0.6618090271949768,0.317573606967926,-0.008015751838684082,0.657941997051239,0.2635113298892975,-0.013971692882478237,0.6545456051826477,0.23140782117843628,-0.017304593697190285,0.6509811282157898,0.20490945875644684,-0.020068693906068802,0.6519339680671692,0.32484620809555054,-0.012308718636631966,0.6237697601318359,0.29324525594711304,-0.018353357911109924,0.6244965195655823,0.31712019443511963,-0.015516632236540318,0.6323148608207703,0.33383944630622864,-0.013256927020847797,0.6404272317886353,0.340557336807251,-0.015973545610904694,0.614051103591919,0.3230944573879242,-0.020700667053461075,0.6175658702850342,0.3425074815750122,-0.01429890189319849,0.62652987241745,0.35383906960487366,-0.009940814226865768,0.6294432282447815,0.35967540740966797,-0.019339969381690025,0.6099211573600769,0.3450137972831726,-0.02234088070690632,0.6127225756645203,0.3613854646682739,-0.017680669203400612,0.6198684573173523,0.3714829683303833,-0.013669492676854134,0.0,0.0,0.0,0.0,0.0,0.0,0.0,0.0,0.0,0.0,0.0,0.0,0.0,0.0,0.0,0.0,0.0,0.0,0.0,0.0,0.0,0.0,0.0,0.0,0.0,0.0,0.0,0.0,0.0,0.0,0.0,0.0,0.0,0.0,0.0,0.0,0.0,0.0,0.0,0.0,0.0,0.0,0.0,0.0,0.0,0.0,0.0,0.0,0.0,0.0,0.0,0.0,0.0,0.0,0.0,0.0,0.0,0.0,0.0,0.0,0.0,0.0,0.0
0.5035356283187866,0.2408922016620636,-0.4338028132915497,0.9998173117637634,0.5183292031288147,0.21127642691135406,-0.39421048760414124,0.9996578097343445,0.5273067355155945,0.21140089631080627,-0.39427095651626587,0.9996520280838013,0.5357287526130676,0.21131668984889984,-0.3939153552055359,0.9996069669723511,0.49261197447776794,0.20933382213115692,-0.39632561802864075,0.9996597766876221,0.48328718543052673,0.2092563360929489,-0.3962278962135315,0.9997335076332092,0.47500354051589966,0.20952020585536957,-0.3966123163700104,0.9997236728668213,0.5466428399085999,0.23259881138801575,-0.17690125107765198,0.9995068311691284,0.46668335795402527,0.23557668924331665,-0.18439511954784393,0.9996318817138672,0.5190600752830505,0.2863277196884155,-0.35879817605018616,0.9997634887695312,0.48676007986068726,0.28510352969169617,-0.36165180802345276,0.9996915459632874,0.6043741106987,0.4750050902366638,-0.10238679498434067,0.9992799162864685,0.4063747227191925,0.48319515585899353,-0.06658050417900085,0.9992197155952454,0.6382027268409729,0.7229176759719849,-0.4870968759059906,0.9613233804702759,0.3822636306285858,0.7761646509170532,0.03473840281367302,0.9598401188850403,0.6487200260162354,0.48145270347595215,-1.0721813440322876,0.9178543090820312,0.3766656219959259,0.9867924451828003,-0.0022071939893066883,0.9113237261772156,0.6506693363189697,0.39972758293151855,-1.1737407445907593,0.8903027772903442,0.3703332841396332,1.080416202545166,-0.00962818879634142,0.8635189533233643,0.6501826643943787,0.3795725703239441,-1.1512870788574219,0.9007534980773926,0.3790571391582489,1.0781444311141968,-0.06187434121966362,0.8785098195075989,0.6436744332313538,0.40216127038002014,-1.07979154586792,0.9105135798454285,0.3863859474658966,1.0463281869888306,-0.02236943133175373,0.8973256349563599,0.5725439786911011,0.9838247895240784,-0.021738670766353607,0.6213526725769043,0.44702303409576416,0.9831097722053528,0.02336142770946026,0.5707138180732727,0.5749120116233826,1.3945282697677612,0.012741148471832275,0.0031997680198401213,0.43615689873695374,1.381360650062561,-0.00020648680219892412,0.0029426717665046453,0.5679689645767212,1.7486820220947266,0.2837252616882324,0.00025105441454797983,0.43457701802253723,1.7414778470993042,0.19834493100643158,0.00021939042198937386,0.5729925632476807,1.7960118055343628,0.2948736250400543,0.00016243809659499675,0.42962056398391724,1.7889610528945923,0.20950831472873688,0.00034904765198007226,0.5450594425201416,1.8669734001159668,0.01622098684310913,0.00022658238594885916,0.4616185426712036,1.858109474182129,-0.09405706077814102,0.0005389172001741827,0.6569744348526001,0.4445193111896515,-1.579938491147459e-08,0.6685907244682312,0.4055800437927246,0.003236915450543165,0.6758497357368469,0.35959792137145996,0.0017644609324634075,0.6824353933334351,0.32307836413383484,-0.00047737237764522433,0.6908228397369385,0.2984638810157776,-0.003467320231720805,0.6626450419425964,0.32070064544677734,-0.008800727315247059,0.6588863134384155,0.2666378915309906,-0.015406681224703789,0.6557618975639343,0.23434719443321228,-0.01898173801600933,0.6526334285736084,0.2077583223581314,-0.021709349006414413,0.6523481011390686,0.3287529945373535,-0.013023026287555695,0.6249802708625793,0.2940615713596344,-0.019396809861063957,0.6259323954582214,0.3181936740875244,-0.01639970764517784,0.6336109042167664,0.3361199200153351,-0.013844834640622139,0.6404404640197754,0.3449554145336151,-0.01666889525949955,0.6150257587432861,0.32555362582206726,-0.021864401176571846,0.6189923882484436,0.34529805183410645,-0.01530580036342144,0.6278998255729675,0.3571861982345581,-0.010599390603601933,0.6289631724357605,0.36443713307380676,-0.019997386261820793,0.6103169918060303,0.34882116317749023,-0.023052796721458435,0.6140508651733398,0.3652209937572479,-0.0181130301207304,0.6211668848991394,0.3755527138710022,-0.013846801593899727,0.0,0.0,0.0,0.0,0.0,0.0,0.0,0.0,0.0,0.0,0.0,0.0,0.0,0.0,0.0,0.0,0.0,0.0,0.0,0.0,0.0,0.0,0.0,0.0,0.0,0.0,0.0,0.0,0.0,0.0,0.0,0.0,0.0,0.0,0.0,0.0,0.0,0.0,0.0,0.0,0.0,0.0,0.0,0.0,0.0,0.0,0.0,0.0,0.0,0.0,0.0,0.0,0.0,0.0,0.0,0.0,0.0,0.0,0.0,0.0,0.0,0.0,0.0
0.5053080320358276,0.24079293012619019,-0.4377540051937103,0.999829113483429,0.5196806192398071,0.21089763939380646,-0.3968699872493744,0.9996758699417114,0.5289782285690308,0.21114753186702728,-0.39695292711257935,0.9996685981750488,0.5366715788841248,0.21121853590011597,-0.3966136872768402,0.9996254444122314,0.4939318597316742,0.20930171012878418,-0.40071120858192444,0.9996796250343323,0.4844369888305664,0.20918771624565125,-0.400599867105484,0.999748945236206,0.47567325830459595,0.20941442251205444,-0.40098387002944946,0.9997381567955017,0.5470026135444641,0.2328176498413086,-0.17383012175559998,0.9995226860046387,0.46670231223106384,0.23556441068649292,-0.18571773171424866,0.9996562004089355,0.5199121832847595,0.2862831950187683,-0.36081740260124207,0.9997760653495789,0.48801642656326294,0.28502950072288513,-0.3655831515789032,0.9997101426124573,0.6039403676986694,0.47643381357192993,-0.09787937253713608,0.9992645978927612,0.4060017168521881,0.48296982049942017,-0.07277054339647293,0.9992569088935852,0.6371930837631226,0.7219462990760803,-0.477823406457901,0.9614176154136658,0.384490042924881,0.7740588784217834,0.03946426883339882,0.9607241749763489,0.6463167667388916,0.4795146882534027,-1.0576279163360596,0.9178857803344727,0.38117730617523193,0.9874325394630432,0.018410123884677887,0.9114682078361511,0.6491743922233582,0.39762765169143677,-1.1583385467529297,0.8896529078483582,0.3743292987346649,1.0826618671417236,0.014908939599990845,0.8633790612220764,0.6496303677558899,0.3783152401447296,-1.1341016292572021,0.899604320526123,0.38191449642181396,1.0803358554840088,-0.03992423042654991,0.878425121307373,0.6415254473686218,0.400713175535202,-1.064780592918396,0.909904420375824,0.3889518678188324,1.0479786396026611,-0.0024211739655584097,0.8977088332176208,0.5745687484741211,0.9840611219406128,-0.019317304715514183,0.6180596947669983,0.44695159792900085,0.9831695556640625,0.020942481234669685,0.5675134062767029,0.5770466327667236,1.3986427783966064,0.013005743734538555,0.00303915748372674,0.437682569026947,1.3830102682113647,-0.0002931059570983052,0.002823533723130822,0.5686456561088562,1.7512317895889282,0.2928699254989624,0.0002434916386846453,0.4355825185775757,1.7415305376052856,0.20088236033916473,0.00021083404135424644,0.5733975768089294,1.7985622882843018,0.30318817496299744,0.00016345822950825095,0.43026694655418396,1.789038896560669,0.21134696900844574,0.00034991209395229816,0.5467283129692078,1.8710068464279175,0.016751985996961594,0.0002214293199358508,0.4627430737018585,1.8605756759643555,-0.0973610132932663,0.0005329992272891104,0.6570926308631897,0.44979479908943176,-1.4140627335734735e-08,0.6681257486343384,0.41281047463417053,0.0018504519248381257,0.6764650344848633,0.3656500577926636,-0.000144664547406137,0.6836972236633301,0.32801881432533264,-0.0027134462725371122,0.6918930411338806,0.30245858430862427,-0.006094766780734062,0.6636198163032532,0.3271113932132721,-0.009938624687492847,0.659950315952301,0.2725531756877899,-0.01705409586429596,0.6566872596740723,0.2388983964920044,-0.02106381580233574,0.6534258723258972,0.21136820316314697,-0.02412773296236992,0.6535487174987793,0.33493778109550476,-0.013732525520026684,0.6252936720848083,0.30055075883865356,-0.020887700840830803,0.6260771751403809,0.3245998024940491,-0.01829473301768303,0.6341372132301331,0.34262606501579285,-0.015959305688738823,0.6414405703544617,0.35113510489463806,-0.017089826986193657,0.6144221425056458,0.32934388518333435,-0.023684382438659668,0.6181594133377075,0.34932681918144226,-0.017575271427631378,0.6274194121360779,0.3620246648788452,-0.012898917309939861,0.629513144493103,0.37070325016975403,-0.02016315795481205,0.6099143624305725,0.35298264026641846,-0.02455182746052742,0.6136611700057983,0.3699533939361572,-0.01995677687227726,0.6213728785514832,0.3813226521015167,-0.01575823873281479,0.0,0.0,0.0,0.0,0.0,0.0,0.0,0.0,0.0,0.0,0.0,0.0,0.0,0.0,0.0,0.0,0.0,0.0,0.0,0.0,0.0,0.0,0.0,0.0,0.0,0.0,0.0,0.0,0.0,0.0,0.0,0.0,0.0,0.0,0.0,0.0,0.0,0.0,0.0,0.0,0.0,0.0,0.0,0.0,0.0,0.0,0.0,0.0,0.0,0.0,0.0,0.0,0.0,0.0,0.0,0.0,0.0,0.0,0.0,0.0,0.0,0.0,0.0
0.5061356425285339,0.24066495895385742,-0.4441570043563843,0.9998372793197632,0.5206340551376343,0.2105313390493393,-0.4039631187915802,0.9996899962425232,0.5300161838531494,0.21087433397769928,-0.40404537320137024,0.9996814131736755,0.5373208522796631,0.21112076938152313,-0.4037530720233917,0.9996412992477417,0.4945029020309448,0.2091628611087799,-0.40775230526924133,0.9996938109397888,0.48493486642837524,0.20896267890930176,-0.4076385796070099,0.9997590780258179,0.4756793677806854,0.20909447968006134,-0.40799516439437866,0.9997486472129822,0.5476566553115845,0.23323476314544678,-0.17971652746200562,0.9995388984680176,0.4664897918701172,0.23551112413406372,-0.18876846134662628,0.9996709227561951,0.5203894376754761,0.28632164001464844,-0.3666018843650818,0.9997856020927429,0.4883371889591217,0.2849940061569214,-0.3711024820804596,0.9997225403785706,0.6030186414718628,0.47602617740631104,-0.10159914195537567,0.9992713928222656,0.4059966802597046,0.4842959940433502,-0.07435007393360138,0.9992876648902893,0.6380006074905396,0.7249165177345276,-0.4712735712528229,0.9619377851486206,0.3855687379837036,0.7771793007850647,0.05335008352994919,0.9623257517814636,0.6464272141456604,0.48597854375839233,-1.058583378791809,0.9189949631690979,0.3818835914134979,0.9903347492218018,0.035562898963689804,0.9144269824028015,0.6502266526222229,0.4031970500946045,-1.1612370014190674,0.8900390863418579,0.37527748942375183,1.0857551097869873,0.03361593931913376,0.8666057586669922,0.6507040858268738,0.3809760510921478,-1.1377195119857788,0.8996179699897766,0.38246604800224304,1.0817471742630005,-0.0221980232745409,0.8810510635375977,0.642707109451294,0.40331026911735535,-1.06636381149292,0.910189151763916,0.3896928131580353,1.0485254526138306,0.01479853130877018,0.9003844857215881,0.5759651064872742,0.9845545887947083,-0.020899780094623566,0.6230937242507935,0.448061466217041,0.9835801720619202,0.022585483267903328,0.5723748207092285,0.5803062915802002,1.3989627361297607,0.01334881130605936,0.0029018872883170843,0.44010770320892334,1.3845372200012207,0.010213585570454597,0.002726999344304204,0.5721625089645386,1.7516945600509644,0.29455050826072693,0.00023281527683138847,0.4380844831466675,1.7415244579315186,0.21993574500083923,0.0002005536953220144,0.5771560668945312,1.7988649606704712,0.3059430420398712,0.000158224836923182,0.4323762357234955,1.7890900373458862,0.23226648569107056,0.00034046295331791043,0.5496225357055664,1.8727800846099854,0.020962251350283623,0.00020903415861539543,0.46653637290000916,1.8616039752960205,-0.07603593170642853,0.0005079171387478709,0.6574720144271851,0.45284831523895264,1.0679933382107265e-08,0.66926509141922,0.4158475995063782,0.000719204661436379,0.6772356033325195,0.36826053261756897,-0.0014351623831316829,0.6845797896385193,0.3303854465484619,-0.003909984603524208,0.6933149099349976,0.3052842617034912,-0.007179987151175737,0.6630916595458984,0.33401569724082947,-0.010737433098256588,0.6596641540527344,0.2779673933982849,-0.017186330631375313,0.6570209264755249,0.24384284019470215,-0.020462781190872192,0.65440833568573,0.2159174084663391,-0.023120230063796043,0.651007890701294,0.3419278860092163,-0.01407050620764494,0.6242129802703857,0.30459854006767273,-0.0215445589274168,0.6254858374595642,0.3273446559906006,-0.019342832267284393,0.6333514451980591,0.3445330858230591,-0.016994299367070198,0.6386048197746277,0.35768356919288635,-0.016876738518476486,0.613720178604126,0.3362470865249634,-0.023211490362882614,0.618323802947998,0.3555566966533661,-0.017095385119318962,0.627581000328064,0.3669842481613159,-0.012220674194395542,0.6274668574333191,0.3768315315246582,-0.01953732594847679,0.6097575426101685,0.35836589336395264,-0.02330322377383709,0.6139065623283386,0.3749862611293793,-0.018255213275551796,0.6214154958724976,0.3858613967895508,-0.013617079704999924,0.0,0.0,0.0,0.0,0.0,0.0,0.0,0.0,0.0,0.0,0.0,0.0,0.0,0.0,0.0,0.0,0.0,0.0,0.0,0.0,0.0,0.0,0.0,0.0,0.0,0.0,0.0,0.0,0.0,0.0,0.0,0.0,0.0,0.0,0.0,0.0,0.0,0.0,0.0,0.0,0.0,0.0,0.0,0.0,0.0,0.0,0.0,0.0,0.0,0.0,0.0,0.0,0.0,0.0,0.0,0.0,0.0,0.0,0.0,0.0,0.0,0.0,0.0
0.5068914294242859,0.24063703417778015,-0.43214643001556396,0.9998431205749512,0.5212618708610535,0.21022367477416992,-0.3927406072616577,0.9997019171714783,0.5305840969085693,0.21064560115337372,-0.3928249478340149,0.9996932744979858,0.5377333760261536,0.21100692451000214,-0.3925246000289917,0.9996553659439087,0.49502554535865784,0.20901232957839966,-0.39775463938713074,0.9997032880783081,0.4853777289390564,0.20861811935901642,-0.39761731028556824,0.9997648000717163,0.4761865735054016,0.20856565237045288,-0.39799192547798157,0.9997535943984985,0.548292875289917,0.23331613838672638,-0.17200177907943726,0.9995555877685547,0.46682026982307434,0.2350122183561325,-0.1887250393629074,0.999676525592804,0.521009087562561,0.28656432032585144,-0.35531091690063477,0.9997943043708801,0.48885610699653625,0.28525498509407043,-0.36144039034843445,0.9997325539588928,0.602855920791626,0.47432777285575867,-0.09827698022127151,0.9992942214012146,0.4063623547554016,0.48339325189590454,-0.07190781086683273,0.9993047714233398,0.6375805139541626,0.7295562028884888,-0.46547991037368774,0.9624158143997192,0.387268602848053,0.7765074372291565,0.042437177151441574,0.9634056687355042,0.6474695801734924,0.4973297119140625,-1.0592542886734009,0.9218305349349976,0.38064801692962646,0.9902463555335999,0.021198295056819916,0.9159507155418396,0.6515441536903381,0.41522136330604553,-1.1631067991256714,0.893347442150116,0.37388482689857483,1.0848969221115112,0.017491120845079422,0.8679574728012085,0.6514741778373718,0.39022770524024963,-1.1417689323425293,0.9028753042221069,0.38066333532333374,1.080747365951538,-0.03824573755264282,0.882115364074707,0.6446327567100525,0.41601547598838806,-1.0680161714553833,0.9127205610275269,0.3882316052913666,1.0477092266082764,0.00025310617638751864,0.9016363024711609,0.5752662420272827,0.9844573140144348,-0.019827503710985184,0.6329692602157593,0.4476762115955353,0.9835180044174194,0.0214486476033926,0.5812889933586121,0.5771368145942688,1.3919957876205444,0.010878251865506172,0.0029304882045835257,0.4373129904270172,1.382248044013977,0.016215598210692406,0.0027748970314860344,0.5691806077957153,1.746309757232666,0.29111286997795105,0.00023581492132507265,0.4361559748649597,1.7398239374160767,0.22182105481624603,0.00019959744531661272,0.5740451812744141,1.7932674884796143,0.30289730429649353,0.00016230955952778459,0.43091726303100586,1.7874854803085327,0.23358415067195892,0.00034175440669059753,0.5470208525657654,1.8646297454833984,0.023177918046712875,0.000207336459425278,0.46223369240760803,1.8551102876663208,-0.0688851922750473,0.0004956189077347517,0.6546964049339294,0.45861780643463135,7.578328187207717e-09,0.6665293574333191,0.4196392595767975,0.0011793674202635884,0.675481379032135,0.37450292706489563,-0.00162903917953372,0.6842538118362427,0.33729439973831177,-0.004932304844260216,0.6937521696090698,0.3118709921836853,-0.009015679359436035,0.6617030501365662,0.33763259649276733,-0.010950529016554356,0.6586093306541443,0.2825218737125397,-0.0184895358979702,0.6563112735748291,0.2487368881702423,-0.022730233147740364,0.6537104845046997,0.221490740776062,-0.025780504569411278,0.6504826545715332,0.3449361324310303,-0.014436033554375172,0.6245884895324707,0.3073486387729645,-0.021564172580838203,0.6256734132766724,0.33115309476852417,-0.01899757981300354,0.6333935260772705,0.3505328297615051,-0.016401350498199463,0.6379770040512085,0.36080944538116455,-0.01744423434138298,0.6133232712745667,0.34134331345558167,-0.0234275683760643,0.617462158203125,0.3603617250919342,-0.017175590619444847,0.6267105340957642,0.37300145626068115,-0.012352998368442059,0.6261855959892273,0.37988829612731934,-0.020256776362657547,0.6083956360816956,0.3639410436153412,-0.023662446066737175,0.6126206517219543,0.38065236806869507,-0.018489046022295952,0.6202789545059204,0.39163991808891296,-0.013899002224206924,0.0,0.0,0.0,0.0,0.0,0.0,0.0,0.0,0.0,0.0,0.0,0.0,0.0,0.0,0.0,0.0,0.0,0.0,0.0,0.0,0.0,0.0,0.0,0.0,0.0,0.0,0.0,0.0,0.0,0.0,0.0,0.0,0.0,0.0,0.0,0.0,0.0,0.0,0.0,0.0,0.0,0.0,0.0,0.0,0.0,0.0,0.0,0.0,0.0,0.0,0.0,0.0,0.0,0.0,0.0,0.0,0.0,0.0,0.0,0.0,0.0,0.0,0.0
0.5069586634635925,0.2406277060508728,-0.4174680709838867,0.9998496770858765,0.52097088098526,0.2100217640399933,-0.37866413593292236,0.9997134208679199,0.5302402973175049,0.21054990589618683,-0.3787511885166168,0.9997054934501648,0.537434458732605,0.2110249102115631,-0.3784542977809906,0.999668538570404,0.4949040710926056,0.20897161960601807,-0.38498595356941223,0.9997137188911438,0.4851957857608795,0.2085980921983719,-0.38482314348220825,0.9997726678848267,0.4758581519126892,0.208577498793602,-0.3851921260356903,0.9997615814208984,0.5478629469871521,0.233600452542305,-0.1605822890996933,0.9995713829994202,0.46654894948005676,0.23561201989650726,-0.1850767880678177,0.9996864795684814,0.5208510756492615,0.2867809534072876,-0.34123408794403076,0.9997996687889099,0.48898518085479736,0.2857382893562317,-0.34913286566734314,0.999740481376648,0.6013808846473694,0.47450488805770874,-0.08859927952289581,0.9992913603782654,0.4074985682964325,0.48493054509162903,-0.07373563945293427,0.9993159770965576,0.6362360715866089,0.7368035912513733,-0.42650526762008667,0.962890625,0.3878190815448761,0.783026397228241,0.017703210934996605,0.965090811252594,0.6466209888458252,0.5044735670089722,-1.0013364553451538,0.9252824187278748,0.376169353723526,0.99842768907547,-0.029304025694727898,0.9196751117706299,0.6512806415557861,0.4249870479106903,-1.1031417846679688,0.8983722925186157,0.36844784021377563,1.0938866138458252,-0.03734199330210686,0.8720971345901489,0.6506633758544922,0.399594247341156,-1.0797919034957886,0.9076807498931885,0.37583935260772705,1.087497353553772,-0.09297119081020355,0.8856414556503296,0.6431751251220703,0.42770248651504517,-1.0088527202606201,0.9169983267784119,0.38413292169570923,1.0543103218078613,-0.05119020864367485,0.9053775668144226,0.5761917233467102,0.9848649501800537,-0.013441259041428566,0.6393688321113586,0.44928935170173645,0.9837998151779175,0.014963631518185139,0.5881975293159485,0.5796704888343811,1.393733263015747,0.017003566026687622,0.002841539680957794,0.43773385882377625,1.3868592977523804,0.03407502546906471,0.0027135720010846853,0.5713170170783997,1.747599720954895,0.3082647919654846,0.0002271002740599215,0.4374869167804718,1.7408676147460938,0.24321505427360535,0.0001909759157570079,0.5759750008583069,1.7945719957351685,0.32202109694480896,0.00015714409528300166,0.43233829736709595,1.7885048389434814,0.25594303011894226,0.0003256620548199862,0.5501617193222046,1.8672657012939453,0.049562860280275345,0.00019908488320652395,0.46433529257774353,1.8588141202926636,-0.03755444660782814,0.00046902563190087676,0.6534935832023621,0.465421199798584,8.01293964514116e-09,0.6662325263023376,0.42810699343681335,0.0004529662837740034,0.675930917263031,0.38145142793655396,-0.002062645275145769,0.6847825050354004,0.34188970923423767,-0.0047004334628582,0.6943966150283813,0.3155960142612457,-0.008202629163861275,0.6606854796409607,0.34750738739967346,-0.01200919970870018,0.6590473055839539,0.2911378741264343,-0.01976856403052807,0.6568772792816162,0.25574326515197754,-0.02410702593624592,0.65423583984375,0.22813770174980164,-0.02725186198949814,0.6485612988471985,0.3537389934062958,-0.014732233248651028,0.6224285364151001,0.3152300715446472,-0.021931590512394905,0.6239225268363953,0.3382740020751953,-0.019143981859087944,0.6318797469139099,0.3569547235965729,-0.01634242944419384,0.6354706287384033,0.36936071515083313,-0.016967060044407845,0.6115735769271851,0.34853067994117737,-0.023364659398794174,0.6157958507537842,0.3676426410675049,-0.01688794232904911,0.6245850324630737,0.3806306719779968,-0.011687332764267921,0.6233450770378113,0.3881351053714752,-0.019005179405212402,0.6063299775123596,0.37019312381744385,-0.023073941469192505,0.6103618144989014,0.3865753412246704,-0.01805400848388672,0.6175576448440552,0.3974262773990631,-0.013400041498243809,0.0,0.0,0.0,0.0,0.0,0.0,0.0,0.0,0.0,0.0,0.0,0.0,0.0,0.0,0.0,0.0,0.0,0.0,0.0,0.0,0.0,0.0,0.0,0.0,0.0,0.0,0.0,0.0,0.0,0.0,0.0,0.0,0.0,0.0,0.0,0.0,0.0,0.0,0.0,0.0,0.0,0.0,0.0,0.0,0.0,0.0,0.0,0.0,0.0,0.0,0.0,0.0,0.0,0.0,0.0,0.0,0.0,0.0,0.0,0.0,0.0,0.0,0.0
0.5062838792800903,0.2403917908668518,-0.4295762777328491,0.9998641014099121,0.5203445553779602,0.20964854955673218,-0.38966798782348633,0.9997392296791077,0.5297770500183105,0.21018098294734955,-0.38973090052604675,0.9997336268424988,0.5372084975242615,0.21068504452705383,-0.3894267678260803,0.9996992945671082,0.4943905770778656,0.20887598395347595,-0.39523008465766907,0.9997372627258301,0.48483091592788696,0.20845483243465424,-0.3951174318790436,0.999790370464325,0.47570550441741943,0.20850172638893127,-0.39546364545822144,0.9997769594192505,0.5482495427131653,0.23353180289268494,-0.1667090207338333,0.9996107220649719,0.46642571687698364,0.23639735579490662,-0.18620212376117706,0.9997138977050781,0.5207499861717224,0.28676512837409973,-0.35194024443626404,0.9998188018798828,0.48880207538604736,0.2858402132987976,-0.35841530561447144,0.9997648000717163,0.6038629412651062,0.47545871138572693,-0.0886337012052536,0.9993482232093811,0.407660573720932,0.48482653498649597,-0.08605094254016876,0.9993420839309692,0.6355567574501038,0.7393421530723572,-0.464264839887619,0.9655026197433472,0.38657793402671814,0.7799036502838135,0.009102643467485905,0.9647607207298279,0.6429368853569031,0.5083667635917664,-1.0619107484817505,0.9319135546684265,0.3825271427631378,0.9857663512229919,-0.023435086011886597,0.919011652469635,0.6471617817878723,0.4261903762817383,-1.1671931743621826,0.9070301055908203,0.3759433627128601,1.0793843269348145,-0.032806362956762314,0.8714549541473389,0.6455425024032593,0.4014149308204651,-1.1445133686065674,0.9157381057739258,0.383516788482666,1.075317621231079,-0.08724335581064224,0.8853095769882202,0.6372106671333313,0.42954471707344055,-1.0702646970748901,0.9243501424789429,0.3907836973667145,1.0436985492706299,-0.044456299394369125,0.9050342440605164,0.5756367444992065,0.9850587248802185,-0.011569032445549965,0.6398460865020752,0.44815340638160706,0.9838852286338806,0.013222059234976768,0.585810124874115,0.5786398649215698,1.3982990980148315,0.018902933225035667,0.0027259786147624254,0.4398289620876312,1.3869757652282715,0.0032685233745723963,0.0025876450818032026,0.5707811713218689,1.7504959106445312,0.30531957745552063,0.00021536520216614008,0.43769076466560364,1.7413827180862427,0.2183523029088974,0.00018060760339722037,0.575489342212677,1.797531008720398,0.3175005614757538,0.00015211112622637302,0.43233636021614075,1.7892462015151978,0.231174498796463,0.00031448007212020457,0.5488793849945068,1.8710477352142334,0.03762258216738701,0.0001943914103321731,0.4632371664047241,1.8600258827209473,-0.08046327531337738,0.00045541670988313854,0.6524333953857422,0.47408607602119446,-5.279777948175024e-09,0.6647769212722778,0.4353612959384918,0.0015312584582716227,0.6749588847160339,0.3884678781032562,-0.0010147433495149016,0.6838743686676025,0.34892159700393677,-0.00402511702850461,0.6937898397445679,0.3222256600856781,-0.007964943535625935,0.6595476865768433,0.35553738474845886,-0.01135336235165596,0.6570233106613159,0.2983253002166748,-0.019637150689959526,0.6550688743591309,0.2623732089996338,-0.02423212304711342,0.652919590473175,0.23390819132328033,-0.027397124096751213,0.6479336023330688,0.36241447925567627,-0.014666452072560787,0.6224831938743591,0.32255488634109497,-0.022384213283658028,0.6241777539253235,0.3455241024494171,-0.019684867933392525,0.6320764422416687,0.36491474509239197,-0.016863906756043434,0.6351218223571777,0.3780989646911621,-0.017444394528865814,0.6105443239212036,0.3545294404029846,-0.02432365156710148,0.6148998737335205,0.37293171882629395,-0.01784905232489109,0.6238486170768738,0.38654425740242004,-0.012531858868896961,0.6229372620582581,0.39672398567199707,-0.019895333796739578,0.6050882339477539,0.37586817145347595,-0.02416270785033703,0.6092658638954163,0.3915069103240967,-0.01904139667749405,0.616917610168457,0.4031677544116974,-0.014291870407760143,0.0,0.0,0.0,0.0,0.0,0.0,0.0,0.0,0.0,0.0,0.0,0.0,0.0,0.0,0.0,0.0,0.0,0.0,0.0,0.0,0.0,0.0,0.0,0.0,0.0,0.0,0.0,0.0,0.0,0.0,0.0,0.0,0.0,0.0,0.0,0.0,0.0,0.0,0.0,0.0,0.0,0.0,0.0,0.0,0.0,0.0,0.0,0.0,0.0,0.0,0.0,0.0,0.0,0.0,0.0,0.0,0.0,0.0,0.0,0.0,0.0,0.0,0.0
0.5059229731559753,0.2400083690881729,-0.4210357666015625,0.999875009059906,0.5203775763511658,0.20903939008712769,-0.3809862732887268,0.9997586607933044,0.5296761393547058,0.20961102843284607,-0.38108691573143005,0.9997546672821045,0.5371344685554504,0.2102004438638687,-0.380779892206192,0.999722421169281,0.4943051040172577,0.20848645269870758,-0.388881117105484,0.9997548460960388,0.4846695363521576,0.20786795020103455,-0.38872072100639343,0.9998035430908203,0.47581449151039124,0.2077971249818802,-0.38908398151397705,0.9997891783714294,0.5479137301445007,0.23353253304958344,-0.1587636023759842,0.9996424317359924,0.46646854281425476,0.23556984961032867,-0.1862431913614273,0.9997313022613525,0.520481526851654,0.2866170108318329,-0.3434429466724396,0.9998331069946289,0.4881393015384674,0.28545108437538147,-0.3530927002429962,0.9997812509536743,0.6025893092155457,0.47279712557792664,-0.08781716227531433,0.9993943572044373,0.407429039478302,0.48417431116104126,-0.08107961714267731,0.9993578791618347,0.6321943402290344,0.7398431301116943,-0.4355524182319641,0.9674637317657471,0.3882407248020172,0.7815268635749817,0.014834578149020672,0.9642997980117798,0.6396791338920593,0.5253380537033081,-1.0287702083587646,0.9373706579208374,0.3822408616542816,0.9869143962860107,-0.022375134751200676,0.9179968237876892,0.6425331830978394,0.447336345911026,-1.1356629133224487,0.9144076108932495,0.37605828046798706,1.0808742046356201,-0.03216128796339035,0.8711275458335876,0.6436738967895508,0.41841259598731995,-1.1148149967193604,0.9226315021514893,0.3820476830005646,1.0737708806991577,-0.08775422722101212,0.8849035501480103,0.6368771195411682,0.4481900632381439,-1.037972331047058,0.9306633472442627,0.38955366611480713,1.0412790775299072,-0.04436745494604111,0.9052579402923584,0.5766192674636841,0.9850116968154907,-0.015013670548796654,0.6397997140884399,0.44895410537719727,0.9838749766349792,0.01681734435260296,0.5830831527709961,0.5794227123260498,1.3970876932144165,0.02128172665834427,0.002495523076504469,0.4382656216621399,1.3898087739944458,0.0395142026245594,0.0023623553570359945,0.569330632686615,1.7510570287704468,0.32106533646583557,0.00019592171884141862,0.434908926486969,1.7421265840530396,0.26096662878990173,0.00016326602781191468,0.5739498734474182,1.7979881763458252,0.3354853689670563,0.00013942178338766098,0.42933782935142517,1.7900437116622925,0.27430015802383423,0.0002858583757188171,0.5471151471138,1.8717949390411377,0.056290172040462494,0.00017936222138814628,0.45958301424980164,1.8625819683074951,-0.028024284169077873,0.0004181671538390219,0.6507448554039001,0.4803195595741272,-1.2002510096920105e-08,0.6635600328445435,0.4410001039505005,0.0009400066919624805,0.6738365292549133,0.3927510976791382,-0.0014068264281377196,0.6836597323417664,0.35292935371398926,-0.003975659608840942,0.6933870315551758,0.32640621066093445,-0.007398760411888361,0.6585349440574646,0.36060142517089844,-0.012471112422645092,0.6558525562286377,0.3026691675186157,-0.020302271470427513,0.6540558934211731,0.2663313150405884,-0.024541547521948814,0.652068018913269,0.23745350539684296,-0.027650633826851845,0.6457704305648804,0.36715319752693176,-0.015377966687083244,0.620751678943634,0.3268693685531616,-0.022781193256378174,0.6225849390029907,0.3501228988170624,-0.019813621416687965,0.6307612061500549,0.36996766924858093,-0.01700415275990963,0.6320632696151733,0.3820766508579254,-0.01770920865237713,0.6089400053024292,0.35835281014442444,-0.024056218564510345,0.6128823757171631,0.3770037591457367,-0.017403634265065193,0.6215221881866455,0.39121490716934204,-0.012235686182975769,0.6191239953041077,0.3998546600341797,-0.019829684868454933,0.6029761433601379,0.38058751821517944,-0.023684822022914886,0.6068166494369507,0.3962061107158661,-0.018718460574746132,0.613835871219635,0.4080270230770111,-0.014265076257288456,0.0,0.0,0.0,0.0,0.0,0.0,0.0,0.0,0.0,0.0,0.0,0.0,0.0,0.0,0.0,0.0,0.0,0.0,0.0,0.0,0.0,0.0,0.0,0.0,0.0,0.0,0.0,0.0,0.0,0.0,0.0,0.0,0.0,0.0,0.0,0.0,0.0,0.0,0.0,0.0,0.0,0.0,0.0,0.0,0.0,0.0,0.0,0.0,0.0,0.0,0.0,0.0,0.0,0.0,0.0,0.0,0.0,0.0,0.0,0.0,0.0,0.0,0.0
0.5058412551879883,0.23970147967338562,-0.4210922420024872,0.9998806118965149,0.5202648043632507,0.20838522911071777,-0.38105714321136475,0.9997676014900208,0.5295403003692627,0.20898687839508057,-0.3811633884906769,0.9997653961181641,0.5370580554008484,0.2096337080001831,-0.3808785080909729,0.9997333288192749,0.4943302869796753,0.20813995599746704,-0.38939571380615234,0.999762237071991,0.4846157729625702,0.20745167136192322,-0.3892260491847992,0.9998092651367188,0.4757404923439026,0.20727060735225677,-0.38958629965782166,0.9997941255569458,0.5486833453178406,0.23340915143489838,-0.15995727479457855,0.9996594786643982,0.46612802147865295,0.23482610285282135,-0.18728381395339966,0.9997380971908569,0.5204949378967285,0.286526083946228,-0.3440724015235901,0.9998401403427124,0.4878763258457184,0.28521373867988586,-0.35442066192626953,0.9997886419296265,0.6029074788093567,0.47097039222717285,-0.08599741756916046,0.9994198083877563,0.4075612723827362,0.484116792678833,-0.0851454958319664,0.999362051486969,0.6328628063201904,0.7476954460144043,-0.41867193579673767,0.9689162373542786,0.3878159523010254,0.7808746695518494,0.018573855981230736,0.9644840359687805,0.6400553584098816,0.5240327715873718,-0.9936519265174866,0.9409403204917908,0.38219791650772095,0.9865322709083557,-0.010230871848762035,0.9191157221794128,0.6415997743606567,0.4495728015899658,-1.0966370105743408,0.9193993806838989,0.3761028051376343,1.0801986455917358,-0.017635125666856766,0.8730180263519287,0.643358588218689,0.42032554745674133,-1.0723170042037964,0.9273504018783569,0.38209590315818787,1.0730650424957275,-0.07326792180538177,0.8862776756286621,0.6374626755714417,0.4497450888156891,-1.0006786584854126,0.9350526928901672,0.3896567225456238,1.0404618978500366,-0.031763747334480286,0.906773567199707,0.5767920613288879,0.9845907688140869,-0.0121417585760355,0.6374319791793823,0.44940710067749023,0.9836034774780273,0.013858521357178688,0.5789664387702942,0.5790656805038452,1.3971532583236694,0.020085353404283524,0.0023327807430177927,0.4385586380958557,1.3887892961502075,0.025641510263085365,0.0022188699804246426,0.5672876834869385,1.751879334449768,0.31498029828071594,0.00018105133494827896,0.43362191319465637,1.7423248291015625,0.2374756932258606,0.00015252077719196677,0.5719397068023682,1.7987793684005737,0.3282369375228882,0.00012955625425092876,0.4275366961956024,1.7903321981430054,0.25001150369644165,0.0002701131161302328,0.5442754626274109,1.8720563650131226,0.049308326095342636,0.00016846066864673048,0.4589807391166687,1.8626071214675903,-0.05112791433930397,0.0003985822550021112,0.6499382257461548,0.48278385400772095,3.061900244460958e-08,0.6630765795707703,0.44498032331466675,-0.0004583414120133966,0.6739770174026489,0.3971358835697174,-0.003772011026740074,0.6836675405502319,0.3569971024990082,-0.0069496952928602695,0.6944270133972168,0.3309619128704071,-0.010850557126104832,0.6573015451431274,0.3630220592021942,-0.013039831072092056,0.6550416946411133,0.30678772926330566,-0.020855458453297615,0.6532121896743774,0.2722104489803314,-0.02547965757548809,0.6511309742927551,0.24394774436950684,-0.02883264236152172,0.6444264054298401,0.36992549896240234,-0.01535275299102068,0.6198682188987732,0.3296359181404114,-0.022296104580163956,0.6218798160552979,0.3550708293914795,-0.019488178193569183,0.6299803853034973,0.3753800094127655,-0.016684185713529587,0.6312657594680786,0.3854570984840393,-0.01719702035188675,0.6080185174942017,0.36310747265815735,-0.023015210404992104,0.612788200378418,0.38269907236099243,-0.016510628163814545,0.6220747828483582,0.3967024087905884,-0.011393291875720024,0.6192244291305542,0.40427738428115845,-0.018935972824692726,0.6025410294532776,0.38530462980270386,-0.02231757715344429,0.6072632670402527,0.4018641710281372,-0.01705453172326088,0.6151497960090637,0.4137142300605774,-0.012312638573348522,0.0,0.0,0.0,0.0,0.0,0.0,0.0,0.0,0.0,0.0,0.0,0.0,0.0,0.0,0.0,0.0,0.0,0.0,0.0,0.0,0.0,0.0,0.0,0.0,0.0,0.0,0.0,0.0,0.0,0.0,0.0,0.0,0.0,0.0,0.0,0.0,0.0,0.0,0.0,0.0,0.0,0.0,0.0,0.0,0.0,0.0,0.0,0.0,0.0,0.0,0.0,0.0,0.0,0.0,0.0,0.0,0.0,0.0,0.0,0.0,0.0,0.0,0.0
0.5066189169883728,0.2393602430820465,-0.4240686297416687,0.9998836517333984,0.5208628177642822,0.2078850120306015,-0.3838646709918976,0.9997738003730774,0.5299955606460571,0.20851582288742065,-0.3839472532272339,0.9997735023498535,0.5373255610466003,0.20925112068653107,-0.38370218873023987,0.9997425675392151,0.49475210905075073,0.20788785815238953,-0.394047349691391,0.9997659921646118,0.48496466875076294,0.20709602534770966,-0.39393338561058044,0.9998112916946411,0.47600898146629333,0.20692263543605804,-0.39428895711898804,0.9997953772544861,0.5484982132911682,0.23339088261127472,-0.16036860644817352,0.9996707439422607,0.4659435451030731,0.23493778705596924,-0.19402919709682465,0.9997403025627136,0.5214055180549622,0.28649386763572693,-0.34537357091903687,0.9998459219932556,0.48857295513153076,0.28504982590675354,-0.35822945833206177,0.9997938871383667,0.6024208068847656,0.47207674384117126,-0.07632622122764587,0.9994471669197083,0.407542884349823,0.48435842990875244,-0.09767451137304306,0.999363362789154,0.6331283450126648,0.7500419020652771,-0.39860662817955017,0.9699525237083435,0.3876117765903473,0.7787682414054871,0.013459819369018078,0.9649220108985901,0.6428380608558655,0.5245922207832336,-0.9729568362236023,0.9435282349586487,0.3830597996711731,0.9835612177848816,0.0029702556785196066,0.9195879697799683,0.6449148654937744,0.45165202021598816,-1.0736345052719116,0.9226268529891968,0.37701091170310974,1.074967622756958,-0.002667699009180069,0.8733908534049988,0.647136926651001,0.42338383197784424,-1.0508887767791748,0.930425763130188,0.3829481303691864,1.0689975023269653,-0.05660657212138176,0.886369526386261,0.640903115272522,0.4510268568992615,-0.9809719324111938,0.9377665519714355,0.39037126302719116,1.0367845296859741,-0.016981612890958786,0.9064449071884155,0.5781818628311157,0.9845879673957825,-0.008387526497244835,0.6454705595970154,0.4493425190448761,0.9836400747299194,0.009867954067885876,0.5887857675552368,0.5793381333351135,1.3937395811080933,0.01966859959065914,0.0023489799350500107,0.4402642548084259,1.3849455118179321,-0.011293717660009861,0.002289639785885811,0.5695858001708984,1.7492526769638062,0.31592753529548645,0.00017556059174239635,0.435504287481308,1.7413679361343384,0.19761420786380768,0.00015463243471458554,0.5741725564002991,1.7958587408065796,0.3290734589099884,0.00012587435776367784,0.42946332693099976,1.7898250818252563,0.20915457606315613,0.00027246263925917447,0.546141505241394,1.866991639137268,0.051875095814466476,0.00016794205293990672,0.4616762697696686,1.858433723449707,-0.09218084812164307,0.0004034075827803463,0.6487985253334045,0.48639798164367676,3.483530264247747e-08,0.6619643568992615,0.4493197798728943,-0.0001650515478104353,0.6727676391601562,0.4012361168861389,-0.0033103288151323795,0.6826109290122986,0.36048266291618347,-0.00636489549651742,0.6928905248641968,0.3341251015663147,-0.010331147350370884,0.6564724445343018,0.36975380778312683,-0.013312661089003086,0.6544553637504578,0.3120967745780945,-0.02083839662373066,0.652400016784668,0.2760915756225586,-0.024995118379592896,0.649941086769104,0.247695192694664,-0.02790653705596924,0.6431699395179749,0.37550824880599976,-0.015390035696327686,0.6195838451385498,0.33423668146133423,-0.021912693977355957,0.621350884437561,0.3571358621120453,-0.018972497433423996,0.6288331151008606,0.37667950987815857,-0.016062946990132332,0.6296541690826416,0.39025503396987915,-0.016842616721987724,0.6076365113258362,0.36722567677497864,-0.022355925291776657,0.6118617653846741,0.385933518409729,-0.01576630398631096,0.6203201413154602,0.4001379907131195,-0.010557999834418297,0.6171245574951172,0.4079553782939911,-0.018105583265423775,0.6016190648078918,0.38855937123298645,-0.020970044657588005,0.6059150695800781,0.40452998876571655,-0.015493444167077541,0.6130494475364685,0.41600292921066284,-0.010656370781362057,0.0,0.0,0.0,0.0,0.0,0.0,0.0,0.0,0.0,0.0,0.0,0.0,0.0,0.0,0.0,0.0,0.0,0.0,0.0,0.0,0.0,0.0,0.0,0.0,0.0,0.0,0.0,0.0,0.0,0.0,0.0,0.0,0.0,0.0,0.0,0.0,0.0,0.0,0.0,0.0,0.0,0.0,0.0,0.0,0.0,0.0,0.0,0.0,0.0,0.0,0.0,0.0,0.0,0.0,0.0,0.0,0.0,0.0,0.0,0.0,0.0,0.0,0.0
0.5058820843696594,0.238800048828125,-0.4276021718978882,0.9998833537101746,0.5201441049575806,0.2073660045862198,-0.3895321488380432,0.9997736811637878,0.5292119383811951,0.2080685794353485,-0.3896036744117737,0.9997738003730774,0.536846399307251,0.20891323685646057,-0.38938242197036743,0.9997448325157166,0.4939885437488556,0.20748893916606903,-0.3938516676425934,0.9997631311416626,0.4840955436229706,0.2067621946334839,-0.39374014735221863,0.9998073577880859,0.4752432703971863,0.20656850934028625,-0.39406272768974304,0.9997920989990234,0.5483945608139038,0.23322069644927979,-0.17453700304031372,0.9996734857559204,0.46504446864128113,0.23446811735630035,-0.18654391169548035,0.9997289180755615,0.52113938331604,0.28624919056892395,-0.3521004915237427,0.9998464584350586,0.48785874247550964,0.2843687832355499,-0.3575931191444397,0.9997894763946533,0.6029412746429443,0.47100985050201416,-0.09023147076368332,0.9994629621505737,0.40683576464653015,0.483531653881073,-0.0794534683227539,0.9993667006492615,0.6321690082550049,0.7504005432128906,-0.4338221848011017,0.9706612229347229,0.38633158802986145,0.7766915559768677,0.005232538096606731,0.966880202293396,0.6394588351249695,0.5345556735992432,-1.0133169889450073,0.9455307126045227,0.3810151219367981,0.981246829032898,-0.06149638444185257,0.9253572821617126,0.6419618129730225,0.4610998034477234,-1.1175401210784912,0.925411581993103,0.375143826007843,1.0725594758987427,-0.07903942465782166,0.8803775906562805,0.6442576050758362,0.43074101209640503,-1.0964694023132324,0.9331532716751099,0.3829377293586731,1.062073826789856,-0.12954384088516235,0.8926965594291687,0.6371654272079468,0.45959144830703735,-1.021309494972229,0.9402332901954651,0.3898307681083679,1.0301828384399414,-0.08224903792142868,0.9117987155914307,0.576093852519989,0.9841648936271667,-0.014765647239983082,0.6614224314689636,0.44812101125717163,0.9826204776763916,0.016376057639718056,0.6073538661003113,0.5783159732818604,1.393378734588623,0.05060252174735069,0.002350584138184786,0.4388100802898407,1.3863413333892822,0.042663656175136566,0.002318228827789426,0.5712733864784241,1.7472825050354004,0.3707471191883087,0.00017081886471714824,0.43875154852867126,1.7406059503555298,0.28180915117263794,0.00014954440121073276,0.5759403109550476,1.794788122177124,0.38814929127693176,0.0001235314121004194,0.4339706301689148,1.7885733842849731,0.2976507246494293,0.0002636881254147738,0.5495156049728394,1.8654251098632812,0.11624491959810257,0.00016306288307532668,0.4656496047973633,1.8603830337524414,0.0013251734199002385,0.0003915324923582375,0.6478796601295471,0.4897964298725128,1.7471522895107228e-08,0.6612133979797363,0.45083752274513245,-6.82544632581994e-05,0.6718447804450989,0.40320777893066406,-0.003106180112808943,0.6820191144943237,0.3637210428714752,-0.006329020950943232,0.6918820142745972,0.3373590111732483,-0.010333270765841007,0.6551660895347595,0.370919793844223,-0.011748868972063065,0.6540954113006592,0.3138742446899414,-0.01884605921804905,0.6521776914596558,0.27820807695388794,-0.022380376234650612,0.6498880982398987,0.2502349615097046,-0.02494935505092144,0.6415097713470459,0.37643253803253174,-0.014295422472059727,0.6185312271118164,0.3377991318702698,-0.021613232791423798,0.620560348033905,0.3612229824066162,-0.019161339849233627,0.6281378865242004,0.38054192066192627,-0.016434451565146446,0.6275532841682434,0.39101937413215637,-0.01630636677145958,0.6059617400169373,0.36923256516456604,-0.02258235588669777,0.6105793118476868,0.38824692368507385,-0.01633148267865181,0.6189773082733154,0.40206605195999146,-0.011230007745325565,0.6149550080299377,0.4086451828479767,-0.01817685179412365,0.5993034839630127,0.39081791043281555,-0.021634619683027267,0.6039918065071106,0.40668612718582153,-0.01645510084927082,0.6114340424537659,0.4180006980895996,-0.011702201329171658,0.0,0.0,0.0,0.0,0.0,0.0,0.0,0.0,0.0,0.0,0.0,0.0,0.0,0.0,0.0,0.0,0.0,0.0,0.0,0.0,0.0,0.0,0.0,0.0,0.0,0.0,0.0,0.0,0.0,0.0,0.0,0.0,0.0,0.0,0.0,0.0,0.0,0.0,0.0,0.0,0.0,0.0,0.0,0.0,0.0,0.0,0.0,0.0,0.0,0.0,0.0,0.0,0.0,0.0,0.0,0.0,0.0,0.0,0.0,0.0,0.0,0.0,0.0
0.5059225559234619,0.23845376074314117,-0.42785027623176575,0.9998860955238342,0.520054817199707,0.2071927934885025,-0.3889884650707245,0.9997800588607788,0.5292918682098389,0.20796604454517365,-0.3890666961669922,0.9997812509536743,0.5369946956634521,0.20886263251304626,-0.3888097107410431,0.9997529983520508,0.4936460256576538,0.20730897784233093,-0.39238232374191284,0.9997671246528625,0.483650803565979,0.20666463673114777,-0.39227330684661865,0.9998104572296143,0.47461992502212524,0.20648309588432312,-0.3926085829734802,0.9997947216033936,0.5485300421714783,0.23356692492961884,-0.17216451466083527,0.9996864199638367,0.4643653631210327,0.23452958464622498,-0.18422773480415344,0.9997303485870361,0.5213563442230225,0.2861587107181549,-0.3519842326641083,0.999850332736969,0.48784950375556946,0.28426119685173035,-0.3559156060218811,0.9997907876968384,0.60221266746521,0.47209542989730835,-0.09163426607847214,0.999474287033081,0.4064536690711975,0.4839593470096588,-0.06789112836122513,0.999359130859375,0.632062554359436,0.7457080483436584,-0.44916999340057373,0.9704928994178772,0.386055588722229,0.7771514058113098,0.03469859063625336,0.9674186706542969,0.6379350423812866,0.5331385135650635,-1.04252290725708,0.9468749761581421,0.3795357048511505,0.9808191657066345,-0.00942032691091299,0.9288515448570251,0.6416372060775757,0.45800545811653137,-1.146233320236206,0.927476167678833,0.3734865188598633,1.0724800825119019,-0.02011246792972088,0.884636402130127,0.6440848708152771,0.42900148034095764,-1.122992992401123,0.9352935552597046,0.3811247646808624,1.0630635023117065,-0.07127843052148819,0.8969741463661194,0.6368989944458008,0.45763206481933594,-1.0498570203781128,0.9420504570007324,0.3879545032978058,1.0317091941833496,-0.029449166730046272,0.9152795672416687,0.5752266049385071,0.9831859469413757,-0.017964482307434082,0.6664329767227173,0.44827035069465637,0.9809093475341797,0.019615042954683304,0.6112808585166931,0.5794584155082703,1.3969974517822266,0.028024746105074883,0.002344295382499695,0.43975669145584106,1.3884310722351074,0.02257477305829525,0.002291674492880702,0.5729728937149048,1.7491053342819214,0.3252577781677246,0.00016590724408160895,0.43925777077674866,1.7413297891616821,0.23430603742599487,0.0001439704210497439,0.5781168341636658,1.7965584993362427,0.3397865891456604,0.00011927229934372008,0.43426090478897095,1.789567232131958,0.2480013370513916,0.000250146520556882,0.5503450632095337,1.8697726726531982,0.07097923010587692,0.00015649382839910686,0.46676337718963623,1.8619205951690674,-0.04303782805800438,0.00037477989098988473,0.6464511156082153,0.49414190649986267,3.278492499703134e-08,0.6599623560905457,0.4553426206111908,-0.0007312249508686364,0.6708263754844666,0.4064579904079437,-0.004395502153784037,0.6814382076263428,0.3656189739704132,-0.008008182048797607,0.6925638914108276,0.3390115201473236,-0.01244463212788105,0.6552734375,0.3742247223854065,-0.013440371491014957,0.6535913944244385,0.31731683015823364,-0.02101832814514637,0.651759922504425,0.28138089179992676,-0.024939604103565216,0.6494845151901245,0.25325077772140503,-0.027722354978322983,0.641818642616272,0.3810978829860687,-0.01595480367541313,0.6176719665527344,0.338532954454422,-0.023474305868148804,0.6197442412376404,0.36184048652648926,-0.020775210112333298,0.6276964545249939,0.38207459449768066,-0.017740990966558456,0.6280924081802368,0.39701196551322937,-0.017959071323275566,0.6057867407798767,0.3721044361591339,-0.02477053552865982,0.6103888750076294,0.3907724916934967,-0.01833280920982361,0.6192420125007629,0.4047267735004425,-0.012852215208113194,0.6155805587768555,0.4155868887901306,-0.01978052407503128,0.599489688873291,0.39280396699905396,-0.023517368361353874,0.6039803624153137,0.40848928689956665,-0.017975781112909317,0.611395537853241,0.4201669991016388,-0.012928331270813942,0.0,0.0,0.0,0.0,0.0,0.0,0.0,0.0,0.0,0.0,0.0,0.0,0.0,0.0,0.0,0.0,0.0,0.0,0.0,0.0,0.0,0.0,0.0,0.0,0.0,0.0,0.0,0.0,0.0,0.0,0.0,0.0,0.0,0.0,0.0,0.0,0.0,0.0,0.0,0.0,0.0,0.0,0.0,0.0,0.0,0.0,0.0,0.0,0.0,0.0,0.0,0.0,0.0,0.0,0.0,0.0,0.0,0.0,0.0,0.0,0.0,0.0,0.0
0.5071961283683777,0.2386176437139511,-0.4335714280605316,0.9998838901519775,0.5208044648170471,0.2077082097530365,-0.39349713921546936,0.9997764229774475,0.5300559401512146,0.20863810181617737,-0.3936205804347992,0.9997814893722534,0.5374784469604492,0.20961728692054749,-0.3933706283569336,0.9997520446777344,0.4947376549243927,0.20734255015850067,-0.4020305275917053,0.9997594952583313,0.4845684766769409,0.20684915781021118,-0.4019765555858612,0.999802827835083,0.4753979444503784,0.2070303112268448,-0.4023394286632538,0.999782919883728,0.54841548204422,0.2347072958946228,-0.1683598905801773,0.9996845722198486,0.464750736951828,0.2357332855463028,-0.19547322392463684,0.9997237324714661,0.5219899415969849,0.2863161861896515,-0.35418209433555603,0.9998496770858765,0.4888944923877716,0.28509294986724854,-0.3640981912612915,0.9997888207435608,0.6018964648246765,0.47329649329185486,-0.08666925877332687,0.9994764924049377,0.40751567482948303,0.48506203293800354,-0.09703943878412247,0.9993259906768799,0.631832480430603,0.7439664602279663,-0.4310746490955353,0.9701989889144897,0.38825324177742004,0.7794973254203796,-0.018312713131308556,0.9664625525474548,0.6378496885299683,0.5323366522789001,-1.022162675857544,0.9470728039741516,0.37803471088409424,0.9883928298950195,-0.0864388719201088,0.9241827130317688,0.641217827796936,0.455096572637558,-1.1265991926193237,0.9281702041625977,0.3708733022212982,1.0790355205535889,-0.10409855097532272,0.8774951100349426,0.6444092392921448,0.4252617657184601,-1.1055048704147339,0.9361522197723389,0.37580737471580505,1.0743740797042847,-0.16074304282665253,0.8907651901245117,0.6380053758621216,0.4538212716579437,-1.0308878421783447,0.9426974058151245,0.38388174772262573,1.0431233644485474,-0.10948774218559265,0.9087790846824646,0.5770822167396545,0.9830840826034546,-0.00894351489841938,0.6644882559776306,0.4500320851802826,0.9807285070419312,0.010353938676416874,0.6071945428848267,0.5786340236663818,1.392375111579895,0.009311314672231674,0.0026506397407501936,0.44274479150772095,1.3818740844726562,-0.05546838790178299,0.0026079202070832253,0.571911096572876,1.74785578250885,0.2757605314254761,0.0001745724875945598,0.438815176486969,1.7400983572006226,0.13421529531478882,0.00016615513595752418,0.5769083499908447,1.7949708700180054,0.28545859456062317,0.00012442363367881626,0.43326514959335327,1.7889529466629028,0.14314818382263184,0.00028587423730641603,0.5477009415626526,1.866870641708374,0.0029279598966240883,0.00017276714788749814,0.46418216824531555,1.8549494743347168,-0.16539248824119568,0.00043383004958741367,0.6460970640182495,0.4955902695655823,1.9428048503300488e-08,0.6596546769142151,0.4557645618915558,0.0006771269836463034,0.6706486940383911,0.4083007872104645,-0.002352075884118676,0.6809384822845459,0.367848664522171,-0.005504812113940716,0.6915947794914246,0.341307133436203,-0.009588886052370071,0.6542541980743408,0.37769007682800293,-0.012451183050870895,0.6531618237495422,0.320281982421875,-0.019908087328076363,0.6514480710029602,0.28411269187927246,-0.023791629821062088,0.6491733193397522,0.256169855594635,-0.02647254802286625,0.640930712223053,0.3839976489543915,-0.01514639426022768,0.616839587688446,0.3420204520225525,-0.021986227482557297,0.6188433170318604,0.3649475872516632,-0.01890682242810726,0.6264809966087341,0.38500121235847473,-0.015758227556943893,0.6271342039108276,0.39952149987220764,-0.01721508987247944,0.6043318510055542,0.3743937015533447,-0.02338453195989132,0.6091873645782471,0.39258289337158203,-0.016932537779211998,0.6178209185600281,0.40650415420532227,-0.01160464994609356,0.6147521138191223,0.4181370437145233,-0.018939299508929253,0.5978406667709351,0.3962898850440979,-0.022264106199145317,0.602776825428009,0.4108855724334717,-0.016741739585995674,0.6105404496192932,0.42185136675834656,-0.011757687665522099,0.0,0.0,0.0,0.0,0.0,0.0,0.0,0.0,0.0,0.0,0.0,0.0,0.0,0.0,0.0,0.0,0.0,0.0,0.0,0.0,0.0,0.0,0.0,0.0,0.0,0.0,0.0,0.0,0.0,0.0,0.0,0.0,0.0,0.0,0.0,0.0,0.0,0.0,0.0,0.0,0.0,0.0,0.0,0.0,0.0,0.0,0.0,0.0,0.0,0.0,0.0,0.0,0.0,0.0,0.0,0.0,0.0,0.0,0.0,0.0,0.0,0.0,0.0
0.5069894194602966,0.23864099383354187,-0.4487222135066986,0.9998874664306641,0.5208758115768433,0.20792271196842194,-0.4078623652458191,0.9997825026512146,0.5301265120506287,0.20891393721103668,-0.4079795181751251,0.9997880458831787,0.5376006960868835,0.20992887020111084,-0.4076906144618988,0.9997583031654358,0.49461108446121216,0.20732924342155457,-0.41639646887779236,0.9997645616531372,0.4843701422214508,0.20691503584384918,-0.41631844639778137,0.9998068809509277,0.4754052460193634,0.20726552605628967,-0.4166901409626007,0.9997866153717041,0.548467755317688,0.23511356115341187,-0.18118269741535187,0.9996936321258545,0.4649354815483093,0.2361702024936676,-0.20166660845279694,0.9997280240058899,0.5216501951217651,0.2863853871822357,-0.3689002990722656,0.999854564666748,0.4884697496891022,0.2854386866092682,-0.37938037514686584,0.9997944235801697,0.6020535230636597,0.47414442896842957,-0.09244664013385773,0.9994849562644958,0.40813300013542175,0.48597100377082825,-0.09054557979106903,0.9993185997009277,0.6317431926727295,0.7518517971038818,-0.42911964654922485,0.9700222015380859,0.38751158118247986,0.7822043299674988,0.015437835827469826,0.9649047255516052,0.6385695338249207,0.5309619307518005,-1.0133640766143799,0.9473894238471985,0.37700945138931274,0.9925259947776794,-0.03968183696269989,0.923585057258606,0.6416348814964294,0.45120951533317566,-1.1161211729049683,0.9286704063415527,0.3688877522945404,1.0832914113998413,-0.052546415477991104,0.8780996799468994,0.6445925831794739,0.42300841212272644,-1.0916810035705566,0.9368700385093689,0.3748667538166046,1.0759764909744263,-0.10742697864770889,0.891751766204834,0.6383100748062134,0.45278042554855347,-1.0205050706863403,0.9431143999099731,0.3836607038974762,1.0444319248199463,-0.06133836507797241,0.908938467502594,0.5765051245689392,0.9820769429206848,-0.012517327442765236,0.6447002291679382,0.4515567719936371,0.9800957441329956,0.014184310100972652,0.5850175619125366,0.5796083211898804,1.3960952758789062,0.008938866667449474,0.002617549616843462,0.4414462447166443,1.3827917575836182,-0.03185827657580376,0.00257466034963727,0.5714711546897888,1.7507065534591675,0.28891119360923767,0.00017005937115754932,0.43670588731765747,1.7411857843399048,0.17091752588748932,0.00016274787776637822,0.5764408111572266,1.7984017133712769,0.30042144656181335,0.00011764030205085874,0.43099749088287354,1.7909437417984009,0.18233296275138855,0.0002746931277215481,0.5466413497924805,1.8715155124664307,0.021631887182593346,0.00016892085841391236,0.463461309671402,1.8589800596237183,-0.11951061338186264,0.0004275066312402487,0.6453424692153931,0.49510759115219116,4.228638061931633e-08,0.6590008735656738,0.45636817812919617,-0.0004925217945128679,0.6701249480247498,0.40908557176589966,-0.0040053739212453365,0.6807368993759155,0.3687188923358917,-0.007513853255659342,0.6916736960411072,0.34251636266708374,-0.011864880099892616,0.6533096432685852,0.3771759569644928,-0.012765100225806236,0.6524747014045715,0.32080429792404175,-0.020245816558599472,0.6507117748260498,0.2848193645477295,-0.02423471212387085,0.6483849287033081,0.256854772567749,-0.026997674256563187,0.6397599577903748,0.383411705493927,-0.015146434307098389,0.6161103844642639,0.34192630648612976,-0.022450454533100128,0.618058979511261,0.3646112084388733,-0.019870538264513016,0.6257805824279785,0.38469794392585754,-0.016797613352537155,0.6258071064949036,0.3988613784313202,-0.01698978617787361,0.6041810512542725,0.3759724795818329,-0.023578671738505363,0.6089723706245422,0.393660306930542,-0.01740437187254429,0.617784857749939,0.4069983661174774,-0.012000514194369316,0.6131778955459595,0.41701045632362366,-0.018599877133965492,0.5977779030799866,0.3962976336479187,-0.022000053897500038,0.6025676727294922,0.4115491509437561,-0.016421783715486526,0.6101677417755127,0.42252662777900696,-0.011258874088525772,0.0,0.0,0.0,0.0,0.0,0.0,0.0,0.0,0.0,0.0,0.0,0.0,0.0,0.0,0.0,0.0,0.0,0.0,0.0,0.0,0.0,0.0,0.0,0.0,0.0,0.0,0.0,0.0,0.0,0.0,0.0,0.0,0.0,0.0,0.0,0.0,0.0,0.0,0.0,0.0,0.0,0.0,0.0,0.0,0.0,0.0,0.0,0.0,0.0,0.0,0.0,0.0,0.0,0.0,0.0,0.0,0.0,0.0,0.0,0.0,0.0,0.0,0.0
0.5065949559211731,0.23863135278224945,-0.4574492573738098,0.9998887181282043,0.5208287835121155,0.2080020308494568,-0.41662198305130005,0.9997852444648743,0.5300189852714539,0.20901142060756683,-0.41671717166900635,0.9997914433479309,0.5375499129295349,0.21005676686763763,-0.4164312481880188,0.9997613430023193,0.49456992745399475,0.20731422305107117,-0.4234521687030792,0.9997667670249939,0.48440489172935486,0.20690643787384033,-0.4233613610267639,0.9998088479042053,0.4754599630832672,0.2073000967502594,-0.4237140715122223,0.9997885823249817,0.5487374663352966,0.23530714213848114,-0.19063223898410797,0.9997008442878723,0.4649112820625305,0.23610201478004456,-0.20436261594295502,0.9997286200523376,0.5213218927383423,0.28643304109573364,-0.3780229985713959,0.9998570084571838,0.4881950616836548,0.2854442894458771,-0.3817611336708069,0.9997970461845398,0.6021642088890076,0.4747430980205536,-0.09849473834037781,0.9994868636131287,0.40803760290145874,0.4863615334033966,-0.08445269614458084,0.9993181824684143,0.630930483341217,0.7545516490936279,-0.43578001856803894,0.9700462818145752,0.38719919323921204,0.7819600701332092,0.03741055727005005,0.9638961553573608,0.6381946206092834,0.5310345888137817,-1.0201975107192993,0.9474070072174072,0.3773746192455292,0.9902676939964294,-0.006189027335494757,0.9249003529548645,0.6415692567825317,0.4512561559677124,-1.1229307651519775,0.9289172887802124,0.36916637420654297,1.080274224281311,-0.016879195347428322,0.8808138966560364,0.6436911225318909,0.42351704835891724,-1.1001564264297485,0.9373396635055542,0.3755587041378021,1.072632074356079,-0.0707281306385994,0.8944307565689087,0.6366341710090637,0.45276138186454773,-1.027613878250122,0.9434254169464111,0.38419392704963684,1.0411691665649414,-0.027117665857076645,0.9108837842941284,0.5760854482650757,0.9809324145317078,-0.014516881667077541,0.6384274959564209,0.45131200551986694,0.9788150191307068,0.016227437183260918,0.5774921178817749,0.5799394249916077,1.3958323001861572,0.015353110618889332,0.002621200866997242,0.44160282611846924,1.382936954498291,-0.02196883037686348,0.0025736403185874224,0.5718985199928284,1.7506307363510132,0.308336466550827,0.00016882045019883662,0.43651244044303894,1.7420611381530762,0.19259127974510193,0.0001610513572813943,0.5768736600875854,1.7983964681625366,0.3216857612133026,0.00011450258898548782,0.43100184202194214,1.7921760082244873,0.2053568810224533,0.00026533621712587774,0.5467954874038696,1.871968388557434,0.04233498126268387,0.00016695103840902448,0.4626973867416382,1.8611818552017212,-0.0993063896894455,0.0004200451367069036,0.6449383497238159,0.4957192838191986,4.5100701839828616e-08,0.658775806427002,0.45737922191619873,-0.0009504086337983608,0.6698917150497437,0.40997469425201416,-0.00456222565844655,0.6806725859642029,0.36962011456489563,-0.008060718886554241,0.6912071108818054,0.3431960344314575,-0.012346483767032623,0.652995228767395,0.37712305784225464,-0.013219114392995834,0.6518619656562805,0.3216577172279358,-0.020747534930706024,0.6501402854919434,0.2857818305492401,-0.02482537366449833,0.6478901505470276,0.2579178810119629,-0.0276374202221632,0.6389816999435425,0.38321906328201294,-0.015344628132879734,0.6156700849533081,0.342767596244812,-0.022528376430273056,0.6178709864616394,0.36528608202934265,-0.01982647366821766,0.6258202195167542,0.3853662610054016,-0.016749320551753044,0.6246953010559082,0.3986317813396454,-0.016980815678834915,0.6036002039909363,0.3764651417732239,-0.023686077445745468,0.6083953976631165,0.39426445960998535,-0.017591271549463272,0.6171694993972778,0.407695472240448,-0.012282222509384155,0.6118394136428833,0.4165814518928528,-0.01841229572892189,0.5971714854240417,0.3970548212528229,-0.02183932065963745,0.6020982265472412,0.4128563404083252,-0.016320206224918365,0.6095829010009766,0.4240117371082306,-0.011264105327427387,0.0,0.0,0.0,0.0,0.0,0.0,0.0,0.0,0.0,0.0,0.0,0.0,0.0,0.0,0.0,0.0,0.0,0.0,0.0,0.0,0.0,0.0,0.0,0.0,0.0,0.0,0.0,0.0,0.0,0.0,0.0,0.0,0.0,0.0,0.0,0.0,0.0,0.0,0.0,0.0,0.0,0.0,0.0,0.0,0.0,0.0,0.0,0.0,0.0,0.0,0.0,0.0,0.0,0.0,0.0,0.0,0.0,0.0,0.0,0.0,0.0,0.0,0.0
0.5068332552909851,0.23864935338497162,-0.43531087040901184,0.9998899102210999,0.5209553837776184,0.20812514424324036,-0.3950366973876953,0.9997866153717041,0.5301440954208374,0.20913749933242798,-0.3951500952243805,0.9997929930686951,0.5376412868499756,0.2101830691099167,-0.3948567509651184,0.9997634887695312,0.4949539005756378,0.20731666684150696,-0.40216273069381714,0.9997655153274536,0.4848211109638214,0.20697876811027527,-0.402080237865448,0.9998067021369934,0.4759529232978821,0.20747116208076477,-0.40246614813804626,0.9997854828834534,0.549190104007721,0.23550114035606384,-0.1735333949327469,0.9997019171714783,0.46540123224258423,0.23615409433841705,-0.20127633213996887,0.9997205138206482,0.5216426253318787,0.2864665687084198,-0.35777366161346436,0.9998582601547241,0.4888167679309845,0.2854197025299072,-0.366472452878952,0.9997967481613159,0.601955771446228,0.47483086585998535,-0.0926239937543869,0.9994913339614868,0.4081978499889374,0.48536109924316406,-0.07577292621135712,0.9993053674697876,0.6285309195518494,0.7529630661010742,-0.4150433838367462,0.9700350761413574,0.3873431980609894,0.7792112231254578,0.015268612653017044,0.9635138511657715,0.6377102136611938,0.5302793383598328,-0.9862708449363708,0.9474985599517822,0.3766142427921295,0.9870364665985107,-0.05291556566953659,0.9249361753463745,0.6416620016098022,0.4501403868198395,-1.0862845182418823,0.9289685487747192,0.3687305152416229,1.0775995254516602,-0.06700915843248367,0.8810588121414185,0.6439306139945984,0.4226156771183014,-1.0640461444854736,0.9376077651977539,0.37442365288734436,1.0708963871002197,-0.12224676460027695,0.8947434425354004,0.6367955803871155,0.45184028148651123,-0.9934511780738831,0.9433553218841553,0.3828011155128479,1.0393000841140747,-0.07517596334218979,0.9109556078910828,0.5742591023445129,0.9787570238113403,-0.014405785128474236,0.6316705346107483,0.44996213912963867,0.9770538210868835,0.01604972593486309,0.5700908303260803,0.5786675214767456,1.3898868560791016,0.005379287526011467,0.002674337010830641,0.44186145067214966,1.3788706064224243,-0.021475287154316902,0.00262500811368227,0.5714685320854187,1.7452492713928223,0.2943127751350403,0.00017237041902262717,0.4382486641407013,1.7400102615356445,0.17614173889160156,0.0001658070832490921,0.5764528512954712,1.7925297021865845,0.3059964179992676,0.00011447238648543134,0.43266764283180237,1.789778232574463,0.1868358999490738,0.00027087389025837183,0.5470035672187805,1.8636655807495117,0.02597917430102825,0.0001700597204035148,0.46420782804489136,1.8542429208755493,-0.11362195014953613,0.0004277907428331673,0.6442108154296875,0.4977591633796692,2.038350288557922e-08,0.657625138759613,0.45876243710517883,-4.313187673687935e-05,0.6690994501113892,0.4104461073875427,-0.003200685605406761,0.680149257183075,0.3699108958244324,-0.006333948578685522,0.6913487315177917,0.34428876638412476,-0.010229436680674553,0.6529114246368408,0.37879276275634766,-0.012717431411147118,0.6507373452186584,0.32216185331344604,-0.02024690806865692,0.648802638053894,0.2865363359451294,-0.024356745183467865,0.6464285254478455,0.2582901418209076,-0.02731996960937977,0.6397281289100647,0.38570860028266907,-0.01543246116489172,0.6158443093299866,0.34375667572021484,-0.022412756457924843,0.6179502010345459,0.3679743707180023,-0.01948273368179798,0.6260658502578735,0.38843753933906555,-0.016566138714551926,0.625846803188324,0.40136823058128357,-0.01766764558851719,0.6033226251602173,0.37630125880241394,-0.02386065013706684,0.6079121828079224,0.394793301820755,-0.017315546050667763,0.6168243885040283,0.40899765491485596,-0.012099790386855602,0.6130049824714661,0.42002931237220764,-0.019713744521141052,0.596842348575592,0.39815202355384827,-0.022991426289081573,0.6013451814651489,0.41328704357147217,-0.01745988242328167,0.6088771820068359,0.4248131513595581,-0.01263849250972271,0.0,0.0,0.0,0.0,0.0,0.0,0.0,0.0,0.0,0.0,0.0,0.0,0.0,0.0,0.0,0.0,0.0,0.0,0.0,0.0,0.0,0.0,0.0,0.0,0.0,0.0,0.0,0.0,0.0,0.0,0.0,0.0,0.0,0.0,0.0,0.0,0.0,0.0,0.0,0.0,0.0,0.0,0.0,0.0,0.0,0.0,0.0,0.0,0.0,0.0,0.0,0.0,0.0,0.0,0.0,0.0,0.0,0.0,0.0,0.0,0.0,0.0,0.0
0.506640613079071,0.23866978287696838,-0.4208388328552246,0.9998868703842163,0.520673930644989,0.20822356641292572,-0.38122138381004333,0.9997819066047668,0.5299349427223206,0.20920713245868683,-0.38133302330970764,0.999788224697113,0.5375308394432068,0.2102295607328415,-0.38103362917900085,0.9997583627700806,0.49461260437965393,0.2073289304971695,-0.38854822516441345,0.9997586011886597,0.48453235626220703,0.2070433795452118,-0.3884555697441101,0.9998005032539368,0.47570905089378357,0.20757943391799927,-0.3888391852378845,0.9997789263725281,0.5495074987411499,0.23575042188167572,-0.1640273928642273,0.9996975064277649,0.4652455449104309,0.2361811250448227,-0.19468171894550323,0.9997060894966125,0.5217207074165344,0.2865251302719116,-0.34505727887153625,0.999855637550354,0.48877444863319397,0.28542256355285645,-0.354626327753067,0.999789834022522,0.6016817092895508,0.4759637415409088,-0.08980628103017807,0.9994781613349915,0.40803247690200806,0.48600688576698303,-0.07547730952501297,0.9992799758911133,0.628531813621521,0.752282977104187,-0.4196557402610779,0.9691283106803894,0.38815754652023315,0.7802959084510803,0.016962142661213875,0.962001621723175,0.6388857960700989,0.5258327722549438,-0.990745484828949,0.9466208815574646,0.3751949965953827,0.9905701875686646,-0.04504977539181709,0.922492265701294,0.642352283000946,0.4455786645412445,-1.0904037952423096,0.9280242323875427,0.3672199845314026,1.0815179347991943,-0.05756072327494621,0.8787943720817566,0.6445543169975281,0.41864532232284546,-1.0665004253387451,0.936918318271637,0.3717716932296753,1.0755575895309448,-0.11303706467151642,0.8928781151771545,0.6379108428955078,0.4485718011856079,-0.9975710511207581,0.9424207806587219,0.37995830178260803,1.0437318086624146,-0.06761772185564041,0.9093011617660522,0.5748268961906433,0.9781293869018555,-0.014071034267544746,0.6237105131149292,0.4501461684703827,0.9771158695220947,0.015669910237193108,0.5616211295127869,0.5805381536483765,1.3896214962005615,-0.004353033844381571,0.002682897262275219,0.4443036615848541,1.3789474964141846,-0.021402081474661827,0.00264639500528574,0.5735235810279846,1.745030164718628,0.27802932262420654,0.00017251993995159864,0.44043177366256714,1.7400251626968384,0.17083677649497986,0.00016694481018930674,0.5785555243492126,1.7919046878814697,0.28850045800209045,0.00011112044740002602,0.4345245063304901,1.7898390293121338,0.18085254728794098,0.00026443408569321036,0.549498438835144,1.8644152879714966,0.00601004296913743,0.00016904987569432706,0.46605390310287476,1.8541474342346191,-0.12265457212924957,0.00042236418812535703,0.6432759165763855,0.4948546290397644,3.780019852683836e-08,0.6570684313774109,0.4577954113483429,-0.0007477448089048266,0.6685023903846741,0.41018298268318176,-0.004337174817919731,0.6792271733283997,0.3694266676902771,-0.007669644430279732,0.6907458901405334,0.34391602873802185,-0.01181678008288145,0.6519017815589905,0.37914276123046875,-0.013631385751068592,0.64985591173172,0.3223870098590851,-0.0216591265052557,0.6481338143348694,0.2862001061439514,-0.026350246742367744,0.6462463736534119,0.2575133740901947,-0.02967175841331482,0.6381542682647705,0.38487520813941956,-0.015725335106253624,0.6156812906265259,0.34087541699409485,-0.0227064099162817,0.6174919009208679,0.3646690249443054,-0.019969359040260315,0.6250956654548645,0.38556185364723206,-0.01700396090745926,0.6241013407707214,0.39963796734809875,-0.0172976516187191,0.6026066541671753,0.37453335523605347,-0.023322293534874916,0.6069839596748352,0.3933528661727905,-0.016754746437072754,0.615824282169342,0.4079882502555847,-0.011353926733136177,0.6112717390060425,0.4178430438041687,-0.018690677359700203,0.5958918929100037,0.39588311314582825,-0.021878454834222794,0.6002246141433716,0.4117151200771332,-0.016205543652176857,0.6076701283454895,0.423514723777771,-0.011145408265292645,0.0,0.0,0.0,0.0,0.0,0.0,0.0,0.0,0.0,0.0,0.0,0.0,0.0,0.0,0.0,0.0,0.0,0.0,0.0,0.0,0.0,0.0,0.0,0.0,0.0,0.0,0.0,0.0,0.0,0.0,0.0,0.0,0.0,0.0,0.0,0.0,0.0,0.0,0.0,0.0,0.0,0.0,0.0,0.0,0.0,0.0,0.0,0.0,0.0,0.0,0.0,0.0,0.0,0.0,0.0,0.0,0.0,0.0,0.0,0.0,0.0,0.0,0.0
0.5062219500541687,0.2386152744293213,-0.433775931596756,0.9998844861984253,0.5203597545623779,0.20799265801906586,-0.3941204845905304,0.9997796416282654,0.5295604467391968,0.208837628364563,-0.3942076563835144,0.9997867941856384,0.5372554063796997,0.20977337658405304,-0.3939278721809387,0.9997567534446716,0.49427279829978943,0.207315593957901,-0.39975330233573914,0.9997541308403015,0.48428452014923096,0.20703215897083282,-0.3996531665325165,0.9997962713241577,0.47549009323120117,0.20760492980480194,-0.40000465512275696,0.9997736215591431,0.549443781375885,0.2353348433971405,-0.17512613534927368,0.9996998906135559,0.4653187394142151,0.23647192120552063,-0.1972263604402542,0.99969482421875,0.5216771960258484,0.28652796149253845,-0.35767093300819397,0.9998555779457092,0.4887729287147522,0.28541237115859985,-0.3648253381252289,0.9997864365577698,0.6019571423530579,0.4760485589504242,-0.10160939395427704,0.9994745254516602,0.4085370898246765,0.48653507232666016,-0.0787590891122818,0.9992594122886658,0.6293952465057373,0.7527536153793335,-0.44376546144485474,0.9680492877960205,0.3897351324558258,0.7804133296012878,0.021011153236031532,0.9604361653327942,0.6372491717338562,0.5282424688339233,-1.0302308797836304,0.9442989230155945,0.37720394134521484,0.9879884123802185,-0.042970821261405945,0.92311692237854,0.6403636932373047,0.44829586148262024,-1.13290536403656,0.9256657958030701,0.3687564432621002,1.0775138139724731,-0.056445252150297165,0.8800421357154846,0.6415327787399292,0.42021045088768005,-1.1082664728164673,0.9351985454559326,0.3743944764137268,1.071231484413147,-0.11155787855386734,0.8941918611526489,0.6349908709526062,0.4506762623786926,-1.037017583847046,0.940565288066864,0.38253095746040344,1.0399730205535889,-0.06539379805326462,0.9104627370834351,0.5757964849472046,0.9782360792160034,-0.014051420614123344,0.6193656921386719,0.4513109028339386,0.9775684475898743,0.015676461160182953,0.555924117565155,0.5820092558860779,1.39290452003479,0.00452269846573472,0.0027265811804682016,0.4447263181209564,1.3806406259536743,-0.022025613114237785,0.002674309303984046,0.5750584006309509,1.7475742101669312,0.28003889322280884,0.00017530682089272887,0.4410580098628998,1.740496039390564,0.16429489850997925,0.00016680650878697634,0.580375611782074,1.7950598001480103,0.2917064428329468,0.00011063970305258408,0.4353700280189514,1.790757417678833,0.1747482270002365,0.00025383548927493393,0.5507920384407043,1.868522047996521,0.01584582030773163,0.00016795632836874574,0.4664267897605896,1.8563997745513916,-0.12441752105951309,0.00040985416853800416,0.6427138447761536,0.49518007040023804,3.482555754885652e-08,0.6572742462158203,0.4576200246810913,2.932292227342259e-05,0.6684673428535461,0.41064971685409546,-0.0030479119159281254,0.6790552735328674,0.37028706073760986,-0.0061217136681079865,0.6901589632034302,0.3440592288970947,-0.010043096728622913,0.6517831087112427,0.37622877955436707,-0.012539136223495007,0.6497604250907898,0.31955745816230774,-0.019593495875597,0.6475626826286316,0.28369638323783875,-0.023410914465785027,0.6448522806167603,0.2557000517845154,-0.02613493800163269,0.6376128196716309,0.3822445869445801,-0.014917145483195782,0.6146133542060852,0.3435419797897339,-0.020828142762184143,0.6169564127922058,0.36717891693115234,-0.01749282330274582,0.6248889565467834,0.38692760467529297,-0.014558577910065651,0.6233012080192566,0.3976566195487976,-0.0167924202978611,0.6020944118499756,0.3753000795841217,-0.02242567017674446,0.6067152619361877,0.3942764103412628,-0.01596645638346672,0.6153527498245239,0.4083642363548279,-0.010949088260531425,0.6103001236915588,0.4161607325077057,-0.01840667985379696,0.5951570272445679,0.3949842154979706,-0.021266542375087738,0.6001209616661072,0.4114839732646942,-0.015565496869385242,0.6076291799545288,0.42337581515312195,-0.010673153214156628,0.0,0.0,0.0,0.0,0.0,0.0,0.0,0.0,0.0,0.0,0.0,0.0,0.0,0.0,0.0,0.0,0.0,0.0,0.0,0.0,0.0,0.0,0.0,0.0,0.0,0.0,0.0,0.0,0.0,0.0,0.0,0.0,0.0,0.0,0.0,0.0,0.0,0.0,0.0,0.0,0.0,0.0,0.0,0.0,0.0,0.0,0.0,0.0,0.0,0.0,0.0,0.0,0.0,0.0,0.0,0.0,0.0,0.0,0.0,0.0,0.0,0.0,0.0
0.5056445002555847,0.23844081163406372,-0.43848520517349243,0.9998864531517029,0.520183801651001,0.20743584632873535,-0.3976445496082306,0.9997825622558594,0.5294577479362488,0.2080594003200531,-0.39775508642196655,0.999789297580719,0.537088930606842,0.2087823748588562,-0.39745834469795227,0.9997594356536865,0.49374696612358093,0.20718516409397125,-0.4049719572067261,0.9997569918632507,0.48374590277671814,0.20680835843086243,-0.4048546552658081,0.9997982382774353,0.4749291241168976,0.20731303095817566,-0.40521764755249023,0.9997750520706177,0.5485790967941284,0.23404526710510254,-0.17450113594532013,0.9997024536132812,0.465011328458786,0.23603269457817078,-0.1997716724872589,0.9996973872184753,0.5212789177894592,0.2864780128002167,-0.3608485162258148,0.9998584985733032,0.48816630244255066,0.2849520146846771,-0.37016165256500244,0.9997891187667847,0.6019020676612854,0.4724400043487549,-0.10047553479671478,0.999482274055481,0.40896812081336975,0.4853121042251587,-0.08222570270299911,0.9992651343345642,0.6295631527900696,0.7492395639419556,-0.443708598613739,0.9684717059135437,0.3905221223831177,0.7824996113777161,0.017808616161346436,0.9600667953491211,0.636145293712616,0.5256467461585999,-1.0309054851531982,0.9439695477485657,0.3777739405632019,0.9913284778594971,-0.04273843765258789,0.9202739000320435,0.6403973698616028,0.44785064458847046,-1.1338894367218018,0.9249833822250366,0.3695487678050995,1.0818783044815063,-0.05601596459746361,0.8761647939682007,0.6421312093734741,0.4196318984031677,-1.1095987558364868,0.9345523118972778,0.37376394867897034,1.077034592628479,-0.11328951269388199,0.8907069563865662,0.6349194645881653,0.4484950006008148,-1.0378913879394531,0.9401142597198486,0.3821500241756439,1.0455085039138794,-0.06597422808408737,0.9071232080459595,0.5756868720054626,0.977612316608429,-0.014247635379433632,0.6226786375045776,0.4514895975589752,0.9775439500808716,0.015894843265414238,0.5583068132400513,0.5818616151809692,1.3888283967971802,-1.6569352737860754e-05,0.00268773315474391,0.4454616606235504,1.379071593284607,-0.0346558541059494,0.0026617543771862984,0.5744463205337524,1.7441831827163696,0.278201162815094,0.00016968476120382547,0.44025084376335144,1.7397428750991821,0.1606890708208084,0.00016686119488440454,0.5798283219337463,1.7911680936813354,0.288789838552475,0.00010615850624162704,0.4342447519302368,1.7897114753723145,0.17039106786251068,0.0002560977591201663,0.5495254397392273,1.8635752201080322,0.0031779189594089985,0.00016545729886274785,0.4656098783016205,1.8535656929016113,-0.13858819007873535,0.0004171844047959894,0.6427053809165955,0.49505484104156494,1.0328806254733536e-08,0.6566490530967712,0.4556411802768707,0.0007288318010978401,0.6678433418273926,0.4078657031059265,-0.0021330169402062893,0.6786689758300781,0.3674435019493103,-0.005198279861360788,0.690091609954834,0.34201329946517944,-0.009135736152529716,0.6511572003364563,0.37595781683921814,-0.011982387863099575,0.6489790081977844,0.31908339262008667,-0.019444474950432777,0.6471478939056396,0.28356367349624634,-0.023411178961396217,0.6450335383415222,0.2555139660835266,-0.02620258927345276,0.6376422643661499,0.3827497661113739,-0.014778311364352703,0.6143909096717834,0.3416774868965149,-0.02147478610277176,0.6162495613098145,0.3651660084724426,-0.018317675217986107,0.6240975260734558,0.38514912128448486,-0.015345374122262001,0.6236268877983093,0.39844775199890137,-0.017038969323039055,0.6016713380813599,0.37300750613212585,-0.023053260520100594,0.6059830784797668,0.3915119469165802,-0.01642034947872162,0.6144775748252869,0.4060022830963135,-0.011165927164256573,0.6109731793403625,0.41720670461654663,-0.019022634252905846,0.5952292680740356,0.39414769411087036,-0.021982287988066673,0.5994276404380798,0.409047394990921,-0.01628049835562706,0.6065990924835205,0.4208498001098633,-0.011380286887288094,0.0,0.0,0.0,0.0,0.0,0.0,0.0,0.0,0.0,0.0,0.0,0.0,0.0,0.0,0.0,0.0,0.0,0.0,0.0,0.0,0.0,0.0,0.0,0.0,0.0,0.0,0.0,0.0,0.0,0.0,0.0,0.0,0.0,0.0,0.0,0.0,0.0,0.0,0.0,0.0,0.0,0.0,0.0,0.0,0.0,0.0,0.0,0.0,0.0,0.0,0.0,0.0,0.0,0.0,0.0,0.0,0.0,0.0,0.0,0.0,0.0,0.0,0.0
0.5059345960617065,0.23831188678741455,-0.43678462505340576,0.9998860955238342,0.5202651023864746,0.20670580863952637,-0.39624646306037903,0.9997838139533997,0.5294872522354126,0.20723575353622437,-0.3963651955127716,0.9997901916503906,0.5370901823043823,0.20788457989692688,-0.3960936665534973,0.9997620582580566,0.4939015507698059,0.20676694810390472,-0.40347737073898315,0.9997565746307373,0.48387861251831055,0.20646977424621582,-0.40335389971733093,0.9997965693473816,0.4750482439994812,0.20685404539108276,-0.4037107825279236,0.9997732043266296,0.5485519766807556,0.23288464546203613,-0.1741681843996048,0.9997047185897827,0.4653545320034027,0.2351345419883728,-0.1990244835615158,0.9996929168701172,0.5214632749557495,0.2863661050796509,-0.3592219650745392,0.9998592138290405,0.48859643936157227,0.2846595048904419,-0.368472695350647,0.9997873902320862,0.6014553308486938,0.4708603620529175,-0.09661412984132767,0.9994880557060242,0.40958845615386963,0.48285701870918274,-0.08334333449602127,0.999254047870636,0.6284235715866089,0.7490107417106628,-0.43038737773895264,0.9686058163642883,0.391777902841568,0.7795889973640442,0.02467750571668148,0.9591203331947327,0.6342758536338806,0.527050256729126,-1.002704381942749,0.9432472586631775,0.380241721868515,0.9883179664611816,-0.019387634471058846,0.9175315499305725,0.6385630369186401,0.44883185625076294,-1.1034905910491943,0.9237889647483826,0.37169206142425537,1.0783251523971558,-0.03079303354024887,0.8727737069129944,0.6407502889633179,0.4197910726070404,-1.080071210861206,0.9335700869560242,0.37588468194007874,1.0740022659301758,-0.08768823742866516,0.8874614834785461,0.6334603428840637,0.44943439960479736,-1.0095106363296509,0.9392135739326477,0.384390652179718,1.0424529314041138,-0.041991058737039566,0.9038221836090088,0.5754576325416565,0.977083683013916,-0.012845803052186966,0.6292771697044373,0.45094534754753113,0.9771698117256165,0.014408021233975887,0.5637151002883911,0.5773378610610962,1.386689305305481,-0.00048497592797502875,0.002825527684763074,0.44181764125823975,1.3763941526412964,-0.05622962489724159,0.002849821001291275,0.5683512091636658,1.7421904802322388,0.2698533236980438,0.0001733649696689099,0.4351450502872467,1.737015724182129,0.13476265966892242,0.0001783322513801977,0.5734614133834839,1.7891533374786377,0.2793499827384949,0.00010736571130109951,0.4292966425418854,1.7871181964874268,0.14366760849952698,0.00027367635630071163,0.5428962707519531,1.859367847442627,-0.00710189389064908,0.00017319714243058115,0.45976021885871887,1.8500828742980957,-0.1667458564043045,0.0004520651127677411,0.6422232389450073,0.49108630418777466,2.2021238166303192e-08,0.6565523743629456,0.4529469609260559,0.0002707085513975471,0.6677879691123962,0.4063076376914978,-0.002806880045682192,0.6783532500267029,0.3659611940383911,-0.005966999102383852,0.6895679831504822,0.3405267596244812,-0.010046935640275478,0.6506905555725098,0.37414810061454773,-0.012315865606069565,0.6484663486480713,0.31749752163887024,-0.019534636288881302,0.6464434266090393,0.2821124792098999,-0.02341238223016262,0.6441121101379395,0.25415685772895813,-0.026186103001236916,0.6368240714073181,0.3805932104587555,-0.014830371364951134,0.6145429015159607,0.34070730209350586,-0.021454783156514168,0.6168782114982605,0.364574670791626,-0.018568474799394608,0.6246616840362549,0.3848537802696228,-0.01571456342935562,0.6226863861083984,0.3960665166378021,-0.016765601933002472,0.6017112731933594,0.3707633912563324,-0.022676024585962296,0.6062307357788086,0.3898274898529053,-0.016133973374962807,0.6146648526191711,0.40466976165771484,-0.010905103757977486,0.6098448038101196,0.41489261388778687,-0.018428150564432144,0.5946279764175415,0.3916933834552765,-0.02141924947500229,0.5990361571311951,0.40733975172042847,-0.015695177018642426,0.6061868667602539,0.41947320103645325,-0.010714602656662464,0.0,0.0,0.0,0.0,0.0,0.0,0.0,0.0,0.0,0.0,0.0,0.0,0.0,0.0,0.0,0.0,0.0,0.0,0.0,0.0,0.0,0.0,0.0,0.0,0.0,0.0,0.0,0.0,0.0,0.0,0.0,0.0,0.0,0.0,0.0,0.0,0.0,0.0,0.0,0.0,0.0,0.0,0.0,0.0,0.0,0.0,0.0,0.0,0.0,0.0,0.0,0.0,0.0,0.0,0.0,0.0,0.0,0.0,0.0,0.0,0.0,0.0,0.0
0.5052574872970581,0.23819461464881897,-0.4166404902935028,0.9998828768730164,0.5195711851119995,0.20650331676006317,-0.3767092823982239,0.9997791647911072,0.5287765264511108,0.2071218192577362,-0.376852422952652,0.999786376953125,0.5366315841674805,0.20776686072349548,-0.3765515983104706,0.9997581839561462,0.49321749806404114,0.2064252346754074,-0.3847185969352722,0.9997497200965881,0.4832138419151306,0.20604614913463593,-0.3846051096916199,0.9997901916503906,0.47481784224510193,0.20624524354934692,-0.38498541712760925,0.999765157699585,0.5482445955276489,0.23248393833637238,-0.16121454536914825,0.9997002482414246,0.46553316712379456,0.23417934775352478,-0.19284826517105103,0.999682605266571,0.5208812355995178,0.28631728887557983,-0.3414643108844757,0.9998556971549988,0.48804551362991333,0.2845113277435303,-0.35185426473617554,0.9997810125350952,0.6016138195991516,0.4707169830799103,-0.09229569882154465,0.9994737505912781,0.41010329127311707,0.48265498876571655,-0.0782376155257225,0.9992140531539917,0.6280210614204407,0.7461729645729065,-0.4487570822238922,0.967250645160675,0.3924793004989624,0.7799987196922302,0.021153654903173447,0.956423282623291,0.6346098184585571,0.5220468044281006,-1.0315834283828735,0.9403538703918457,0.37972861528396606,0.9885683655738831,-0.024651462212204933,0.910010814666748,0.6394274830818176,0.442656934261322,-1.1332981586456299,0.9208506345748901,0.3716444969177246,1.0787769556045532,-0.0359504371881485,0.8636825680732727,0.640661358833313,0.41446706652641296,-1.1085847616195679,0.9311503171920776,0.3741087317466736,1.0752993822097778,-0.09390270709991455,0.8794657588005066,0.6332985758781433,0.443494975566864,-1.0382964611053467,0.9368776679039001,0.382365882396698,1.0444824695587158,-0.0482303723692894,0.896332323551178,0.5738767385482788,0.9763098955154419,-0.011430230922996998,0.626592755317688,0.4511174261569977,0.9757013320922852,0.013010897673666477,0.5568682551383972,0.5761274695396423,1.3836731910705566,-0.012494991533458233,0.0030512490775436163,0.44121554493904114,1.373019814491272,-0.05964834615588188,0.0030817624647170305,0.5680646896362305,1.7391562461853027,0.24375663697719574,0.00018255712348036468,0.4350888431072235,1.734936237335205,0.11506477743387222,0.00019163312390446663,0.5731351971626282,1.7860721349716187,0.25234273076057434,0.00011133782390970737,0.4288140833377838,1.7851474285125732,0.12281163781881332,0.00029372709104791284,0.5430799722671509,1.8557606935501099,-0.0334242545068264,0.00018637420726008713,0.46029868721961975,1.8450462818145752,-0.18568602204322815,0.0004942110390402377,0.6417162418365479,0.4911035895347595,2.0996285599039766e-08,0.6559455394744873,0.4534451365470886,7.511761941714212e-05,0.6672185659408569,0.40692251920700073,-0.0031332005746662617,0.6778557896614075,0.36637574434280396,-0.006428384687751532,0.6889451146125793,0.3403241038322449,-0.010617208667099476,0.649660587310791,0.37455812096595764,-0.012758508324623108,0.6477137804031372,0.3177638649940491,-0.020357239991426468,0.6460613012313843,0.2822703421115875,-0.024352949112653732,0.6439934372901917,0.2544139623641968,-0.027105744928121567,0.6360749006271362,0.38090312480926514,-0.01514585129916668,0.6136260032653809,0.3406490683555603,-0.022071104496717453,0.6158496737480164,0.36384958028793335,-0.019069043919444084,0.6235091686248779,0.3839573860168457,-0.016060732305049896,0.6221859455108643,0.3964281678199768,-0.016992680728435516,0.600989580154419,0.37211909890174866,-0.02321489155292511,0.6054860949516296,0.3904627561569214,-0.016750046983361244,0.6137945055961609,0.40502414107322693,-0.01146230474114418,0.6096498370170593,0.4149917960166931,-0.018573792651295662,0.5943567752838135,0.3928658068180084,-0.02169760689139366,0.5987126231193542,0.4077451825141907,-0.016129635274410248,0.6057954430580139,0.4193271994590759,-0.011219405569136143,0.0,0.0,0.0,0.0,0.0,0.0,0.0,0.0,0.0,0.0,0.0,0.0,0.0,0.0,0.0,0.0,0.0,0.0,0.0,0.0,0.0,0.0,0.0,0.0,0.0,0.0,0.0,0.0,0.0,0.0,0.0,0.0,0.0,0.0,0.0,0.0,0.0,0.0,0.0,0.0,0.0,0.0,0.0,0.0,0.0,0.0,0.0,0.0,0.0,0.0,0.0,0.0,0.0,0.0,0.0,0.0,0.0,0.0,0.0,0.0,0.0,0.0,0.0
0.5055833458900452,0.23812343180179596,-0.4264603555202484,0.9998780488967896,0.5199037194252014,0.2064589411020279,-0.3866315484046936,0.9997725486755371,0.5291279554367065,0.2072134017944336,-0.3867589831352234,0.9997801184654236,0.5368232131004333,0.207927405834198,-0.38646265864372253,0.9997508525848389,0.49342137575149536,0.20618748664855957,-0.39279788732528687,0.9997415542602539,0.4833281934261322,0.20575933158397675,-0.3926844298839569,0.9997838735580444,0.47490549087524414,0.20581480860710144,-0.3930550217628479,0.9997581839561462,0.5483920574188232,0.23252888023853302,-0.16942662000656128,0.9996933937072754,0.46553486585617065,0.23351632058620453,-0.1933300495147705,0.9996682405471802,0.5209326148033142,0.2862927317619324,-0.3507283926010132,0.9998509287834167,0.4881672263145447,0.28441619873046875,-0.35864347219467163,0.9997726678848267,0.6021143198013306,0.47142547369003296,-0.09694018214941025,0.9994630217552185,0.40999361872673035,0.48274943232536316,-0.07295167446136475,0.9991915822029114,0.626742959022522,0.7444613575935364,-0.45284849405288696,0.9657678008079529,0.3915669322013855,0.7800309062004089,0.0336749292910099,0.9548272490501404,0.6354650855064392,0.5218391418457031,-1.0362504720687866,0.9372724294662476,0.37970563769340515,0.9867113828659058,-0.010056203231215477,0.90655517578125,0.6401146054267883,0.443793922662735,-1.1377432346343994,0.9174532294273376,0.3718656897544861,1.0767942667007446,-0.01961532235145569,0.8596212863922119,0.6420526504516602,0.41471269726753235,-1.1139167547225952,0.9283777475357056,0.3747428357601166,1.0721721649169922,-0.07639634609222412,0.8760520815849304,0.635222852230072,0.44372105598449707,-1.04319429397583,0.9339458346366882,0.3828035891056061,1.041329264640808,-0.03278863802552223,0.8929077982902527,0.5747026205062866,0.9759477376937866,-0.014698851853609085,0.6225130558013916,0.45171788334846497,0.9747496247291565,0.016391683369874954,0.5509753823280334,0.5768696069717407,1.3844363689422607,-0.01304659340530634,0.0032450580038130283,0.44158729910850525,1.3706014156341553,-0.04684136435389519,0.00327648245729506,0.5681718587875366,1.7383091449737549,0.24942883849143982,0.00019540905486792326,0.4353393018245697,1.7330641746520996,0.12795422971248627,0.00020479544764384627,0.5730012059211731,1.7850573062896729,0.2588985562324524,0.00011608945351326838,0.429225891828537,1.783414602279663,0.13567131757736206,0.0003066138597205281,0.5433734059333801,1.8573007583618164,-0.02396492287516594,0.00019642127153929323,0.45995256304740906,1.844146966934204,-0.170624777674675,0.0005177567945793271,0.6413300633430481,0.4902117848396301,2.327359105436244e-08,0.6556738018989563,0.45279058814048767,-0.0002501832495909184,0.6670607328414917,0.40669670701026917,-0.003593046683818102,0.6777292490005493,0.3662278354167938,-0.006909288000315428,0.6888220906257629,0.3401414155960083,-0.011043623089790344,0.6496715545654297,0.37413355708122253,-0.013030678033828735,0.6475927829742432,0.31718429923057556,-0.02051779255270958,0.6456227898597717,0.28176286816596985,-0.02440612204372883,0.6431810855865479,0.25409257411956787,-0.02709328569471836,0.6359246969223022,0.3804270029067993,-0.015236909501254559,0.6134563088417053,0.3400314450263977,-0.021945038810372353,0.6155707836151123,0.3631289005279541,-0.01875094324350357,0.6232815980911255,0.38308969140052795,-0.015670552849769592,0.6219034790992737,0.3958410620689392,-0.0169376153498888,0.6009032726287842,0.3716289699077606,-0.0229289922863245,0.6052706837654114,0.38957685232162476,-0.016379183158278465,0.6135540008544922,0.4039527475833893,-0.011125852353870869,0.6092026233673096,0.41411682963371277,-0.01841871626675129,0.5942934155464172,0.39233529567718506,-0.021411871537566185,0.5985183715820312,0.4070962369441986,-0.015857094898819923,0.605487048625946,0.41857975721359253,-0.011000605300068855,0.0,0.0,0.0,0.0,0.0,0.0,0.0,0.0,0.0,0.0,0.0,0.0,0.0,0.0,0.0,0.0,0.0,0.0,0.0,0.0,0.0,0.0,0.0,0.0,0.0,0.0,0.0,0.0,0.0,0.0,0.0,0.0,0.0,0.0,0.0,0.0,0.0,0.0,0.0,0.0,0.0,0.0,0.0,0.0,0.0,0.0,0.0,0.0,0.0,0.0,0.0,0.0,0.0,0.0,0.0,0.0,0.0,0.0,0.0,0.0,0.0,0.0,0.0
0.506305456161499,0.23809410631656647,-0.43379512429237366,0.9998711943626404,0.5200280547142029,0.20634624361991882,-0.3938640356063843,0.9997619986534119,0.5290901064872742,0.20704500377178192,-0.39400193095207214,0.9997710585594177,0.5366774797439575,0.20765608549118042,-0.393733948469162,0.9997398853302002,0.49379026889801025,0.20598982274532318,-0.4006022810935974,0.9997296929359436,0.48338380455970764,0.2056940793991089,-0.4004875421524048,0.9997750520706177,0.4746972322463989,0.20582197606563568,-0.40084874629974365,0.999748170375824,0.5476595163345337,0.2319076955318451,-0.17439080774784088,0.9996820688247681,0.4646401107311249,0.23364080488681793,-0.1984468549489975,0.9996519684791565,0.5213757157325745,0.28625917434692383,-0.3570399582386017,0.999842643737793,0.48887112736701965,0.2845913767814636,-0.3654533624649048,0.9997603893280029,0.6029939651489258,0.469400018453598,-0.09634830802679062,0.9994382262229919,0.41001027822494507,0.483113557100296,-0.07944165915250778,0.9991539120674133,0.6273205280303955,0.7442520260810852,-0.4418796896934509,0.9646412134170532,0.39138779044151306,0.7814165353775024,0.022738443687558174,0.9541784524917603,0.6357471942901611,0.5223456621170044,-1.0161375999450684,0.9357226490974426,0.37974151968955994,0.9896349906921387,-0.03361355885863304,0.9066149592399597,0.6401999592781067,0.44637131690979004,-1.1168361902236938,0.9160444140434265,0.37135010957717896,1.0793819427490234,-0.04579240083694458,0.8590413928031921,0.6414284110069275,0.4165361821651459,-1.0919338464736938,0.9272252917289734,0.3747519254684448,1.075014591217041,-0.10373197495937347,0.8755224943161011,0.6346445679664612,0.4439226984977722,-1.0221773386001587,0.9327221512794495,0.3832821846008301,1.043967366218567,-0.05702812597155571,0.8922283053398132,0.575362503528595,0.9757633805274963,-0.012540707364678383,0.6291186213493347,0.45196428894996643,0.9745159149169922,0.014116779901087284,0.5561221241950989,0.578264594078064,1.3826481103897095,-0.010762772522866726,0.003617410082370043,0.4436633288860321,1.3683661222457886,-0.04875519499182701,0.0036495644599199295,0.5695034861564636,1.7359166145324707,0.2483184039592743,0.00021696234762202948,0.4374544024467468,1.7316360473632812,0.1280849426984787,0.00023056646750774235,0.5742793679237366,1.7829340696334839,0.257241427898407,0.00012766751751769334,0.43132099509239197,1.7820097208023071,0.13597561419010162,0.0003389615740161389,0.5446485877037048,1.8548235893249512,-0.023600909858942032,0.00021477165864780545,0.46220752596855164,1.8407548666000366,-0.16655802726745605,0.0005670540849678218,0.6407820582389832,0.4894368648529053,2.285520928069218e-08,0.6551690697669983,0.4517822861671448,-0.0008324760128743947,0.6666527390480042,0.40589019656181335,-0.004600197542458773,0.6776179075241089,0.36621972918510437,-0.008282782509922981,0.6884654760360718,0.34020450711250305,-0.012783721089363098,0.6489790081977844,0.37316590547561646,-0.01422733161598444,0.646907389163971,0.3165113925933838,-0.02249719202518463,0.6452059149742126,0.2806178629398346,-0.0271467175334692,0.6426629424095154,0.2523230016231537,-0.03041917085647583,0.635531485080719,0.37991368770599365,-0.016481973230838776,0.6127158403396606,0.34002068638801575,-0.02374568209052086,0.615131139755249,0.36330780386924744,-0.020728539675474167,0.6229270100593567,0.3831092119216919,-0.017936524003744125,0.6216643452644348,0.39578092098236084,-0.01831352524459362,0.6001700162887573,0.3700947165489197,-0.024984119459986687,0.6046885251998901,0.38802382349967957,-0.018357519060373306,0.6130456328392029,0.4027164876461029,-0.013072862289845943,0.6091388463973999,0.4146541953086853,-0.01998143084347248,0.5935349464416504,0.3911101818084717,-0.023784702643752098,0.5978792309761047,0.40565237402915955,-0.01834915205836296,0.6050447821617126,0.4176543354988098,-0.013564804568886757,0.0,0.0,0.0,0.0,0.0,0.0,0.0,0.0,0.0,0.0,0.0,0.0,0.0,0.0,0.0,0.0,0.0,0.0,0.0,0.0,0.0,0.0,0.0,0.0,0.0,0.0,0.0,0.0,0.0,0.0,0.0,0.0,0.0,0.0,0.0,0.0,0.0,0.0,0.0,0.0,0.0,0.0,0.0,0.0,0.0,0.0,0.0,0.0,0.0,0.0,0.0,0.0,0.0,0.0,0.0,0.0,0.0,0.0,0.0,0.0,0.0,0.0,0.0
0.5071185231208801,0.23809868097305298,-0.42340224981307983,0.9998716711997986,0.5205171704292297,0.20631834864616394,-0.3833921253681183,0.9997647404670715,0.5296910405158997,0.20696385204792023,-0.3835360109806061,0.9997734427452087,0.5371187329292297,0.2074555903673172,-0.3832429349422455,0.9997434616088867,0.493999183177948,0.205840066075325,-0.3918388783931732,0.9997318983078003,0.48351725935935974,0.20561204850673676,-0.39172422885894775,0.9997757077217102,0.4747653007507324,0.20579341053962708,-0.39209190011024475,0.9997491836547852,0.547620952129364,0.23115317523479462,-0.16505011916160583,0.9996857047080994,0.4646286368370056,0.23347988724708557,-0.1974024623632431,0.9996540546417236,0.5221981406211853,0.28620657324790955,-0.3468955457210541,0.999843180179596,0.4897533357143402,0.2848069965839386,-0.3576846420764923,0.9997612833976746,0.6033523678779602,0.46912628412246704,-0.09023681282997131,0.9994395971298218,0.4101913571357727,0.48330071568489075,-0.08200089633464813,0.9991393089294434,0.6266353726387024,0.7453414797782898,-0.4333331286907196,0.9641936421394348,0.39028915762901306,0.7826851010322571,0.010278693400323391,0.9536126255989075,0.6357803344726562,0.5244823098182678,-1.0124647617340088,0.9361546039581299,0.37880364060401917,0.9893475770950317,-0.05235098674893379,0.9051522612571716,0.6404651999473572,0.44833454489707947,-1.1147370338439941,0.9170839786529541,0.3707180321216583,1.0794081687927246,-0.06698587536811829,0.8573794960975647,0.6413814425468445,0.4179690182209015,-1.0911589860916138,0.9282848238945007,0.373942494392395,1.0738239288330078,-0.1246258094906807,0.8741199970245361,0.6345217823982239,0.44553646445274353,-1.0193051099777222,0.933525562286377,0.38243433833122253,1.042576789855957,-0.07595916092395782,0.8907313346862793,0.5744280219078064,0.9760172367095947,-0.010570156387984753,0.6322205662727356,0.45175430178642273,0.9743784666061401,0.012162165716290474,0.5580742359161377,0.5775219798088074,1.3828191757202148,-0.009964638389647007,0.003857724368572235,0.4433128237724304,1.3687999248504639,-0.0526927188038826,0.003892851760610938,0.5692210793495178,1.7361739873886108,0.25257211923599243,0.00022470274416264147,0.4373655617237091,1.7315603494644165,0.13057540357112885,0.0002444277342874557,0.5740357041358948,1.7831141948699951,0.26147061586380005,0.00013261317508295178,0.43150293827056885,1.7818810939788818,0.13893479108810425,0.0003614048764575273,0.5444997549057007,1.8549052476882935,-0.019351772964000702,0.00022748303308617324,0.46131765842437744,1.8420456647872925,-0.16684015095233917,0.00060909433523193,0.6407859325408936,0.4906246066093445,1.9422012442760206e-08,0.6551856994628906,0.45200660824775696,-0.0004623334389179945,0.6665456891059875,0.40611523389816284,-0.003834574483335018,0.6776168942451477,0.36587846279144287,-0.00715277437120676,0.6881563663482666,0.33935031294822693,-0.011263107880949974,0.6486170291900635,0.37256544828414917,-0.01316717080771923,0.64671790599823,0.3160207271575928,-0.02075393684208393,0.6451307535171509,0.2806125581264496,-0.024898871779441833,0.6430134177207947,0.2525210976600647,-0.027860017493367195,0.634966254234314,0.37881091237068176,-0.015346774831414223,0.6119569540023804,0.3386904001235962,-0.02212473191320896,0.613817036151886,0.36164817214012146,-0.019095702096819878,0.6212717294692993,0.3812575042247772,-0.01626766473054886,0.6210147738456726,0.3943052589893341,-0.017053214833140373,0.5998018383979797,0.37014222145080566,-0.023155594244599342,0.6040951013565063,0.3880402743816376,-0.016734547913074493,0.6121994256973267,0.40229061245918274,-0.011615988798439503,0.6085286140441895,0.41268444061279297,-0.018582025542855263,0.5931236147880554,0.3905620574951172,-0.02194712869822979,0.5973355770111084,0.405069500207901,-0.01667255163192749,0.604449450969696,0.41652771830558777,-0.011982657015323639,0.0,0.0,0.0,0.0,0.0,0.0,0.0,0.0,0.0,0.0,0.0,0.0,0.0,0.0,0.0,0.0,0.0,0.0,0.0,0.0,0.0,0.0,0.0,0.0,0.0,0.0,0.0,0.0,0.0,0.0,0.0,0.0,0.0,0.0,0.0,0.0,0.0,0.0,0.0,0.0,0.0,0.0,0.0,0.0,0.0,0.0,0.0,0.0,0.0,0.0,0.0,0.0,0.0,0.0,0.0,0.0,0.0,0.0,0.0,0.0,0.0,0.0,0.0
0.5065997242927551,0.23810331523418427,-0.4242793321609497,0.999872088432312,0.5201072692871094,0.20629501342773438,-0.3841760456562042,0.9997668266296387,0.529258131980896,0.20694072544574738,-0.3843109905719757,0.9997755885124207,0.536829948425293,0.2073972523212433,-0.3840062916278839,0.9997461438179016,0.49344417452812195,0.20563742518424988,-0.39129698276519775,0.9997336268424988,0.48299935460090637,0.20546051859855652,-0.39118024706840515,0.9997767210006714,0.47437044978141785,0.2057061791419983,-0.3915520906448364,0.9997500777244568,0.5474554300308228,0.23096182942390442,-0.16577234864234924,0.9996882677078247,0.4644864797592163,0.23347213864326477,-0.19404563307762146,0.999656617641449,0.5218428373336792,0.2861673831939697,-0.348105251789093,0.9998435378074646,0.4892282485961914,0.28497087955474854,-0.3570619523525238,0.9997622966766357,0.6035457253456116,0.4708670377731323,-0.08957383781671524,0.9994404911994934,0.4104312062263489,0.48509109020233154,-0.07786495238542557,0.9991303086280823,0.6263337731361389,0.7459068298339844,-0.44717758893966675,0.9638783931732178,0.3890224099159241,0.7859807014465332,0.008112397976219654,0.953490138053894,0.6348668336868286,0.5225760340690613,-1.0350855588912964,0.9363646507263184,0.3782011866569519,0.9908838272094727,-0.06469134986400604,0.905598521232605,0.6392175555229187,0.4457400441169739,-1.1378438472747803,0.9176152348518372,0.3703572452068329,1.0814963579177856,-0.07973222434520721,0.8579990863800049,0.6398301720619202,0.4156636893749237,-1.1120434999465942,0.9287991523742676,0.37389734387397766,1.0749821662902832,-0.13724534213542938,0.8748548030853271,0.6327299475669861,0.44345715641975403,-1.0411649942398071,0.9339383840560913,0.382138729095459,1.0438528060913086,-0.0884716659784317,0.89142906665802,0.5745537877082825,0.9759075045585632,-0.011022616177797318,0.6329148411750793,0.4512329399585724,0.9741957187652588,0.012673309072852135,0.5568623542785645,0.5778425931930542,1.3868775367736816,-0.007915291003882885,0.0039401487447321415,0.4431139826774597,1.3713030815124512,-0.03995318338274956,0.00396026810631156,0.5693073272705078,1.7396305799484253,0.2561998963356018,0.00022819922014605254,0.4376836121082306,1.732143521308899,0.13906130194664001,0.0002465325815137476,0.5741480588912964,1.7867188453674316,0.2652587294578552,0.00013356666022446007,0.43182578682899475,1.7826263904571533,0.14751788973808289,0.00036171131068840623,0.5447253584861755,1.8596384525299072,-0.01628204621374607,0.00022915989393368363,0.4619210958480835,1.846556544303894,-0.1574651449918747,0.0006122278864495456,0.6412301063537598,0.49008890986442566,3.128021930365321e-08,0.6558393836021423,0.45258229970932007,-0.00026089343009516597,0.6669985055923462,0.4057702422142029,-0.0035695491824299097,0.677492618560791,0.3649198114871979,-0.0067867496982216835,0.6885260343551636,0.33881914615631104,-0.01086500845849514,0.6494588255882263,0.37323179841041565,-0.013229317963123322,0.6471414566040039,0.316101610660553,-0.020627129822969437,0.6451026201248169,0.28018486499786377,-0.02469296008348465,0.6426622867584229,0.2518824338912964,-0.027586555108428,0.6353480815887451,0.37929224967956543,-0.015446463599801064,0.6129970550537109,0.3377145826816559,-0.02176261879503727,0.6153445839881897,0.3610667884349823,-0.01854301616549492,0.6230742335319519,0.3814198076725006,-0.015507820062339306,0.6211843490600586,0.3946314752101898,-0.017119692638516426,0.6002999544143677,0.36878567934036255,-0.022971825674176216,0.6049888730049133,0.38718292117118835,-0.016424907371401787,0.613577127456665,0.40210455656051636,-0.011199667118489742,0.6084015369415283,0.41318535804748535,-0.018532436341047287,0.5933423042297363,0.39006441831588745,-0.02169063128530979,0.5980962514877319,0.40546318888664246,-0.0160863995552063,0.6055388450622559,0.4178183376789093,-0.011180002242326736,0.0,0.0,0.0,0.0,0.0,0.0,0.0,0.0,0.0,0.0,0.0,0.0,0.0,0.0,0.0,0.0,0.0,0.0,0.0,0.0,0.0,0.0,0.0,0.0,0.0,0.0,0.0,0.0,0.0,0.0,0.0,0.0,0.0,0.0,0.0,0.0,0.0,0.0,0.0,0.0,0.0,0.0,0.0,0.0,0.0,0.0,0.0,0.0,0.0,0.0,0.0,0.0,0.0,0.0,0.0,0.0,0.0,0.0,0.0,0.0,0.0,0.0,0.0
0.5068753361701965,0.23810504376888275,-0.4294724464416504,0.9998708963394165,0.5200769901275635,0.2063160091638565,-0.38928160071372986,0.9997645616531372,0.5291922688484192,0.20695365965366364,-0.38941285014152527,0.9997742772102356,0.5368039608001709,0.20739418268203735,-0.3890925347805023,0.9997429847717285,0.4936278760433197,0.20564638078212738,-0.39763143658638,0.9997321367263794,0.48315128684043884,0.20547832548618317,-0.39751195907592773,0.9997763633728027,0.47453150153160095,0.205832377076149,-0.39788705110549927,0.9997478723526001,0.5476791262626648,0.23110927641391754,-0.17055927217006683,0.9996843338012695,0.4644274115562439,0.23444554209709167,-0.20122361183166504,0.9996601939201355,0.522267758846283,0.28611263632774353,-0.3532939851284027,0.9998420476913452,0.48960116505622864,0.2851564884185791,-0.3637200891971588,0.9997619390487671,0.6036326289176941,0.4723348915576935,-0.09053662419319153,0.999431312084198,0.4102824926376343,0.4876934587955475,-0.09248770773410797,0.9991096258163452,0.6253443360328674,0.7487712502479553,-0.4498753845691681,0.9636777639389038,0.38848140835762024,0.79057377576828,-0.010603404603898525,0.951770544052124,0.6346756815910339,0.5239428877830505,-1.0335568189620972,0.9356024861335754,0.37919044494628906,0.9974725842475891,-0.08136366307735443,0.9009336233139038,0.6390553712844849,0.44623416662216187,-1.1354559659957886,0.9167687892913818,0.3710719347000122,1.088107705116272,-0.09678948670625687,0.852861225605011,0.6404492259025574,0.41577887535095215,-1.109459638595581,0.927888810634613,0.37456026673316956,1.082871675491333,-0.15374460816383362,0.870306670665741,0.6333091855049133,0.4443419873714447,-1.0395772457122803,0.9333683252334595,0.38285860419273376,1.0517419576644897,-0.10501963645219803,0.8872607350349426,0.5745455622673035,0.9761431813240051,-0.009377618320286274,0.6312159299850464,0.4508763253688812,0.9746802449226379,0.010989668779075146,0.5527511835098267,0.5770695209503174,1.3889153003692627,0.0025149646680802107,0.004012003540992737,0.44224098324775696,1.3729496002197266,-0.03576655685901642,0.003994963131844997,0.5684306025505066,1.7404452562332153,0.2781743109226227,0.0002335033641429618,0.43686962127685547,1.7324525117874146,0.1584348976612091,0.00025205512065440416,0.5733407139778137,1.787138819694519,0.288178414106369,0.0001362537732347846,0.4311237931251526,1.7825220823287964,0.16785988211631775,0.0003710199089255184,0.5436838269233704,1.8610800504684448,0.0008073292556218803,0.00023559526016470045,0.4607374370098114,1.8492519855499268,-0.14099304378032684,0.0006294834311120212,0.6407963633537292,0.4900722801685333,2.1621534784799223e-08,0.6552026867866516,0.45351719856262207,-0.0009905773913487792,0.6669056415557861,0.4067418873310089,-0.004455687943845987,0.6778422594070435,0.36677077412605286,-0.00798812322318554,0.6889727115631104,0.3406451940536499,-0.012290086597204208,0.6491660475730896,0.3722703158855438,-0.01302307564765215,0.6467109322547913,0.3150610327720642,-0.020516743883490562,0.6449990272521973,0.2793315351009369,-0.024410294368863106,0.6424767971038818,0.2512845993041992,-0.0271767470985651,0.6353710889816284,0.3791165351867676,-0.01524682529270649,0.613039493560791,0.34031251072883606,-0.023018108680844307,0.6156147122383118,0.3642645478248596,-0.02044137753546238,0.6235447525978088,0.3843429684638977,-0.017650926485657692,0.6213201284408569,0.394784539937973,-0.01706663705408573,0.6000360250473022,0.36951306462287903,-0.02407885156571865,0.6043184995651245,0.38777637481689453,-0.017770441249012947,0.6126794219017029,0.40256839990615845,-0.012463406659662724,0.6085588335990906,0.4134256839752197,-0.01876267045736313,0.5935209393501282,0.39040589332580566,-0.022564133629202843,0.597439169883728,0.4047815501689911,-0.017300957813858986,0.6044583916664124,0.41673189401626587,-0.012511705979704857,0.0,0.0,0.0,0.0,0.0,0.0,0.0,0.0,0.0,0.0,0.0,0.0,0.0,0.0,0.0,0.0,0.0,0.0,0.0,0.0,0.0,0.0,0.0,0.0,0.0,0.0,0.0,0.0,0.0,0.0,0.0,0.0,0.0,0.0,0.0,0.0,0.0,0.0,0.0,0.0,0.0,0.0,0.0,0.0,0.0,0.0,0.0,0.0,0.0,0.0,0.0,0.0,0.0,0.0,0.0,0.0,0.0,0.0,0.0,0.0,0.0,0.0,0.0
0.5065886974334717,0.23813708126544952,-0.45050379633903503,0.9998666048049927,0.5198352336883545,0.20645610988140106,-0.40984341502189636,0.9997557401657104,0.5288323163986206,0.20703284442424774,-0.4099551737308502,0.9997655749320984,0.5364964604377747,0.20740115642547607,-0.40966564416885376,0.9997325539588928,0.49337974190711975,0.20576274394989014,-0.4129135310649872,0.9997238516807556,0.48298293352127075,0.20562349259853363,-0.4127972722053528,0.9997707009315491,0.47435230016708374,0.20611129701137543,-0.41312357783317566,0.9997428059577942,0.5470950603485107,0.23090334236621857,-0.1870124191045761,0.9996738433837891,0.4641885757446289,0.23548249900341034,-0.20038937032222748,0.9996469616889954,0.5219563841819763,0.2860621213912964,-0.3737035095691681,0.9998367428779602,0.4893568754196167,0.28540104627609253,-0.37680280208587646,0.9997531175613403,0.6033477187156677,0.47252747416496277,-0.10089341551065445,0.9994238018989563,0.4100266098976135,0.4872550070285797,-0.0729869157075882,0.9991140961647034,0.6256521344184875,0.7485730051994324,-0.45467182993888855,0.9639804363250732,0.38709157705307007,0.7892817854881287,0.01184339914470911,0.9527521729469299,0.6346370577812195,0.5241267085075378,-1.035202145576477,0.9354026913642883,0.3785719871520996,0.9951358437538147,-0.08541455864906311,0.9053658246994019,0.6392000913619995,0.44553616642951965,-1.138043761253357,0.9165099263191223,0.37113234400749207,1.0866364240646362,-0.10377255082130432,0.8592550754547119,0.6404056549072266,0.4147486984729767,-1.1134459972381592,0.9275862574577332,0.37669065594673157,1.0769939422607422,-0.1581622213125229,0.8761823177337646,0.6330404281616211,0.443640798330307,-1.0410441160202026,0.9333561062812805,0.3845328092575073,1.0450952053070068,-0.10857655107975006,0.8927421569824219,0.5731737613677979,0.9759619832038879,-0.015743313357234,0.633304238319397,0.4506652057170868,0.9741320610046387,0.01753578521311283,0.5539588928222656,0.5772685408592224,1.391664743423462,0.014410948380827904,0.003807082073763013,0.44051170349121094,1.3790600299835205,-0.008510319516062737,0.0037906246725469828,0.5691900849342346,1.7432359457015991,0.3069041073322296,0.0002259929315187037,0.43699824810028076,1.735217571258545,0.20123903453350067,0.00023824766685720533,0.5742897391319275,1.7904893159866333,0.31934642791748047,0.00013083856902085245,0.43173226714134216,1.7845373153686523,0.21287383139133453,0.00034416301059536636,0.5441942811012268,1.8644802570343018,0.03563867509365082,0.00022297014947980642,0.46193933486938477,1.8562500476837158,-0.09335441887378693,0.000589294359087944,0.6410605311393738,0.49059370160102844,1.9563200837069417e-08,0.6552162766456604,0.4522193968296051,-0.0003727949224412441,0.6667702794075012,0.40511515736579895,-0.0035767124500125647,0.6777258515357971,0.36535805463790894,-0.006801925599575043,0.688297688961029,0.3396153151988983,-0.010845585726201534,0.6488878726959229,0.3724994659423828,-0.013076535426080227,0.6470184326171875,0.3159531056880951,-0.020762063562870026,0.645704448223114,0.28028160333633423,-0.02489878423511982,0.6436630487442017,0.2520359754562378,-0.027820710092782974,0.6356199383735657,0.37932896614074707,-0.015506274998188019,0.6127023696899414,0.33849501609802246,-0.022653479129076004,0.615130603313446,0.36189913749694824,-0.01978413388133049,0.6229740381240845,0.38196754455566406,-0.016957713291049004,0.6219573020935059,0.3951338231563568,-0.01746641844511032,0.6002451777458191,0.3693688213825226,-0.02415190264582634,0.6049365997314453,0.38762298226356506,-0.017844373360276222,0.6133678555488586,0.4022755026817322,-0.012633699923753738,0.6095333099365234,0.4139900505542755,-0.01920834369957447,0.5936064124107361,0.39034485816955566,-0.022956743836402893,0.5982076525688171,0.40487751364707947,-0.01764586754143238,0.605583906173706,0.4168759286403656,-0.012878106907010078,0.0,0.0,0.0,0.0,0.0,0.0,0.0,0.0,0.0,0.0,0.0,0.0,0.0,0.0,0.0,0.0,0.0,0.0,0.0,0.0,0.0,0.0,0.0,0.0,0.0,0.0,0.0,0.0,0.0,0.0,0.0,0.0,0.0,0.0,0.0,0.0,0.0,0.0,0.0,0.0,0.0,0.0,0.0,0.0,0.0,0.0,0.0,0.0,0.0,0.0,0.0,0.0,0.0,0.0,0.0,0.0,0.0,0.0,0.0,0.0,0.0,0.0,0.0
0.5069711804389954,0.23818837106227875,-0.42534875869750977,0.9998666644096375,0.5200992822647095,0.20659352838993073,-0.3849540650844574,0.9997549653053284,0.5292120575904846,0.2072017937898636,-0.38507381081581116,0.999765157699585,0.5367382764816284,0.2075812965631485,-0.38475626707077026,0.9997308850288391,0.49375244975090027,0.20580409467220306,-0.39248859882354736,0.9997236132621765,0.4833129346370697,0.2057286947965622,-0.39235323667526245,0.9997705221176147,0.47467032074928284,0.20633819699287415,-0.3927261233329773,0.9997419714927673,0.547184944152832,0.23122622072696686,-0.16691099107265472,0.9996716380119324,0.4642018973827362,0.2358068823814392,-0.1968822479248047,0.9996508955955505,0.5221653580665588,0.2860501706600189,-0.34970027208328247,0.9998364448547363,0.48957559466362,0.2856696844100952,-0.35923147201538086,0.9997552633285522,0.6020547151565552,0.4735856056213379,-0.09549508988857269,0.9994122385978699,0.4094142019748688,0.48700669407844543,-0.08304617553949356,0.9991081953048706,0.6236628890037537,0.7485485076904297,-0.44229575991630554,0.9638892412185669,0.38740113377571106,0.7894750237464905,-0.01776919700205326,0.953898012638092,0.6353431940078735,0.5233051776885986,-1.0178821086883545,0.935198962688446,0.3782840967178345,0.9979308247566223,-0.11224518716335297,0.9077182412147522,0.6393367648124695,0.4453350007534027,-1.11921226978302,0.9161791801452637,0.3707998991012573,1.089601755142212,-0.1305825114250183,0.8621914982795715,0.6413230895996094,0.4149111807346344,-1.092668890953064,0.9271107912063599,0.37538033723831177,1.0817633867263794,-0.18667291104793549,0.8788520097732544,0.6343133449554443,0.445221871137619,-1.023363471031189,0.9331727027893066,0.3834379315376282,1.0501158237457275,-0.1361684650182724,0.8954188227653503,0.5736364722251892,0.978195309638977,-0.012081899680197239,0.6383116245269775,0.4498274624347687,0.9757446050643921,0.013729795813560486,0.55912184715271,0.5784775614738464,1.39314603805542,0.016189778223633766,0.00376778282225132,0.4410799741744995,1.380201816558838,-0.010224885307252407,0.0037661888636648655,0.5707496404647827,1.7454437017440796,0.30122673511505127,0.00022432590776588768,0.43744152784347534,1.73643958568573,0.18430061638355255,0.0002351575531065464,0.5757823586463928,1.7929208278656006,0.31332653760910034,0.00012896147381979972,0.4318262040615082,1.7861181497573853,0.1945517659187317,0.0003340333641972393,0.5465956926345825,1.8659305572509766,0.03595850244164467,0.00021737031056545675,0.4628065526485443,1.8559294939041138,-0.11110769212245941,0.0005686439690180123,0.6414712071418762,0.4920140206813812,2.4849191149201033e-08,0.6554684042930603,0.4543105363845825,-0.0007996546919457614,0.666945219039917,0.405807763338089,-0.004147330764681101,0.6782169938087463,0.36555808782577515,-0.007528110407292843,0.6895595788955688,0.33962059020996094,-0.011674920096993446,0.6498996019363403,0.37213271856307983,-0.012706467881798744,0.6475673317909241,0.31566381454467773,-0.020404666662216187,0.6459404826164246,0.279835969209671,-0.024769337847828865,0.643599808216095,0.2511981129646301,-0.027977794408798218,0.636585533618927,0.3788868188858032,-0.01506931520998478,0.6128897070884705,0.3392694592475891,-0.022937998175621033,0.6155617237091064,0.3637065291404724,-0.020600326359272003,0.6238798499107361,0.3838077783584595,-0.01793294958770275,0.6226922869682312,0.3944494426250458,-0.017017627134919167,0.6001641154289246,0.36906641721725464,-0.02395910583436489,0.6048091650009155,0.3877647817134857,-0.017646443098783493,0.6136520504951477,0.4026440382003784,-0.012336170300841331,0.6099172830581665,0.413189172744751,-0.0188528373837471,0.5939366221427917,0.39066722989082336,-0.02282380871474743,0.5980608463287354,0.40550750494003296,-0.017663076519966125,0.6054955124855042,0.4174223244190216,-0.012898972257971764,0.0,0.0,0.0,0.0,0.0,0.0,0.0,0.0,0.0,0.0,0.0,0.0,0.0,0.0,0.0,0.0,0.0,0.0,0.0,0.0,0.0,0.0,0.0,0.0,0.0,0.0,0.0,0.0,0.0,0.0,0.0,0.0,0.0,0.0,0.0,0.0,0.0,0.0,0.0,0.0,0.0,0.0,0.0,0.0,0.0,0.0,0.0,0.0,0.0,0.0,0.0,0.0,0.0,0.0,0.0,0.0,0.0,0.0,0.0,0.0,0.0,0.0,0.0
0.5071304440498352,0.2381884604692459,-0.41598793864250183,0.9998658895492554,0.520163893699646,0.2066478729248047,-0.3759617507457733,0.9997531175613403,0.529243528842926,0.20725779235363007,-0.37608686089515686,0.9997642040252686,0.5367276072502136,0.20765826106071472,-0.3757701814174652,0.9997268319129944,0.49410200119018555,0.2058497667312622,-0.3860544264316559,0.9997239708900452,0.4836874008178711,0.20588301122188568,-0.3859187960624695,0.9997722506523132,0.4750403165817261,0.20661240816116333,-0.38630029559135437,0.9997426271438599,0.5470743179321289,0.231492817401886,-0.15914802253246307,0.9996678829193115,0.464487761259079,0.2360125184059143,-0.2010490596294403,0.9996595978736877,0.5222070217132568,0.2859702706336975,-0.3403138220310211,0.9998340606689453,0.4897741377353668,0.28570401668548584,-0.3532681465148926,0.9997565746307373,0.6015190482139587,0.47274765372276306,-0.08709397912025452,0.9993636012077332,0.4093586206436157,0.48737815022468567,-0.09742084890604019,0.9990848898887634,0.6229246854782104,0.7468143105506897,-0.4311460852622986,0.9622215628623962,0.389591246843338,0.7879262566566467,-0.03812171891331673,0.9540300369262695,0.6355803608894348,0.5264649391174316,-1.0058958530426025,0.9332807660102844,0.37875640392303467,0.9976788759231567,-0.1263669729232788,0.9075493216514587,0.6396052241325378,0.4511534869670868,-1.1073987483978271,0.9146549105644226,0.3710835576057434,1.0894718170166016,-0.14591866731643677,0.8618885278701782,0.6420584321022034,0.42020395398139954,-1.0823709964752197,0.9255825281143188,0.37537893652915955,1.0829675197601318,-0.20145158469676971,0.8785666823387146,0.635542631149292,0.44944480061531067,-1.0121819972991943,0.9320405125617981,0.3835870325565338,1.0512995719909668,-0.1500159054994583,0.8951878547668457,0.5754583477973938,0.9781185388565063,-0.005369789898395538,0.6424623727798462,0.4504987299442291,0.9765775203704834,0.006919535808265209,0.5636914372444153,0.5785907506942749,1.3907909393310547,0.011975479312241077,0.003854652401059866,0.44237470626831055,1.379178762435913,-0.027387263253331184,0.0038274198304861784,0.5716264843940735,1.743836522102356,0.28797647356987,0.00022765729227103293,0.4383407235145569,1.7365540266036987,0.16099685430526733,0.00024115960695780814,0.5765517950057983,1.7909471988677979,0.2988230586051941,0.00013126702106092125,0.432526558637619,1.786283254623413,0.1701357662677765,0.0003378584224265069,0.5478382110595703,1.8635237216949463,0.017871016636490822,0.00022223626729100943,0.4631347060203552,1.853891372680664,-0.13348503410816193,0.0005773005541414022,0.641446053981781,0.49067816138267517,2.1796537907903257e-08,0.6557274460792542,0.4525279998779297,-0.0006621836218982935,0.6673004031181335,0.40515950322151184,-0.004008996766060591,0.6785675287246704,0.3652889132499695,-0.00733991852030158,0.6895028352737427,0.3398873209953308,-0.011447369121015072,0.6498923301696777,0.3724979758262634,-0.01337880827486515,0.648111879825592,0.3159140646457672,-0.021140621975064278,0.6467236876487732,0.2802557945251465,-0.02524193748831749,0.6446889042854309,0.25193673372268677,-0.028142837807536125,0.6363219618797302,0.37901201844215393,-0.015769900754094124,0.6135722398757935,0.3382767140865326,-0.023359548300504684,0.6159176826477051,0.36139950156211853,-0.020718475803732872,0.6237037181854248,0.3817668557167053,-0.017922820523381233,0.6223573684692383,0.3943023085594177,-0.017698192968964577,0.6007333993911743,0.36942532658576965,-0.02456599846482277,0.6053653955459595,0.3873971998691559,-0.018418125808238983,0.6137900352478027,0.4020194709300995,-0.013273942284286022,0.609639585018158,0.41242170333862305,-0.01945268176496029,0.5938582420349121,0.3903260827064514,-0.02315507084131241,0.5984340906143188,0.4049724042415619,-0.017954733222723007,0.6058295965194702,0.4167100787162781,-0.01327892579138279,0.0,0.0,0.0,0.0,0.0,0.0,0.0,0.0,0.0,0.0,0.0,0.0,0.0,0.0,0.0,0.0,0.0,0.0,0.0,0.0,0.0,0.0,0.0,0.0,0.0,0.0,0.0,0.0,0.0,0.0,0.0,0.0,0.0,0.0,0.0,0.0,0.0,0.0,0.0,0.0,0.0,0.0,0.0,0.0,0.0,0.0,0.0,0.0,0.0,0.0,0.0,0.0,0.0,0.0,0.0,0.0,0.0,0.0,0.0,0.0,0.0,0.0,0.0
0.5075792670249939,0.23821835219860077,-0.43284377455711365,0.999862790107727,0.5207327008247375,0.20677466690540314,-0.3924609422683716,0.9997479319572449,0.5298689603805542,0.20742523670196533,-0.3925846517086029,0.9997586011886597,0.5371788144111633,0.2078978270292282,-0.39229199290275574,0.999718964099884,0.4946824908256531,0.20591232180595398,-0.401519775390625,0.999720573425293,0.4843284487724304,0.20592078566551208,-0.4013938903808594,0.9997711777687073,0.47554531693458557,0.20669706165790558,-0.40175679326057434,0.999741792678833,0.5476484298706055,0.2318781465291977,-0.17036183178424835,0.9996591806411743,0.4647924304008484,0.23591703176498413,-0.20651279389858246,0.9996598958969116,0.5225849747657776,0.28598567843437195,-0.35524922609329224,0.9998292326927185,0.49017536640167236,0.2859056293964386,-0.36667925119400024,0.9997522830963135,0.6012122631072998,0.4722746014595032,-0.08688148856163025,0.9993303418159485,0.4092501103878021,0.48652195930480957,-0.09736279398202896,0.999075174331665,0.6228051781654358,0.746745765209198,-0.4258062541484833,0.9610264897346497,0.3887522518634796,0.7864956855773926,-0.025702888146042824,0.9554097652435303,0.6360042691230774,0.5279175639152527,-0.9998273253440857,0.9320143461227417,0.37876129150390625,0.9955077171325684,-0.10910338908433914,0.9109067916870117,0.6403707265853882,0.45250266790390015,-1.1019937992095947,0.9135550260543823,0.37061402201652527,1.0876386165618896,-0.1267537772655487,0.8660033941268921,0.6431459188461304,0.42151084542274475,-1.0778974294662476,0.9244950413703918,0.37519046664237976,1.0807058811187744,-0.1832464337348938,0.8820518255233765,0.6364614963531494,0.45057472586631775,-1.0063203573226929,0.9311753511428833,0.38368046283721924,1.0487940311431885,-0.1325041651725769,0.8983402848243713,0.5750418305397034,0.9778240323066711,-0.007073055021464825,0.6437588334083557,0.4509805738925934,0.9766542911529541,0.008698916994035244,0.5655508041381836,0.5788496136665344,1.3891791105270386,0.009439266286790371,0.0038647744804620743,0.44265133142471313,1.3774560689926147,-0.025619445368647575,0.003842288162559271,0.570787787437439,1.7421454191207886,0.28757718205451965,0.0002292358549311757,0.43839848041534424,1.7348238229751587,0.16493955254554749,0.00024385233700741082,0.5756987929344177,1.7891658544540405,0.2982654273509979,0.00013152832980267704,0.43235844373703003,1.7842919826507568,0.1747998744249344,0.00034098353353329003,0.546717643737793,1.8618440628051758,0.01657947152853012,0.00022129484568722546,0.4641091227531433,1.8508663177490234,-0.12859706580638885,0.0005770112038590014,0.6416466236114502,0.4919867217540741,9.830636749086352e-09,0.6560598611831665,0.4528186321258545,-8.8981214503292e-05,0.6673665046691895,0.4055318534374237,-0.00309865758754313,0.6785567402839661,0.3656606376171112,-0.006199073977768421,0.6892892122268677,0.3400496542453766,-0.010168020613491535,0.6501333713531494,0.3722003400325775,-0.012867073528468609,0.6486645340919495,0.31527483463287354,-0.020685233175754547,0.6471132636070251,0.2792952060699463,-0.02494286373257637,0.6451814770698547,0.2506066560745239,-0.028002683073282242,0.6367716193199158,0.37807565927505493,-0.01525807660073042,0.6133625507354736,0.3386695086956024,-0.022422153502702713,0.6149362921714783,0.3616281747817993,-0.01951773650944233,0.6224883198738098,0.38129687309265137,-0.016801908612251282,0.6227193474769592,0.3931352496147156,-0.0171744953840971,0.6005008816719055,0.368799090385437,-0.02357426844537258,0.6045572757720947,0.3872734606266022,-0.017164649441838264,0.6127850413322449,0.40201377868652344,-0.01209017913788557,0.6098988652229309,0.41136008501052856,-0.018914764747023582,0.593786895275116,0.39066576957702637,-0.022535601630806923,0.5979906916618347,0.40564537048339844,-0.017417920753359795,0.6052570939064026,0.417113721370697,-0.012860526330769062,0.0,0.0,0.0,0.0,0.0,0.0,0.0,0.0,0.0,0.0,0.0,0.0,0.0,0.0,0.0,0.0,0.0,0.0,0.0,0.0,0.0,0.0,0.0,0.0,0.0,0.0,0.0,0.0,0.0,0.0,0.0,0.0,0.0,0.0,0.0,0.0,0.0,0.0,0.0,0.0,0.0,0.0,0.0,0.0,0.0,0.0,0.0,0.0,0.0,0.0,0.0,0.0,0.0,0.0,0.0,0.0,0.0,0.0,0.0,0.0,0.0,0.0,0.0
0.5073927640914917,0.23828178644180298,-0.42815688252449036,0.999864935874939,0.5206374526023865,0.20692414045333862,-0.3882744014263153,0.9997514486312866,0.5297974944114685,0.20760226249694824,-0.38838261365890503,0.9997621774673462,0.5372024774551392,0.20812954008579254,-0.38806837797164917,0.9997220039367676,0.4945048391819,0.2059861570596695,-0.39635002613067627,0.9997256994247437,0.4841878116130829,0.20596064627170563,-0.3962019979953766,0.9997764229774475,0.4755135178565979,0.20677077770233154,-0.3965689539909363,0.9997475147247314,0.548008382320404,0.23226778209209442,-0.16985586285591125,0.9996640086174011,0.4648228883743286,0.2359684854745865,-0.20291635394096375,0.9996697902679443,0.5225775837898254,0.2860265076160431,-0.3522033095359802,0.9998317360877991,0.4900929629802704,0.2860601842403412,-0.36254990100860596,0.9997575879096985,0.6014987230300903,0.4728814661502838,-0.08776877820491791,0.9993329048156738,0.4094199538230896,0.4864165186882019,-0.09142787754535675,0.9990969300270081,0.6241976618766785,0.7480208873748779,-0.42416173219680786,0.9607064723968506,0.38807958364486694,0.787445604801178,-0.018059635534882545,0.9563944339752197,0.63649982213974,0.5271902680397034,-0.9942074418067932,0.9311995506286621,0.37836652994155884,0.9982115626335144,-0.10279880464076996,0.9147765636444092,0.6406363248825073,0.452080100774765,-1.095031976699829,0.9127919673919678,0.3700507879257202,1.0904713869094849,-0.12042873352766037,0.8717418909072876,0.6432079672813416,0.4218827486038208,-1.0697791576385498,0.923841655254364,0.37498828768730164,1.0824732780456543,-0.17597897350788116,0.8871816992759705,0.6366007328033447,0.4508334994316101,-1.0002378225326538,0.9307407736778259,0.3835824728012085,1.0504605770111084,-0.12608842551708221,0.9029611349105835,0.5741139054298401,0.9777824282646179,-0.008372907526791096,0.636482834815979,0.4511912763118744,0.9764413237571716,0.010090883821249008,0.5587145090103149,0.5781577229499817,1.3927760124206543,0.009139502421021461,0.0037032586988061666,0.44127020239830017,1.379364252090454,-0.023482562974095345,0.003680415917187929,0.5694898366928101,1.7453275918960571,0.28889864683151245,0.0002226881915703416,0.43703189492225647,1.7356343269348145,0.17561526596546173,0.00023318623425439,0.57436603307724,1.7926712036132812,0.29986652731895447,0.00012697231431957334,0.43116694688796997,1.784880518913269,0.18628759682178497,0.0003208067500963807,0.5455418229103088,1.8649218082427979,0.019536474719643593,0.00021172896958887577,0.46262598037719727,1.8539084196090698,-0.11723032593727112,0.0005460137035697699,0.6414090991020203,0.49230077862739563,4.60902471743907e-09,0.6559045910835266,0.45250043272972107,0.00036836499930359423,0.6672552227973938,0.4051611125469208,-0.00223480979911983,0.6788005828857422,0.36534619331359863,-0.004978636279702187,0.6895484924316406,0.340091735124588,-0.00855387281626463,0.6503456830978394,0.3711266815662384,-0.01229766197502613,0.648876428604126,0.31474727392196655,-0.019553976133465767,0.6475279927253723,0.2790668308734894,-0.023460429161787033,0.6458035707473755,0.25058335065841675,-0.026278957724571228,0.6363762617111206,0.3771979510784149,-0.014724625274538994,0.6136998534202576,0.3372401297092438,-0.02128872089087963,0.615227997303009,0.36008596420288086,-0.018175357952713966,0.6227584481239319,0.380359411239624,-0.015421953983604908,0.6219901442527771,0.3922916650772095,-0.016621343791484833,0.6007221937179565,0.36779651045799255,-0.022587772458791733,0.6045763492584229,0.3861619532108307,-0.016401981934905052,0.6125706434249878,0.40147680044174194,-0.01159381028264761,0.6089792847633362,0.41026437282562256,-0.018287088721990585,0.5937659740447998,0.39010587334632874,-0.021362675353884697,0.5978886485099792,0.4051929712295532,-0.016249142587184906,0.6049901843070984,0.41715943813323975,-0.011830119416117668,0.0,0.0,0.0,0.0,0.0,0.0,0.0,0.0,0.0,0.0,0.0,0.0,0.0,0.0,0.0,0.0,0.0,0.0,0.0,0.0,0.0,0.0,0.0,0.0,0.0,0.0,0.0,0.0,0.0,0.0,0.0,0.0,0.0,0.0,0.0,0.0,0.0,0.0,0.0,0.0,0.0,0.0,0.0,0.0,0.0,0.0,0.0,0.0,0.0,0.0,0.0,0.0,0.0,0.0,0.0,0.0,0.0,0.0,0.0,0.0,0.0,0.0,0.0
