0.485007107257843,0.25615525245666504,-0.7796448469161987,0.9999407529830933,0.5003019571304321,0.22424471378326416,-0.7480396032333374,0.9999245405197144,0.5077674984931946,0.22510594129562378,-0.7479872107505798,0.99989914894104,0.5140320062637329,0.22513717412948608,-0.747884213924408,0.9998798370361328,0.4729297459125519,0.22363907098770142,-0.7500578165054321,0.9999463558197021,0.4639798104763031,0.22342795133590698,-0.750125527381897,0.9999468326568604,0.4559530019760132,0.22413599491119385,-0.7503554821014404,0.9999562501907349,0.5235539078712463,0.24456995725631714,-0.48990902304649353,0.9998472929000854,0.4485093057155609,0.24537862837314606,-0.4953421652317047,0.9999492168426514,0.5026023387908936,0.2975941300392151,-0.6800966858863831,0.9999716281890869,0.46811342239379883,0.29473602771759033,-0.6821698546409607,0.9999809265136719,0.578726053237915,0.47664421796798706,-0.29509174823760986,0.9995964169502258,0.38851988315582275,0.4634675979614258,-0.3075365722179413,0.9998970031738281,0.6038101315498352,0.7986181974411011,-0.40481269359588623,0.9595159888267517,0.3325398862361908,0.766793966293335,-0.49668827652931213,0.9964660406112671,0.5204781293869019,0.7819337248802185,-0.8061078190803528,0.918368935585022,0.41651540994644165,0.6903307437896729,-0.984489381313324,0.9877710342407227,0.4985095262527466,0.7802411317825317,-0.8921579718589783,0.7718812227249146,0.4482676386833191,0.684402585029602,-1.0803924798965454,0.9451544880867004,0.5069296360015869,0.7359738349914551,-0.8908353447914124,0.7725747227668762,0.4549444615840912,0.6452882289886475,-1.0748775005340576,0.9458020925521851,0.5117360949516296,0.7323081493377686,-0.8133237361907959,0.7594115734100342,0.44719383120536804,0.6450644731521606,-0.9892559051513672,0.9377666711807251,0.5365992188453674,0.9634183645248413,-0.014306191354990005,0.9129903316497803,0.4158583879470825,0.9674994349479675,0.015467808581888676,0.9425023198127747,0.5388457179069519,1.3276311159133911,0.15325038135051727,0.03463393449783325,0.4116710126399994,1.329552173614502,0.20719721913337708,0.033115044236183167,0.5395788550376892,1.6414662599563599,0.5752750635147095,0.001852598157711327,0.4156149923801422,1.6420226097106934,0.6022867560386658,0.001444941502995789,0.5428451895713806,1.6930938959121704,0.600311815738678,0.0015031906077638268,0.4119846522808075,1.693164348602295,0.6333110928535461,0.0023982692509889603,0.5205196142196655,1.7511367797851562,0.30850347876548767,0.00100836087949574,0.433939665555954,1.7536436319351196,0.330961674451828,0.004563754424452782,0.0,0.0,0.0,0.0,0.0,0.0,0.0,0.0,0.0,0.0,0.0,0.0,0.0,0.0,0.0,0.0,0.0,0.0,0.0,0.0,0.0,0.0,0.0,0.0,0.0,0.0,0.0,0.0,0.0,0.0,0.0,0.0,0.0,0.0,0.0,0.0,0.0,0.0,0.0,0.0,0.0,0.0,0.0,0.0,0.0,0.0,0.0,0.0,0.0,0.0,0.0,0.0,0.0,0.0,0.0,0.0,0.0,0.0,0.0,0.0,0.0,0.0,0.0,0.43160635232925415,0.6809529662132263,-1.5197419145351887e-07,0.4415615200996399,0.6387715339660645,-0.011574420146644115,0.45999443531036377,0.620521068572998,-0.016320733353495598,0.48033076524734497,0.6111699938774109,-0.01848979853093624,0.4956698417663574,0.6050757765769958,-0.01900552213191986,0.4797913730144501,0.6753633618354797,-0.01544209010899067,0.49817824363708496,0.6325699090957642,-0.01800491102039814,0.48750144243240356,0.6209098100662231,-0.017747962847352028,0.47797054052352905,0.6280329823493958,-0.017101524397730827,0.4830377697944641,0.6893400549888611,-0.009928635321557522,0.4992358982563019,0.643632173538208,-0.013888219371438026,0.4894670844078064,0.6315844058990479,-0.014609700068831444,0.4805830121040344,0.6388418078422546,-0.014824263751506805,0.4831850826740265,0.694354236125946,-0.004450500942766666,0.49905383586883545,0.651946485042572,-0.009034465067088604,0.4909140169620514,0.6400913000106812,-0.008623316884040833,0.4818046987056732,0.6474520564079285,-0.0076045566238462925,0.48324286937713623,0.6918036341667175,0.0006031265365891159,0.4960961937904358,0.6582732796669006,-0.004611605778336525,0.489425927400589,0.6490185856819153,-0.00484237726777792,0.48185884952545166,0.6563766002655029,-0.003836577059701085
0.5051267743110657,0.259317547082901,-0.7854434847831726,0.9999346733093262,0.5171819925308228,0.22510887682437897,-0.7520840764045715,0.999917209148407,0.5248740315437317,0.22588346898555756,-0.7520393133163452,0.9998911619186401,0.530668318271637,0.2262411117553711,-0.7519468665122986,0.9998700022697449,0.49029210209846497,0.22428584098815918,-0.7544232606887817,0.9999403357505798,0.4827363193035126,0.22465477883815765,-0.754586935043335,0.999941349029541,0.4736315906047821,0.22563830018043518,-0.7548381686210632,0.9999510049819946,0.542980968952179,0.24537813663482666,-0.48812589049339294,0.9998393058776855,0.4648483097553253,0.24873702228069305,-0.49438101053237915,0.9999446868896484,0.5173861980438232,0.303754597902298,-0.6835294961929321,0.9999690651893616,0.48864099383354187,0.3038572072982788,-0.685733437538147,0.9999788403511047,0.6024900674819946,0.4753588140010834,-0.29215356707572937,0.999582827091217,0.4015220105648041,0.4806182384490967,-0.29922813177108765,0.9998836517333984,0.6372168064117432,0.7921123504638672,-0.40717294812202454,0.9619795680046082,0.3513142168521881,0.7857726812362671,-0.4666455388069153,0.9962444305419922,0.5393189787864685,0.7440313696861267,-0.8072262406349182,0.9227419495582581,0.44125598669052124,0.7261596322059631,-0.9256813526153564,0.9860125780105591,0.5164597034454346,0.7404142022132874,-0.8880068063735962,0.7836586833000183,0.4759702682495117,0.742257833480835,-1.016547679901123,0.9384369850158691,0.5081337094306946,0.6811921000480652,-0.8829841613769531,0.7839702367782593,0.4837266802787781,0.6914636492729187,-1.0031856298446655,0.9388644695281982,0.5187999606132507,0.6932575106620789,-0.8112470507621765,0.7714782953262329,0.4764899015426636,0.6826978325843811,-0.9264256954193115,0.9302383065223694,0.5668932795524597,0.9701365232467651,-0.014227333478629589,0.9102351069450378,0.4477554261684418,0.9681236147880554,0.015421705320477486,0.9388542175292969,0.575838029384613,1.3426204919815063,0.09417302906513214,0.03453221544623375,0.4306584298610687,1.3402055501937866,0.13837702572345734,0.032758984714746475,0.5716370344161987,1.6666887998580933,0.5616630911827087,0.0019409472588449717,0.4362979233264923,1.662211537361145,0.4563123881816864,0.0014843677636235952,0.5751872658729553,1.717406988143921,0.5914472341537476,0.0016103435773402452,0.43337008357048035,1.7123489379882812,0.4716404676437378,0.0025366193149238825,0.5524437427520752,1.785212755203247,0.308233380317688,0.0009969056118279696,0.46328845620155334,1.7846404314041138,0.18843695521354675,0.0044609662145376205,0.0,0.0,0.0,0.0,0.0,0.0,0.0,0.0,0.0,0.0,0.0,0.0,0.0,0.0,0.0,0.0,0.0,0.0,0.0,0.0,0.0,0.0,0.0,0.0,0.0,0.0,0.0,0.0,0.0,0.0,0.0,0.0,0.0,0.0,0.0,0.0,0.0,0.0,0.0,0.0,0.0,0.0,0.0,0.0,0.0,0.0,0.0,0.0,0.0,0.0,0.0,0.0,0.0,0.0,0.0,0.0,0.0,0.0,0.0,0.0,0.0,0.0,0.0,0.4236544072628021,0.68974369764328,-2.0308519310674455e-07,0.43765100836753845,0.6422113180160522,-0.012053590267896652,0.4593450427055359,0.6208357214927673,-0.01669648475944996,0.4808940291404724,0.6115959882736206,-0.018714938312768936,0.49662163853645325,0.608148455619812,-0.018958399072289467,0.4797309339046478,0.6775188446044922,-0.013321422040462494,0.4997148811817169,0.6316300630569458,-0.016085563227534294,0.48613300919532776,0.621598482131958,-0.017309581860899925,0.4749470353126526,0.6314737796783447,-0.017847128212451935,0.4825681447982788,0.6937280297279358,-0.007217702455818653,0.49937012791633606,0.6436980962753296,-0.011275431141257286,0.4875866174697876,0.6336809396743774,-0.012435891665518284,0.47743383049964905,0.6423307657241821,-0.013035186566412449,0.48192957043647766,0.6992563605308533,-0.0012949560768902302,0.49829134345054626,0.6543396711349487,-0.005764973349869251,0.48833224177360535,0.6446365714073181,-0.005068076308816671,0.4782911539077759,0.6528560519218445,-0.004029405303299427,0.4804860055446625,0.6973617076873779,0.004063453990966082,0.4941171109676361,0.6626462936401367,-0.0007999990484677255,0.4863707721233368,0.6545463800430298,-0.0006602544453926384,0.4779323935508728,0.6619507670402527,0.0005816072225570679
0.505990743637085,0.26243945956230164,-0.7941271066665649,0.9999314546585083,0.5172474384307861,0.22741937637329102,-0.7584104537963867,0.9999135136604309,0.5263017416000366,0.22796544432640076,-0.7584127187728882,0.9998881816864014,0.5313552618026733,0.22827491164207458,-0.7583363652229309,0.9998671412467957,0.491445928812027,0.22639019787311554,-0.7631872296333313,0.9999350905418396,0.482449471950531,0.22689197957515717,-0.7633526921272278,0.9999364614486694,0.4746650159358978,0.22773543000221252,-0.7636075615882874,0.9999454617500305,0.5395234823226929,0.24688273668289185,-0.48483946919441223,0.9998398423194885,0.4639364778995514,0.25031664967536926,-0.5041177272796631,0.999940037727356,0.5194768905639648,0.3066239356994629,-0.6890815496444702,0.9999692440032959,0.48867878317832947,0.30724599957466125,-0.6948949694633484,0.9999780058860779,0.5995264053344727,0.47277823090553284,-0.2872184216976166,0.9996169805526733,0.40018224716186523,0.483919620513916,-0.3002873361110687,0.9998626112937927,0.6288227438926697,0.7783094644546509,-0.37411826848983765,0.9663546681404114,0.34764033555984497,0.7866763472557068,-0.4557095468044281,0.9959084391593933,0.5543522238731384,0.7716377973556519,-0.7480291724205017,0.9306057095527649,0.4302707016468048,0.7237744331359863,-0.9367883801460266,0.9836264848709106,0.5201197266578674,0.7970418334007263,-0.8317241072654724,0.8031944632530212,0.46971309185028076,0.7327672243118286,-1.0356210470199585,0.9302912950515747,0.524933934211731,0.7606796622276306,-0.8406814336776733,0.8033180236816406,0.4769345223903656,0.6853294968605042,-1.0372545719146729,0.9309678673744202,0.5348666906356812,0.7440602779388428,-0.757519543170929,0.7910647392272949,0.46722105145454407,0.6779802441596985,-0.9444974064826965,0.9220570921897888,0.5637607574462891,0.9733611941337585,-0.013766194693744183,0.9123351573944092,0.44297510385513306,0.9694616198539734,0.01491699181497097,0.9369455575942993,0.5745376944541931,1.3470239639282227,0.1356804370880127,0.037576235830783844,0.43219488859176636,1.3455764055252075,0.11432114243507385,0.03389495611190796,0.5719004273414612,1.672829270362854,0.612385094165802,0.0022100391797721386,0.44110265374183655,1.6687568426132202,0.5258046984672546,0.0016395290149375796,0.5743210315704346,1.7235517501831055,0.6434751152992249,0.001829896355047822,0.4397638142108917,1.7196139097213745,0.5579844117164612,0.0029231898952275515,0.5581580996513367,1.7916107177734375,0.35630735754966736,0.0010617030784487724,0.4680125415325165,1.7913119792938232,0.23889486491680145,0.004596886225044727,0.5267701745033264,0.8124301433563232,2.2864396953536925e-07,0.5094585418701172,0.7873263955116272,-0.008787776343524456,0.4880501925945282,0.7717968225479126,-0.01028386689722538,0.47025278210639954,0.7621091604232788,-0.009497414343059063,0.45631787180900574,0.758710503578186,-0.007570084650069475,0.4693371057510376,0.8205387592315674,-0.001884954166598618,0.455389142036438,0.7886863350868225,-0.0024209064431488514,0.45270925760269165,0.7670642137527466,-0.005361719988286495,0.4519307613372803,0.75294029712677,-0.007200881373137236,0.4678611755371094,0.8305836319923401,0.003434921847656369,0.4545964002609253,0.79917973279953,0.0032447101548314095,0.4510382413864136,0.7759082913398743,-0.0005652447580359876,0.4508887529373169,0.758521556854248,-0.0031105203088372946,0.4691256582736969,0.8323484659194946,0.008364218287169933,0.45512962341308594,0.8050808906555176,0.00814314279705286,0.45231103897094727,0.786200761795044,0.006179678253829479,0.4524151086807251,0.7726240158081055,0.00531691825017333,0.4710233509540558,0.829732358455658,0.012669900432229042,0.456600159406662,0.8084821701049805,0.01324253249913454,0.4527556598186493,0.7931517362594604,0.013987530954182148,0.45207396149635315,0.7812148332595825,0.015435700304806232,0.4220897853374481,0.6916487812995911,-2.0577759585194144e-07,0.4379291534423828,0.6408355236053467,-0.012148908339440823,0.4600578844547272,0.6194841861724854,-0.017024880275130272,0.48173987865448,0.610783576965332,-0.01904514990746975,0.4973318874835968,0.6082541942596436,-0.01927470974624157,0.48066961765289307,0.6760028004646301,-0.014921391382813454,0.5001429319381714,0.6292018890380859,-0.017235321924090385,0.485441654920578,0.619981586933136,-0.01790442317724228,0.47390902042388916,0.6307711005210876,-0.01817251369357109,0.48294126987457275,0.6934243440628052,-0.008480004966259003,0.49958160519599915,0.6417421102523804,-0.012356752529740334,0.48732247948646545,0.6323277950286865,-0.013095717877149582,0.4771403670310974,0.641979455947876,-0.013591274619102478,0.4817724823951721,0.6995627284049988,-0.0020047856960445642,0.49837082624435425,0.6536074876785278,-0.006233315449208021,0.488303005695343,0.6442517638206482,-0.005042951088398695,0.4780520498752594,0.6535520553588867,-0.0038437291514128447,0.47989559173583984,0.6977822184562683,0.003918266389518976,0.49370914697647095,0.6620163321495056,-0.0005729069234803319,0.4857257902622223,0.6540400981903076,-0.00011538216494955122,0.4769923686981201,0.6619666218757629,0.0012097840663045645
0.49987295269966125,0.26379790902137756,-0.7725726366043091,0.9999294281005859,0.5137265920639038,0.2289007008075714,-0.7356375455856323,0.9999116063117981,0.523210346698761,0.2294771522283554,-0.7356913685798645,0.9998875260353088,0.5297058820724487,0.22989915311336517,-0.7356000542640686,0.9998654723167419,0.48703858256340027,0.2275119572877884,-0.7394842505455017,0.9999327659606934,0.4772500991821289,0.2278587520122528,-0.739643394947052,0.9999348521232605,0.47136619687080383,0.22826696932315826,-0.7399222254753113,0.9999432563781738,0.5366595387458801,0.24824947118759155,-0.4589792788028717,0.9998405575752258,0.46023255586624146,0.2502098083496094,-0.47591546177864075,0.99993896484375,0.5147718191146851,0.3076717257499695,-0.6675102710723877,0.999968409538269,0.4822222590446472,0.3081419765949249,-0.672541081905365,0.9999774694442749,0.5944242477416992,0.47184130549430847,-0.25926274061203003,0.9996144771575928,0.3985515534877777,0.48148736357688904,-0.2652120292186737,0.999845027923584,0.6186532974243164,0.7813969850540161,-0.3671450912952423,0.9686319828033447,0.34445950388908386,0.7775312662124634,-0.426018089056015,0.9953909516334534,0.5370213985443115,0.761766791343689,-0.7450571656227112,0.9342817664146423,0.4250929653644562,0.7135873436927795,-0.9031904935836792,0.9799570441246033,0.5226477980613708,0.7742185592651367,-0.8246079683303833,0.8144654035568237,0.46293652057647705,0.7193748950958252,-0.9983665943145752,0.9187038540840149,0.5196544528007507,0.7231349349021912,-0.8309610486030579,0.814409613609314,0.46973535418510437,0.6765798330307007,-0.9968435764312744,0.9197004437446594,0.5260886549949646,0.7260999083518982,-0.7537704706192017,0.80131995677948,0.46043166518211365,0.6709308624267578,-0.9092581868171692,0.9101601243019104,0.5557482242584229,0.9685729146003723,-0.013270081952214241,0.9094653129577637,0.4344062805175781,0.9665576219558716,0.01435405109077692,0.932657778263092,0.5647758841514587,1.3479691743850708,0.14344222843647003,0.04037333279848099,0.42996615171432495,1.3463993072509766,0.11402314156293869,0.035148054361343384,0.5672322511672974,1.6779253482818604,0.5600608587265015,0.0027336704079061747,0.4418157935142517,1.6736854314804077,0.4776237905025482,0.00191727455239743,0.5699853897094727,1.7275217771530151,0.5847228765487671,0.002202221192419529,0.44069352746009827,1.7226380109786987,0.5046973824501038,0.0036356595810502768,0.5522409677505493,1.794895887374878,0.29140394926071167,0.0012108678929507732,0.4656940698623657,1.7944650650024414,0.19179199635982513,0.005054465960711241,0.0,0.0,0.0,0.0,0.0,0.0,0.0,0.0,0.0,0.0,0.0,0.0,0.0,0.0,0.0,0.0,0.0,0.0,0.0,0.0,0.0,0.0,0.0,0.0,0.0,0.0,0.0,0.0,0.0,0.0,0.0,0.0,0.0,0.0,0.0,0.0,0.0,0.0,0.0,0.0,0.0,0.0,0.0,0.0,0.0,0.0,0.0,0.0,0.0,0.0,0.0,0.0,0.0,0.0,0.0,0.0,0.0,0.0,0.0,0.0,0.0,0.0,0.0,0.4228609502315521,0.6888221502304077,-2.0470282890983071e-07,0.43939003348350525,0.6398056149482727,-0.009939047507941723,0.4612526297569275,0.6192659139633179,-0.013925876468420029,0.48252594470977783,0.6105715036392212,-0.01564934477210045,0.4981294572353363,0.6075501441955566,-0.015693718567490578,0.4802078902721405,0.6778340339660645,-0.013507804833352566,0.4995070695877075,0.62979656457901,-0.015363812446594238,0.4851066470146179,0.6207728981971741,-0.015440315939486027,0.4740659296512604,0.631535530090332,-0.015341640450060368,0.48250940442085266,0.6935869455337524,-0.008426862768828869,0.4990878999233246,0.642101526260376,-0.0118913808837533,0.48727473616600037,0.6327011585235596,-0.012487691827118397,0.4774598479270935,0.6424269080162048,-0.012980245985090733,0.4814014434814453,0.6987771987915039,-0.0031431831885129213,0.4977462887763977,0.6525583267211914,-0.007103522773832083,0.4881364703178406,0.6432732939720154,-0.005947493482381105,0.47803807258605957,0.6529867053031921,-0.004806546028703451,0.47942522168159485,0.6953926086425781,0.001766557921655476,0.4931069314479828,0.6592363119125366,-0.0028038378804922104,0.48575860261917114,0.6519681811332703,-0.0024093398824334145,0.4774647057056427,0.6608493328094482,-0.0011514781508594751
0.4968101382255554,0.2640741765499115,-0.7713449597358704,0.9999266862869263,0.5105527639389038,0.229674831032753,-0.7345941066741943,0.9999086856842041,0.5194495916366577,0.23027898371219635,-0.734645664691925,0.9998856782913208,0.527362585067749,0.23066428303718567,-0.7345553040504456,0.9998621344566345,0.4839927554130554,0.2284526824951172,-0.7383592128753662,0.9999297261238098,0.475010484457016,0.22872872650623322,-0.7385167479515076,0.9999327063560486,0.4693959355354309,0.22887232899665833,-0.7388094067573547,0.9999404549598694,0.5342760682106018,0.2490224540233612,-0.46111151576042175,0.9998395442962646,0.45876261591911316,0.25045424699783325,-0.4755859076976776,0.9999372959136963,0.512351930141449,0.3072998821735382,-0.6670159101486206,0.9999673962593079,0.4798521399497986,0.3078848421573639,-0.6717091202735901,0.999976634979248,0.5940293669700623,0.4722026586532593,-0.2605571448802948,0.9996098279953003,0.39704784750938416,0.48061880469322205,-0.27284112572669983,0.9998290538787842,0.6211744546890259,0.7803636193275452,-0.3697945475578308,0.9707443714141846,0.3426288664340973,0.774663507938385,-0.432169646024704,0.9951596260070801,0.5367329120635986,0.7598525285720825,-0.7547365427017212,0.9380523562431335,0.42223748564720154,0.710776150226593,-0.9100818634033203,0.9778853058815002,0.5193769335746765,0.7685853242874146,-0.8361049294471741,0.8250943422317505,0.45897457003593445,0.7152723670005798,-1.00660240650177,0.9117305278778076,0.5162015557289124,0.7164757251739502,-0.8419123888015747,0.8247968554496765,0.46613189578056335,0.671633780002594,-1.0050060749053955,0.9132422804832458,0.523764431476593,0.7249333262443542,-0.7634056210517883,0.810873806476593,0.4559653699398041,0.6667209267616272,-0.9160782098770142,0.9032622575759888,0.5541446208953857,0.9674878120422363,-0.011975588276982307,0.9084360599517822,0.4315149486064911,0.9662591814994812,0.013044810853898525,0.9301229119300842,0.5615816116333008,1.348783254623413,0.1459348499774933,0.04421565681695938,0.4273548722267151,1.3473879098892212,0.1294758915901184,0.03623099625110626,0.565005898475647,1.679724097251892,0.5676992535591125,0.0031882484909147024,0.4397497773170471,1.6748526096343994,0.48733919858932495,0.002119743963703513,0.568406343460083,1.7286183834075928,0.593011736869812,0.0025386447086930275,0.4386221468448639,1.722411870956421,0.5138016939163208,0.0041638510301709175,0.5489404797554016,1.794256567955017,0.29800179600715637,0.001347662997432053,0.4629206359386444,1.7952194213867188,0.18931104242801666,0.005409885197877884,0.0,0.0,0.0,0.0,0.0,0.0,0.0,0.0,0.0,0.0,0.0,0.0,0.0,0.0,0.0,0.0,0.0,0.0,0.0,0.0,0.0,0.0,0.0,0.0,0.0,0.0,0.0,0.0,0.0,0.0,0.0,0.0,0.0,0.0,0.0,0.0,0.0,0.0,0.0,0.0,0.0,0.0,0.0,0.0,0.0,0.0,0.0,0.0,0.0,0.0,0.0,0.0,0.0,0.0,0.0,0.0,0.0,0.0,0.0,0.0,0.0,0.0,0.0,0.4248730540275574,0.6866435408592224,-1.8862546369291522e-07,0.43808871507644653,0.6405001282691956,-0.010591075755655766,0.45859968662261963,0.6210540533065796,-0.014909009449183941,0.47966066002845764,0.6116729378700256,-0.016921641305088997,0.4955575466156006,0.6050366759300232,-0.017345517873764038,0.47851306200027466,0.6769102811813354,-0.01463465765118599,0.4982246160507202,0.6314053535461426,-0.017076950520277023,0.48542389273643494,0.6211874485015869,-0.016991592943668365,0.4755609929561615,0.630774974822998,-0.016596883535385132,0.48171043395996094,0.6919538974761963,-0.009568498469889164,0.4992474913597107,0.6425173282623291,-0.013856385834515095,0.48790836334228516,0.6318241953849792,-0.014567659236490726,0.4784124493598938,0.6413727402687073,-0.014768893830478191,0.4817201495170593,0.6967915892601013,-0.0043998477049171925,0.4992198646068573,0.6514469981193542,-0.009303596802055836,0.48967716097831726,0.6409558653831482,-0.008487310260534286,0.47973376512527466,0.6503868103027344,-0.007151870522648096,0.48119446635246277,0.6931542754173279,0.0004017211904283613,0.49524644017219543,0.6570064425468445,-0.005036294925957918,0.4877849519252777,0.6493120789527893,-0.004981134552508593,0.4796251058578491,0.6586430668830872,-0.003720722394064069
0.4956817030906677,0.2646126449108124,-0.77949059009552,0.9999257326126099,0.5098792314529419,0.23043088614940643,-0.7434463500976562,0.9999077916145325,0.5184668898582458,0.2312048226594925,-0.7434690594673157,0.9998860955238342,0.5267163515090942,0.23182989656925201,-0.7433754205703735,0.9998617172241211,0.4828096330165863,0.2289728820323944,-0.7469804286956787,0.9999277591705322,0.47412487864494324,0.22901314496994019,-0.7471493482589722,0.9999313354492188,0.4681113362312317,0.22887910902500153,-0.7474294304847717,0.9999382495880127,0.534031867980957,0.2506954073905945,-0.47110238671302795,0.9998408555984497,0.45720767974853516,0.2502727806568146,-0.48449987173080444,0.9999362230300903,0.5110024809837341,0.30752265453338623,-0.6751320958137512,0.9999670386314392,0.4782121777534485,0.3076237738132477,-0.6794629693031311,0.9999760985374451,0.592507004737854,0.4721029996871948,-0.26831623911857605,0.9996160864830017,0.395092636346817,0.48072272539138794,-0.28272849321365356,0.9998138546943665,0.6196424961090088,0.7825022339820862,-0.3778098225593567,0.9726598262786865,0.3410338759422302,0.7744193077087402,-0.4401448667049408,0.9949856400489807,0.535845935344696,0.753217339515686,-0.774706244468689,0.942031741142273,0.423881858587265,0.7080632448196411,-0.9152383804321289,0.9768149256706238,0.5178248286247253,0.7653313279151917,-0.8586980700492859,0.8363988399505615,0.46249279379844666,0.7122552990913391,-1.011838436126709,0.9081963300704956,0.5158336162567139,0.7132872343063354,-0.8650180101394653,0.8360746502876282,0.4696422219276428,0.6690616011619568,-1.0096604824066162,0.9099913239479065,0.5225027203559875,0.7193259596824646,-0.7840784192085266,0.8215876221656799,0.4602087736129761,0.6641417741775513,-0.920772135257721,0.8998797535896301,0.5535123944282532,0.9679946303367615,-0.011199353262782097,0.908852219581604,0.43032005429267883,0.9666353464126587,0.012197118252515793,0.9286292195320129,0.5609166622161865,1.3487203121185303,0.15123894810676575,0.04707813262939453,0.4259534478187561,1.3482469320297241,0.12908032536506653,0.037134140729904175,0.563473105430603,1.6805129051208496,0.5969359278678894,0.0034475449938327074,0.43751588463783264,1.676169753074646,0.49518394470214844,0.002240806818008423,0.5669233798980713,1.7294950485229492,0.6251591444015503,0.0027179101016372442,0.4361736476421356,1.7238163948059082,0.5228807926177979,0.0044037350453436375,0.5469480752944946,1.7953485250473022,0.33341410756111145,0.001430148840881884,0.4604473412036896,1.7970597743988037,0.20371899008750916,0.005518515128642321,0.0,0.0,0.0,0.0,0.0,0.0,0.0,0.0,0.0,0.0,0.0,0.0,0.0,0.0,0.0,0.0,0.0,0.0,0.0,0.0,0.0,0.0,0.0,0.0,0.0,0.0,0.0,0.0,0.0,0.0,0.0,0.0,0.0,0.0,0.0,0.0,0.0,0.0,0.0,0.0,0.0,0.0,0.0,0.0,0.0,0.0,0.0,0.0,0.0,0.0,0.0,0.0,0.0,0.0,0.0,0.0,0.0,0.0,0.0,0.0,0.0,0.0,0.0,0.4242282807826996,0.6878067255020142,-2.0076097939636384e-07,0.4378005862236023,0.6415638327598572,-0.010826912708580494,0.4585176706314087,0.6219372749328613,-0.015392690896987915,0.4800815284252167,0.6122868061065674,-0.017554860562086105,0.4962363839149475,0.6066873669624329,-0.018051614984869957,0.4783281087875366,0.6785049438476562,-0.01521703228354454,0.49853119254112244,0.6315990686416626,-0.017732255160808563,0.48559653759002686,0.6213628649711609,-0.017719238996505737,0.4752177298069,0.63103848695755,-0.01738123409450054,0.4816654324531555,0.693915605545044,-0.009915714152157307,0.4995408058166504,0.6429223418235779,-0.014371789991855621,0.4880645275115967,0.6325388550758362,-0.015105221420526505,0.4781770408153534,0.642075777053833,-0.01532477606087923,0.4816958010196686,0.6989489793777466,-0.004448591265827417,0.4996035397052765,0.6527739763259888,-0.009428630582988262,0.4901444613933563,0.6425915360450745,-0.00851474516093731,0.48000413179397583,0.652039110660553,-0.007134714629501104,0.48103877902030945,0.6953696012496948,0.0006568466196767986,0.4954622685909271,0.659129798412323,-0.004827084019780159,0.48799097537994385,0.6512358784675598,-0.004745974205434322,0.47961580753326416,0.6603046655654907,-0.003447153838351369
0.4955371916294098,0.2644733786582947,-0.7823663353919983,0.9999263882637024,0.5096070766448975,0.23054373264312744,-0.7469896078109741,0.9999088048934937,0.5182192921638489,0.23137803375720978,-0.7469961047172546,0.9998883008956909,0.5262392163276672,0.23202326893806458,-0.7468990683555603,0.9998636841773987,0.48233363032341003,0.22903960943222046,-0.7499994039535522,0.9999281764030457,0.4736364483833313,0.22893238067626953,-0.750160276889801,0.999932050704956,0.4675426483154297,0.22866149246692657,-0.7504271268844604,0.999938428401947,0.5335758924484253,0.25098446011543274,-0.4773498773574829,0.9998447895050049,0.45633020997047424,0.25005531311035156,-0.48804667592048645,0.9999367594718933,0.5111631751060486,0.30706268548965454,-0.6787958145141602,0.9999669790267944,0.4780242145061493,0.30701562762260437,-0.6824348568916321,0.9999759793281555,0.5920857787132263,0.47192829847335815,-0.27646011114120483,0.9996180534362793,0.39433208107948303,0.4805524945259094,-0.28629037737846375,0.9998059868812561,0.6186898946762085,0.7848876714706421,-0.3830042779445648,0.9737550020217896,0.34051817655563354,0.7753746509552002,-0.44887277483940125,0.9947854280471802,0.5308744311332703,0.749704122543335,-0.7756377458572388,0.9440830945968628,0.4235492944717407,0.7090374231338501,-0.9250585436820984,0.9753650426864624,0.5119842290878296,0.7596979737281799,-0.8572825789451599,0.8432620167732239,0.461184024810791,0.7110180854797363,-1.0203438997268677,0.9036188125610352,0.5111990571022034,0.7072555422782898,-0.8611689805984497,0.8429753184318542,0.46747368574142456,0.6672750115394592,-1.015364170074463,0.9056558609008789,0.5146093368530273,0.7023763656616211,-0.7836664915084839,0.8275126814842224,0.45815417170524597,0.6633115410804749,-0.9295464158058167,0.8950201272964478,0.5526303052902222,0.969357430934906,-0.011141094379127026,0.9078310132026672,0.4299986660480499,0.968155026435852,0.012144261039793491,0.9268546104431152,0.5592502355575562,1.3493683338165283,0.1459575742483139,0.050085220485925674,0.425585001707077,1.3490338325500488,0.1312730610370636,0.0384051539003849,0.5619109272956848,1.6791874170303345,0.5797255635261536,0.0038757582660764456,0.43650826811790466,1.6755621433258057,0.4837430417537689,0.0024475129321217537,0.5651673674583435,1.7278860807418823,0.6068803071975708,0.0030162502080202103,0.43507468700408936,1.7227381467819214,0.5102301239967346,0.004856067709624767,0.5453929305076599,1.7935357093811035,0.31765952706336975,0.0015749144367873669,0.4584544897079468,1.7958009243011475,0.197763592004776,0.00584733672440052,0.0,0.0,0.0,0.0,0.0,0.0,0.0,0.0,0.0,0.0,0.0,0.0,0.0,0.0,0.0,0.0,0.0,0.0,0.0,0.0,0.0,0.0,0.0,0.0,0.0,0.0,0.0,0.0,0.0,0.0,0.0,0.0,0.0,0.0,0.0,0.0,0.0,0.0,0.0,0.0,0.0,0.0,0.0,0.0,0.0,0.0,0.0,0.0,0.0,0.0,0.0,0.0,0.0,0.0,0.0,0.0,0.0,0.0,0.0,0.0,0.0,0.0,0.0,0.4263688623905182,0.6850897669792175,-1.803702218694525e-07,0.438811719417572,0.6393150091171265,-0.011751293204724789,0.4580696225166321,0.6206989288330078,-0.01694578118622303,0.4788161516189575,0.6127033233642578,-0.01955857127904892,0.4949831962585449,0.605759859085083,-0.02047574147582054,0.4783260226249695,0.6775318384170532,-0.016477271914482117,0.49749013781547546,0.6311360597610474,-0.019958224147558212,0.4845351278781891,0.622894287109375,-0.02044573612511158,0.4744061529636383,0.6340935230255127,-0.02032485604286194,0.4818812608718872,0.6921012997627258,-0.011117546819150448,0.49914947152137756,0.6416454911231995,-0.01635114662349224,0.48762059211730957,0.631578803062439,-0.017227696254849434,0.47851017117500305,0.6420393586158752,-0.017416296526789665,0.482180118560791,0.6964313387870789,-0.005763690453022718,0.49883371591567993,0.6498721837997437,-0.011238111183047295,0.4895923435688019,0.6397289037704468,-0.010231398977339268,0.48083940148353577,0.6502144932746887,-0.008715638890862465,0.48177066445350647,0.6924766898155212,-0.0009210034622810781,0.49532148241996765,0.6555577516555786,-0.00674015237018466,0.4877282381057739,0.6474741697311401,-0.006708668544888496,0.47983095049858093,0.6571377515792847,-0.005405917298048735
0.49553558230400085,0.26442137360572815,-0.7824904322624207,0.9999253749847412,0.5096216797828674,0.23054537177085876,-0.747873067855835,0.9999074339866638,0.518272876739502,0.23140659928321838,-0.74788498878479,0.9998874664306641,0.5259707570075989,0.2320505827665329,-0.7477848529815674,0.9998627305030823,0.48236188292503357,0.22902977466583252,-0.7511842846870422,0.9999266266822815,0.4734228551387787,0.2288544923067093,-0.7513661980628967,0.999930739402771,0.46727949380874634,0.22852161526679993,-0.7516437768936157,0.9999369382858276,0.5331774950027466,0.25097981095314026,-0.4784321188926697,0.999844491481781,0.4560021758079529,0.2498306781053543,-0.4905274510383606,0.9999350309371948,0.5110048055648804,0.3066542446613312,-0.6786153316497803,0.9999663829803467,0.4780001640319824,0.30664557218551636,-0.6826741695404053,0.999975323677063,0.5921661853790283,0.47103530168533325,-0.28010669350624084,0.9996286034584045,0.39353147149086,0.47865867614746094,-0.28543001413345337,0.9998003244400024,0.6183239817619324,0.784270703792572,-0.3809767961502075,0.9753177165985107,0.3411244750022888,0.776221513748169,-0.4456383287906647,0.9947271943092346,0.5283820033073425,0.7538061141967773,-0.771594762802124,0.9464526772499084,0.42224180698394775,0.712462842464447,-0.9257452487945557,0.973870575428009,0.49480828642845154,0.759051501750946,-0.8536836504936218,0.8494464159011841,0.45856860280036926,0.7129830718040466,-1.021972417831421,0.8983376622200012,0.5103544592857361,0.7142462730407715,-0.8597734570503235,0.8491268754005432,0.4637030363082886,0.6687006950378418,-1.0188088417053223,0.9006623029708862,0.510565459728241,0.7117770314216614,-0.7802199721336365,0.8329354524612427,0.45438337326049805,0.6648701429367065,-0.931183397769928,0.8897092938423157,0.5534020066261292,0.9714455008506775,-0.011033245362341404,0.9083730578422546,0.43001285195350647,0.9709649085998535,0.012062381021678448,0.9269700646400452,0.5606464743614197,1.3497262001037598,0.14227531850337982,0.053009409457445145,0.4268982708454132,1.3492885828018188,0.14034272730350494,0.03980281203985214,0.5636343359947205,1.679315209388733,0.5679150819778442,0.004283041227608919,0.4376848638057709,1.6763538122177124,0.4963323473930359,0.002716509159654379,0.5667926073074341,1.728505253791809,0.5940226316452026,0.0033077620901167393,0.43608230352401733,1.7243423461914062,0.5229325890541077,0.005443810485303402,0.5473749041557312,1.7938939332962036,0.30317461490631104,0.001725898589938879,0.45920485258102417,1.7960028648376465,0.21104735136032104,0.0063016642816364765,0.0,0.0,0.0,0.0,0.0,0.0,0.0,0.0,0.0,0.0,0.0,0.0,0.0,0.0,0.0,0.0,0.0,0.0,0.0,0.0,0.0,0.0,0.0,0.0,0.0,0.0,0.0,0.0,0.0,0.0,0.0,0.0,0.0,0.0,0.0,0.0,0.0,0.0,0.0,0.0,0.0,0.0,0.0,0.0,0.0,0.0,0.0,0.0,0.0,0.0,0.0,0.0,0.0,0.0,0.0,0.0,0.0,0.0,0.0,0.0,0.0,0.0,0.0,0.4269648790359497,0.6848913431167603,-1.8061361117815977e-07,0.43790900707244873,0.6404629349708557,-0.012180202640593052,0.45773616433143616,0.6217404007911682,-0.017044484615325928,0.4788016378879547,0.6121202707290649,-0.019133541733026505,0.49449509382247925,0.6057725548744202,-0.019560351967811584,0.4779033362865448,0.6787317395210266,-0.01689850725233555,0.49700650572776794,0.6318621635437012,-0.019717419520020485,0.4845637083053589,0.6215530633926392,-0.019504360854625702,0.47497889399528503,0.631011962890625,-0.018940046429634094,0.4814608097076416,0.692065954208374,-0.010947146452963352,0.4984162747859955,0.642109215259552,-0.015836132690310478,0.48701709508895874,0.6309537291526794,-0.01655762828886509,0.47788119316101074,0.6401295065879822,-0.01658911630511284,0.4816964268684387,0.6954999566078186,-0.004939811769872904,0.49827155470848083,0.6491702795028687,-0.01039583794772625,0.4889548718929291,0.6379955410957336,-0.009841988794505596,0.4797603189945221,0.6472151279449463,-0.008532757870852947,0.48163968324661255,0.690902829170227,0.000657068332657218,0.4949111342430115,0.6537041664123535,-0.005262243561446667,0.48730525374412537,0.6450326442718506,-0.005570543464273214,0.47934994101524353,0.6542184352874756,-0.004460422787815332
0.4940698742866516,0.2644600570201874,-0.7854750752449036,0.9999260902404785,0.5081239342689514,0.2305532544851303,-0.750785231590271,0.9999080896377563,0.516912043094635,0.23141323029994965,-0.7507972717285156,0.9998890161514282,0.5247021317481995,0.23203080892562866,-0.7506886720657349,0.9998644590377808,0.4806791841983795,0.22906924784183502,-0.7540547251701355,0.9999266266822815,0.4719829857349396,0.22886458039283752,-0.7542100548744202,0.999930739402771,0.46574193239212036,0.22856993973255157,-0.7544794678688049,0.9999364018440247,0.5320674777030945,0.25091782212257385,-0.47959333658218384,0.9998470544815063,0.45461753010749817,0.2496209591627121,-0.49199745059013367,0.9999346137046814,0.5097782015800476,0.30650243163108826,-0.6809632182121277,0.9999665021896362,0.4766157269477844,0.30644160509109497,-0.6850029230117798,0.9999752044677734,0.5908889770507812,0.47023680806159973,-0.27885910868644714,0.9996415972709656,0.3929828703403473,0.47757822275161743,-0.2855693995952606,0.9997960329055786,0.6181269884109497,0.7823251485824585,-0.3794103264808655,0.976840078830719,0.3409649431705475,0.7777397036552429,-0.4442998170852661,0.9946483969688416,0.530921995639801,0.75523442029953,-0.7737175822257996,0.9495846033096313,0.4233231246471405,0.7102402448654175,-0.927180826663971,0.97259122133255,0.4960891306400299,0.7610880732536316,-0.8580095171928406,0.857324481010437,0.46023738384246826,0.7114253044128418,-1.024872064590454,0.8941195607185364,0.5114367604255676,0.7155267000198364,-0.8643855452537537,0.8569889664649963,0.4649497866630554,0.6661900281906128,-1.0221985578536987,0.8967022895812988,0.5123404860496521,0.7122796177864075,-0.7826728224754333,0.8401849269866943,0.45568349957466125,0.6626929640769958,-0.9329742193222046,0.8855929970741272,0.5513965487480164,0.9722734093666077,-0.010767506435513496,0.906549334526062,0.42748335003852844,0.9726271033287048,0.011846001259982586,0.9245011806488037,0.5594758987426758,1.348978042602539,0.14893761277198792,0.05456452816724777,0.4258851408958435,1.3490625619888306,0.1458624303340912,0.03984187915921211,0.5627185106277466,1.6783032417297363,0.5807288885116577,0.004495479166507721,0.43718841671943665,1.6754167079925537,0.5079790949821472,0.002788387704640627,0.5660112500190735,1.7277814149856567,0.6074303984642029,0.003464236855506897,0.43566808104515076,1.723389983177185,0.5352197289466858,0.005672655533999205,0.5467655658721924,1.791939616203308,0.3141840696334839,0.0018194065196439624,0.45845746994018555,1.7943741083145142,0.2201571762561798,0.00646003196015954,0.0,0.0,0.0,0.0,0.0,0.0,0.0,0.0,0.0,0.0,0.0,0.0,0.0,0.0,0.0,0.0,0.0,0.0,0.0,0.0,0.0,0.0,0.0,0.0,0.0,0.0,0.0,0.0,0.0,0.0,0.0,0.0,0.0,0.0,0.0,0.0,0.0,0.0,0.0,0.0,0.0,0.0,0.0,0.0,0.0,0.0,0.0,0.0,0.0,0.0,0.0,0.0,0.0,0.0,0.0,0.0,0.0,0.0,0.0,0.0,0.0,0.0,0.0,0.426665723323822,0.6842079162597656,-1.8329065198940953e-07,0.4385504722595215,0.6390366554260254,-0.010790537111461163,0.45759689807891846,0.6204202175140381,-0.015478990972042084,0.478168785572052,0.612061619758606,-0.01789282262325287,0.49393680691719055,0.6052514910697937,-0.018658582121133804,0.47772473096847534,0.6759556531906128,-0.014757232740521431,0.49682241678237915,0.6306416988372803,-0.01792209781706333,0.48440200090408325,0.62171471118927,-0.018331516534090042,0.4745006859302521,0.632082998752594,-0.018176883459091187,0.4813382625579834,0.6911512613296509,-0.009924798272550106,0.4981074333190918,0.6416242718696594,-0.01472397893667221,0.48706164956092834,0.6313750147819519,-0.015551149845123291,0.47814324498176575,0.6411215662956238,-0.015750616788864136,0.4815559685230255,0.6959723830223083,-0.005113356281071901,0.49776187539100647,0.650182843208313,-0.01042100414633751,0.48883116245269775,0.6397728323936462,-0.00945550762116909,0.4800207018852234,0.649425745010376,-0.007954546250402927,0.4810402989387512,0.6921796202659607,-0.0007227070746012032,0.494486540555954,0.6558132171630859,-0.006342687644064426,0.4872285723686218,0.6478055119514465,-0.006114346440881491,0.47935593128204346,0.657016932964325,-0.004679820034652948
0.4932103455066681,0.26460519433021545,-0.7780792117118835,0.9999238848686218,0.5074289441108704,0.23056858777999878,-0.7425515055656433,0.9999047517776489,0.5163956880569458,0.23139701783657074,-0.7425937652587891,0.9998857378959656,0.5241644978523254,0.23198141157627106,-0.742482602596283,0.9998595118522644,0.4799228608608246,0.22915346920490265,-0.7459670901298523,0.9999234080314636,0.47129112482070923,0.22896821796894073,-0.7461177706718445,0.9999278783798218,0.4649597406387329,0.22878165543079376,-0.746414303779602,0.9999331831932068,0.5314098000526428,0.2507277727127075,-0.4683206379413605,0.9998425245285034,0.4540053904056549,0.2494855523109436,-0.48078423738479614,0.999932050704956,0.5092354416847229,0.3064563274383545,-0.6723968982696533,0.999965250492096,0.4758721888065338,0.3063037395477295,-0.6765499711036682,0.9999741911888123,0.5896425843238831,0.47071024775505066,-0.2631336748600006,0.9996374249458313,0.3930017054080963,0.47562748193740845,-0.2737284302711487,0.9997883439064026,0.6172860264778137,0.7818499803543091,-0.37357285618782043,0.9775664806365967,0.3397948145866394,0.7699360251426697,-0.42798322439193726,0.9945271611213684,0.5404237508773804,0.7601067423820496,-0.7798922657966614,0.9507341980934143,0.4239709973335266,0.707405686378479,-0.9090953469276428,0.971320629119873,0.511979877948761,0.772165060043335,-0.8652393221855164,0.8609182238578796,0.4637858271598816,0.7093819379806519,-1.0060325860977173,0.8900864124298096,0.5221170783042908,0.7349488139152527,-0.8723101019859314,0.8605157136917114,0.4672359526157379,0.6627535820007324,-1.0044376850128174,0.8928558826446533,0.5278489589691162,0.7141677737236023,-0.7897402048110962,0.8429783582687378,0.45800450444221497,0.6584780216217041,-0.9150267839431763,0.8813704252243042,0.55069899559021,0.9746734499931335,-0.011053510941565037,0.9021844267845154,0.4254858195781708,0.9719762802124023,0.012093956582248211,0.920301616191864,0.55726158618927,1.349622130393982,0.14202632009983063,0.057046450674533844,0.423045814037323,1.3494666814804077,0.14204716682434082,0.041316453367471695,0.5598040223121643,1.6813033819198608,0.5729511380195618,0.004776590969413519,0.4339160621166229,1.6773792505264282,0.5086017847061157,0.0029944367706775665,0.5628964304924011,1.7314785718917847,0.5989366769790649,0.0036249749828130007,0.43247225880622864,1.7262698411941528,0.5360093712806702,0.00613335520029068,0.5433371663093567,1.7957098484039307,0.30061808228492737,0.0019523800583556294,0.4558180868625641,1.7967638969421387,0.21767868101596832,0.0069117434322834015,0.0,0.0,0.0,0.0,0.0,0.0,0.0,0.0,0.0,0.0,0.0,0.0,0.0,0.0,0.0,0.0,0.0,0.0,0.0,0.0,0.0,0.0,0.0,0.0,0.0,0.0,0.0,0.0,0.0,0.0,0.0,0.0,0.0,0.0,0.0,0.0,0.0,0.0,0.0,0.0,0.0,0.0,0.0,0.0,0.0,0.0,0.0,0.0,0.0,0.0,0.0,0.0,0.0,0.0,0.0,0.0,0.0,0.0,0.0,0.0,0.0,0.0,0.0,0.42563506960868835,0.6857803463935852,-1.795986293018359e-07,0.4369208514690399,0.6406227946281433,-0.012004511430859566,0.45685750246047974,0.621279776096344,-0.01661914773285389,0.47806379199028015,0.6113272905349731,-0.018559398129582405,0.4938637316226959,0.6048190593719482,-0.018765855580568314,0.4776872992515564,0.6764411926269531,-0.015313234180212021,0.4971332550048828,0.6315819621086121,-0.018131963908672333,0.484627902507782,0.621148407459259,-0.01823236048221588,0.474800705909729,0.6305556893348694,-0.01788768544793129,0.4812992215156555,0.6903082728385925,-0.009436623193323612,0.4980573356151581,0.6415063738822937,-0.014107471331954002,0.48667824268341064,0.6304837465286255,-0.014928742311894894,0.47775453329086304,0.6400988101959229,-0.015047489665448666,0.48150044679641724,0.6942262053489685,-0.003651855979114771,0.4979149103164673,0.6488230228424072,-0.008985408581793308,0.4886942505836487,0.6378907561302185,-0.00848566647619009,0.47976598143577576,0.6473478674888611,-0.00720794266089797,0.48120105266571045,0.6901106834411621,0.0016787302447482944,0.49444901943206787,0.653520405292511,-0.004006942268460989,0.4869663417339325,0.6451334953308105,-0.0042564598843455315,0.47918763756752014,0.6543881893157959,-0.0031370690558105707
0.49283117055892944,0.2646712064743042,-0.7759989500045776,0.9999183416366577,0.5067957639694214,0.23050692677497864,-0.7412571310997009,0.9998973608016968,0.5157209038734436,0.23120027780532837,-0.7412813901901245,0.9998767971992493,0.523513674736023,0.2316609025001526,-0.7411892414093018,0.9998480677604675,0.47947582602500916,0.2292121946811676,-0.7437822818756104,0.9999176859855652,0.47093576192855835,0.2290453016757965,-0.7439388036727905,0.999922513961792,0.46458014845848083,0.2289576381444931,-0.7442290186882019,0.9999284744262695,0.5305755138397217,0.2501161992549896,-0.47005224227905273,0.9998287558555603,0.4535963237285614,0.2492617815732956,-0.4794873595237732,0.9999266862869263,0.5087167620658875,0.30611109733581543,-0.6713191866874695,0.9999620914459229,0.4756362736225128,0.30587124824523926,-0.6743354797363281,0.9999721050262451,0.5889061689376831,0.4705618917942047,-0.26649919152259827,0.9996191263198853,0.39264360070228577,0.474534273147583,-0.2729382812976837,0.999785304069519,0.6156759262084961,0.7797755599021912,-0.37499964237213135,0.9776296019554138,0.3392469584941864,0.7693830132484436,-0.43465524911880493,0.9945497512817383,0.542316198348999,0.7517814636230469,-0.7869387269020081,0.9514465928077698,0.42249950766563416,0.7033309936523438,-0.9223195314407349,0.9720509648323059,0.5211631059646606,0.7579068541526794,-0.8726660013198853,0.8633817434310913,0.4624621272087097,0.7053524851799011,-1.0200762748718262,0.8926565647125244,0.5269590020179749,0.7223703265190125,-0.8777445554733276,0.8628457188606262,0.4662494957447052,0.6588249802589417,-1.0168735980987549,0.8952417373657227,0.5308754444122314,0.7114644646644592,-0.7960296273231506,0.8450623154640198,0.4571564793586731,0.655182421207428,-0.9278395175933838,0.8834229707717896,0.5500193238258362,0.9750044941902161,-0.011320655234158039,0.9027165174484253,0.42408573627471924,0.97101891040802,0.01234875526279211,0.9208632707595825,0.5569313168525696,1.3495805263519287,0.14989329874515533,0.05830152705311775,0.4226246774196625,1.3495607376098633,0.15091657638549805,0.04261154681444168,0.5591328740119934,1.6813147068023682,0.5871492624282837,0.004820907022804022,0.43212348222732544,1.6778405904769897,0.5244652032852173,0.0030686527024954557,0.5622557997703552,1.7317942380905151,0.6142979264259338,0.003647492965683341,0.4304448962211609,1.7268296480178833,0.5529868602752686,0.006271288730204105,0.541882336139679,1.796980857849121,0.32024890184402466,0.001981438137590885,0.45421549677848816,1.798194408416748,0.2382030189037323,0.0070207868702709675,0.0,0.0,0.0,0.0,0.0,0.0,0.0,0.0,0.0,0.0,0.0,0.0,0.0,0.0,0.0,0.0,0.0,0.0,0.0,0.0,0.0,0.0,0.0,0.0,0.0,0.0,0.0,0.0,0.0,0.0,0.0,0.0,0.0,0.0,0.0,0.0,0.0,0.0,0.0,0.0,0.0,0.0,0.0,0.0,0.0,0.0,0.0,0.0,0.0,0.0,0.0,0.0,0.0,0.0,0.0,0.0,0.0,0.0,0.0,0.0,0.0,0.0,0.0,0.42488640546798706,0.6857436299324036,-1.8128723411336978e-07,0.4367494583129883,0.6396600604057312,-0.01191242877393961,0.45689496397972107,0.6199343204498291,-0.01667751744389534,0.47817760705947876,0.6102701425552368,-0.018786869943141937,0.494008332490921,0.6047717332839966,-0.019205696880817413,0.4782387912273407,0.6752747893333435,-0.015165229327976704,0.4970686733722687,0.6305930614471436,-0.017915355041623116,0.48460641503334045,0.6196073889732361,-0.018168453127145767,0.4747680127620697,0.6285588145256042,-0.017993466928601265,0.4815357029438019,0.6898699998855591,-0.009347492828965187,0.4978189170360565,0.6409787535667419,-0.013897735625505447,0.4865815341472626,0.6297115683555603,-0.014807404018938541,0.477408766746521,0.6389931440353394,-0.015092049725353718,0.48137661814689636,0.694375216960907,-0.0035927908029407263,0.497549831867218,0.6490282416343689,-0.008816685527563095,0.48842570185661316,0.6380274891853333,-0.008273250423371792,0.47924354672431946,0.647167980670929,-0.007066566031426191,0.4807491898536682,0.6907327175140381,0.0017218985594809055,0.49380791187286377,0.6541100144386292,-0.003853088477626443,0.48631712794303894,0.6456409692764282,-0.003987115807831287,0.4784879684448242,0.654532790184021,-0.0028334297239780426
0.4927092492580414,0.26480329036712646,-0.7592551112174988,0.999910831451416,0.5064591765403748,0.23052458465099335,-0.7259184122085571,0.9998874068260193,0.5153090953826904,0.2311282902956009,-0.7259523868560791,0.9998656511306763,0.523104727268219,0.23150229454040527,-0.7258626818656921,0.9998337626457214,0.4791436493396759,0.22931961715221405,-0.7296173572540283,0.9999099969863892,0.47060057520866394,0.229191392660141,-0.7297876477241516,0.9999154806137085,0.4642557203769684,0.22920602560043335,-0.7300847768783569,0.9999222159385681,0.5301646590232849,0.2498350888490677,-0.4597873389720917,0.9998129606246948,0.453126460313797,0.24930332601070404,-0.47413673996925354,0.9999206066131592,0.5086213946342468,0.3060932457447052,-0.6561682224273682,0.999958336353302,0.4756966531276703,0.3057384490966797,-0.6607569456100464,0.9999696612358093,0.5894859433174133,0.46992942690849304,-0.25841644406318665,0.9995965361595154,0.39207738637924194,0.47562628984451294,-0.27284368872642517,0.9997791051864624,0.6153529286384583,0.7809646725654602,-0.37440890073776245,0.9774476289749146,0.3393603265285492,0.7718307971954346,-0.43636468052864075,0.9944729208946228,0.532492995262146,0.7482364773750305,-0.7819018959999084,0.9517017006874084,0.4238720238208771,0.7019631862640381,-0.9135492444038391,0.9723881483078003,0.5143541097640991,0.7566362023353577,-0.866972804069519,0.8649197220802307,0.46314674615859985,0.7022708058357239,-1.0092555284500122,0.8935297131538391,0.5133678913116455,0.7044777274131775,-0.8705126643180847,0.8643288016319275,0.467634379863739,0.6553950309753418,-1.006015658378601,0.8958020210266113,0.5228625535964966,0.7061735987663269,-0.7905009388923645,0.8463695049285889,0.4588905870914459,0.6529521346092224,-0.9188157916069031,0.8837094902992249,0.5500088930130005,0.9738582968711853,-0.011084550991654396,0.9006419777870178,0.424459844827652,0.9703719615936279,0.012086177244782448,0.9192988872528076,0.5583892464637756,1.3495732545852661,0.14487771689891815,0.057481516152620316,0.4227660298347473,1.3497711420059204,0.14404773712158203,0.0419485829770565,0.5625636577606201,1.6828173398971558,0.5625556111335754,0.004681294318288565,0.43439510464668274,1.6798409223556519,0.5042555928230286,0.0030017972458153963,0.5663164854049683,1.734117865562439,0.5877825617790222,0.0035705899354070425,0.4326547384262085,1.7297494411468506,0.5313622951507568,0.006108016241341829,0.5449733138084412,1.800140380859375,0.2933560907840729,0.0019477457972243428,0.4574161469936371,1.800719141960144,0.2177877128124237,0.006886206567287445,0.0,0.0,0.0,0.0,0.0,0.0,0.0,0.0,0.0,0.0,0.0,0.0,0.0,0.0,0.0,0.0,0.0,0.0,0.0,0.0,0.0,0.0,0.0,0.0,0.0,0.0,0.0,0.0,0.0,0.0,0.0,0.0,0.0,0.0,0.0,0.0,0.0,0.0,0.0,0.0,0.0,0.0,0.0,0.0,0.0,0.0,0.0,0.0,0.0,0.0,0.0,0.0,0.0,0.0,0.0,0.0,0.0,0.0,0.0,0.0,0.0,0.0,0.0,0.4247472286224365,0.6841873526573181,-1.8677427249258471e-07,0.4361872375011444,0.6392542123794556,-0.01204815786331892,0.4563259780406952,0.6202276349067688,-0.016964318230748177,0.47753143310546875,0.6102834343910217,-0.019164834171533585,0.49341997504234314,0.604163408279419,-0.01972811110317707,0.4776151478290558,0.6765291690826416,-0.01642330177128315,0.4959988594055176,0.6289389133453369,-0.019287213683128357,0.4832141697406769,0.6187688708305359,-0.019394680857658386,0.4733646512031555,0.6284013986587524,-0.01906581223011017,0.48099392652511597,0.6901513934135437,-0.010539903305470943,0.4974434971809387,0.6395825743675232,-0.015366395004093647,0.4859248995780945,0.6287271976470947,-0.016310209408402443,0.47647175192832947,0.637822687625885,-0.016545889899134636,0.48077747225761414,0.6936018466949463,-0.004583936184644699,0.49718528985977173,0.647101104259491,-0.010093916207551956,0.48782405257225037,0.6364039778709412,-0.00961164478212595,0.4783603847026825,0.6455965042114258,-0.008353427983820438,0.48020899295806885,0.6888236999511719,0.0009877919219434261,0.4935566484928131,0.6514711976051331,-0.004946936387568712,0.48594552278518677,0.6433533430099487,-0.005124824587255716,0.47785112261772156,0.652606725692749,-0.0038864295929670334
0.4922404885292053,0.2649664878845215,-0.75382399559021,0.9999086260795593,0.5059543251991272,0.23068863153457642,-0.7208519577980042,0.9998838901519775,0.5148617029190063,0.231305330991745,-0.7208945155143738,0.9998620748519897,0.5228543877601624,0.23176692426204681,-0.720802903175354,0.999829113483429,0.47836294770240784,0.22954051196575165,-0.7241342067718506,0.9999072551727295,0.4701536297798157,0.22950777411460876,-0.7243190407752991,0.999913215637207,0.46359607577323914,0.22962117195129395,-0.7246018648147583,0.9999200105667114,0.5303239226341248,0.25032952427864075,-0.4579607844352722,0.9998088479042053,0.4524509608745575,0.24985258281230927,-0.47228214144706726,0.9999184608459473,0.5080652832984924,0.3062116205692291,-0.6523523926734924,0.9999575018882751,0.4752434492111206,0.3057432174682617,-0.6566508412361145,0.9999690651893616,0.5892421007156372,0.4699505567550659,-0.26248282194137573,0.9995940327644348,0.39110925793647766,0.4772796630859375,-0.2701933681964874,0.999779224395752,0.6150376796722412,0.7845230102539062,-0.3733232915401459,0.9777472019195557,0.33868318796157837,0.7734977006912231,-0.43450966477394104,0.9943849444389343,0.5245424509048462,0.7462543249130249,-0.7652460932731628,0.9530177712440491,0.42245522141456604,0.7026435136795044,-0.9202473759651184,0.9724553823471069,0.5082131028175354,0.7596727013587952,-0.8486841917037964,0.8681908249855042,0.46133190393447876,0.7032750844955444,-1.0171557664871216,0.8937762379646301,0.5070157647132874,0.7053864598274231,-0.853659451007843,0.8675746321678162,0.46640029549598694,0.6593617796897888,-1.0139577388763428,0.8958097696304321,0.5145246386528015,0.7023639678955078,-0.7738379240036011,0.8494454622268677,0.457788348197937,0.6558968424797058,-0.9259136915206909,0.8833674192428589,0.5500065088272095,0.9748035669326782,-0.011789238080382347,0.898384690284729,0.4254642128944397,0.970436692237854,0.012899205088615417,0.9174535870552063,0.5573090314865112,1.3515514135360718,0.1349913328886032,0.05759714916348457,0.42180967330932617,1.3515545129776,0.14562366902828217,0.04200184345245361,0.5614908337593079,1.686792254447937,0.5458730459213257,0.004685718100517988,0.4340699315071106,1.6833717823028564,0.5079211592674255,0.0030201482586562634,0.5649513006210327,1.7379971742630005,0.5701951384544373,0.0035519301891326904,0.43248364329338074,1.7328728437423706,0.5351818203926086,0.006112238392233849,0.544134795665741,1.8053725957870483,0.27416449785232544,0.001944689778611064,0.4573632478713989,1.8054980039596558,0.22054335474967957,0.006901084445416927,0.0,0.0,0.0,0.0,0.0,0.0,0.0,0.0,0.0,0.0,0.0,0.0,0.0,0.0,0.0,0.0,0.0,0.0,0.0,0.0,0.0,0.0,0.0,0.0,0.0,0.0,0.0,0.0,0.0,0.0,0.0,0.0,0.0,0.0,0.0,0.0,0.0,0.0,0.0,0.0,0.0,0.0,0.0,0.0,0.0,0.0,0.0,0.0,0.0,0.0,0.0,0.0,0.0,0.0,0.0,0.0,0.0,0.0,0.0,0.0,0.0,0.0,0.0,0.4242511987686157,0.6846932172775269,-1.8124889322734816e-07,0.43578314781188965,0.6395228505134583,-0.012399829924106598,0.4557594060897827,0.6202185750007629,-0.017202800139784813,0.47700709104537964,0.6101930737495422,-0.019225070253014565,0.4927193522453308,0.60349440574646,-0.019516609609127045,0.47702518105506897,0.6763772368431091,-0.015671348199248314,0.49587365984916687,0.6302722692489624,-0.01860300451517105,0.4835435748100281,0.6191168427467346,-0.018875613808631897,0.4737321138381958,0.6281607151031494,-0.018639035522937775,0.4805485010147095,0.6898704171180725,-0.009552636183798313,0.49693161249160767,0.6401957869529724,-0.014346362091600895,0.4856366813182831,0.6288844347000122,-0.01534214150160551,0.47639819979667664,0.6380818486213684,-0.01557503454387188,0.48061424493789673,0.6933276653289795,-0.0035224445164203644,0.49691763520240784,0.6472163796424866,-0.009012389928102493,0.4876062572002411,0.6361982822418213,-0.008563609793782234,0.47833162546157837,0.6452978253364563,-0.0072975060902535915,0.48015162348747253,0.6887792348861694,0.0020381268113851547,0.49316492676734924,0.6518652439117432,-0.003936623223125935,0.485487699508667,0.6435291171073914,-0.004269723780453205,0.47753921151161194,0.6524769067764282,-0.0031272568739950657
0.4907444417476654,0.26536116003990173,-0.7627602815628052,0.9999138116836548,0.5046650171279907,0.23107191920280457,-0.7300330400466919,0.9998900294303894,0.5130938291549683,0.2318798452615738,-0.7300609946250916,0.9998699426651001,0.5212084054946899,0.23263834416866302,-0.7299584150314331,0.9998390674591064,0.47739002108573914,0.2299126535654068,-0.7324119806289673,0.9999113082885742,0.4695890247821808,0.22999075055122375,-0.732559859752655,0.9999169707298279,0.46256670355796814,0.23018288612365723,-0.7328236699104309,0.9999228119850159,0.5295360684394836,0.25162485241889954,-0.46550142765045166,0.9998204708099365,0.45214733481407166,0.2506009638309479,-0.4763973653316498,0.9999210834503174,0.5066245198249817,0.3067733645439148,-0.6607934236526489,0.9999603629112244,0.4742041826248169,0.30586308240890503,-0.6642716526985168,0.9999706745147705,0.5882821679115295,0.47010529041290283,-0.27117952704429626,0.9996350407600403,0.38974815607070923,0.4777386784553528,-0.270480215549469,0.9997879266738892,0.6138204336166382,0.7818757891654968,-0.37188681960105896,0.979721188545227,0.3382791578769684,0.7715542316436768,-0.4407743215560913,0.9945211410522461,0.5337721705436707,0.75587397813797,-0.7597973346710205,0.9574821591377258,0.4193349778652191,0.7033624649047852,-0.9482863545417786,0.973646342754364,0.5051152110099792,0.7725104689598083,-0.8439098000526428,0.8787309527397156,0.4561394453048706,0.7072141170501709,-1.0477931499481201,0.8979318141937256,0.513529896736145,0.7349289655685425,-0.8542622327804565,0.8782032132148743,0.46299731731414795,0.6638867855072021,-1.0459104776382446,0.8998618125915527,0.5213833451271057,0.7221478819847107,-0.7698783278465271,0.8604176044464111,0.4544011354446411,0.6593682169914246,-0.9548338651657104,0.8876250386238098,0.5494654774665833,0.974403440952301,-0.01250859908759594,0.9002076983451843,0.4244771897792816,0.9712650775909424,0.013660184107720852,0.9181833267211914,0.556566059589386,1.3525935411453247,0.12300588935613632,0.059228282421827316,0.4221985638141632,1.352195382118225,0.13109102845191956,0.04254930466413498,0.5604012608528137,1.6876790523529053,0.5374724268913269,0.004829712677747011,0.43367645144462585,1.6839920282363892,0.4824884831905365,0.003086386015638709,0.5640384554862976,1.7373180389404297,0.5618652701377869,0.0036276578903198242,0.43215128779411316,1.732256293296814,0.508239209651947,0.006196926347911358,0.5428398847579956,1.804663896560669,0.2663745880126953,0.001992307137697935,0.4563542902469635,1.8047099113464355,0.1928287148475647,0.006905011832714081,0.0,0.0,0.0,0.0,0.0,0.0,0.0,0.0,0.0,0.0,0.0,0.0,0.0,0.0,0.0,0.0,0.0,0.0,0.0,0.0,0.0,0.0,0.0,0.0,0.0,0.0,0.0,0.0,0.0,0.0,0.0,0.0,0.0,0.0,0.0,0.0,0.0,0.0,0.0,0.0,0.0,0.0,0.0,0.0,0.0,0.0,0.0,0.0,0.0,0.0,0.0,0.0,0.0,0.0,0.0,0.0,0.0,0.0,0.0,0.0,0.0,0.0,0.0,0.4250049591064453,0.6840918660163879,-1.6976335359686345e-07,0.43639135360717773,0.6385836005210876,-0.011226045899093151,0.4559498429298401,0.6184747219085693,-0.015696730464696884,0.4768584072589874,0.6071652770042419,-0.017668122425675392,0.4924553632736206,0.6017132997512817,-0.018009088933467865,0.47693294286727905,0.6757993698120117,-0.01456488948315382,0.49533841013908386,0.6295680999755859,-0.016924386844038963,0.48330244421958923,0.6191887259483337,-0.016744032502174377,0.47382402420043945,0.628188967704773,-0.01619330421090126,0.4805959463119507,0.6886450052261353,-0.008846894837915897,0.4964334964752197,0.6398316025733948,-0.012685906141996384,0.48552966117858887,0.6294565200805664,-0.013538721017539501,0.4768266975879669,0.6385691165924072,-0.013856003060936928,0.48069676756858826,0.6925345659255981,-0.0031060536857694387,0.4963229298591614,0.6470543146133423,-0.007380001712590456,0.4872862696647644,0.6365910172462463,-0.006996094714850187,0.47830960154533386,0.6458023190498352,-0.006065664812922478,0.48026832938194275,0.6887030005455017,0.002259759232401848,0.4926110804080963,0.6525581479072571,-0.002496282337233424,0.48543769121170044,0.6445035338401794,-0.002666139742359519,0.47802481055259705,0.6535879373550415,-0.0016621359391137958
0.48942121863365173,0.265421599149704,-0.7527986764907837,0.9999206066131592,0.5034383535385132,0.2311965376138687,-0.7191007733345032,0.9998981952667236,0.5117422938346863,0.2319987714290619,-0.7191292643547058,0.9998800754547119,0.5197886824607849,0.23283939063549042,-0.7190214991569519,0.9998520016670227,0.4763166308403015,0.2300911247730255,-0.7213013172149658,0.9999172687530518,0.4688563048839569,0.23024116456508636,-0.7214509844779968,0.9999224543571472,0.46144089102745056,0.23046943545341492,-0.7216886281967163,0.9999274015426636,0.5288477540016174,0.2522381842136383,-0.45610493421554565,0.9998352527618408,0.4516894221305847,0.2511725425720215,-0.46962136030197144,0.9999252557754517,0.5057171583175659,0.3065691590309143,-0.6524327993392944,0.9999637007713318,0.47317981719970703,0.30554383993148804,-0.6557394862174988,0.9999726414680481,0.5874148607254028,0.47088322043418884,-0.270059734582901,0.9996723532676697,0.38919681310653687,0.47855156660079956,-0.26320356130599976,0.9997995495796204,0.6131523847579956,0.7814784049987793,-0.3704177141189575,0.9814653992652893,0.3388628363609314,0.7686483860015869,-0.41936954855918884,0.994516134262085,0.5324650406837463,0.7491148710250854,-0.7579059600830078,0.9611584544181824,0.41861197352409363,0.7055147886276245,-0.9288772344589233,0.9737815260887146,0.5034332275390625,0.7642479538917542,-0.8425172567367554,0.8878998756408691,0.4548572897911072,0.7108212113380432,-1.028276801109314,0.8993164300918579,0.5121128559112549,0.7292543053627014,-0.8538503646850586,0.8876182436943054,0.462064653635025,0.6675685048103333,-1.0270473957061768,0.9011420011520386,0.519715428352356,0.7174637913703918,-0.7684013843536377,0.8698897957801819,0.4536309838294983,0.6629485487937927,-0.9359657764434814,0.888766348361969,0.5493279099464417,0.972209095954895,-0.013864891603589058,0.9000738859176636,0.42460358142852783,0.9701440930366516,0.014981848187744617,0.9175019860267639,0.555566132068634,1.351343035697937,0.10898987948894501,0.059997737407684326,0.42275017499923706,1.3509747982025146,0.1283046007156372,0.04267129674553871,0.5593056082725525,1.6840827465057373,0.5136897563934326,0.005021368153393269,0.43464773893356323,1.682381272315979,0.4729330241680145,0.0032039424404501915,0.5625631809234619,1.7317734956741333,0.5370094180107117,0.0036637145094573498,0.4335245192050934,1.7291053533554077,0.49755504727363586,0.0063293627463281155,0.5423628091812134,1.7994989156723022,0.24064096808433533,0.002065166598185897,0.4560006558895111,1.8008006811141968,0.18235716223716736,0.006956102326512337,0.0,0.0,0.0,0.0,0.0,0.0,0.0,0.0,0.0,0.0,0.0,0.0,0.0,0.0,0.0,0.0,0.0,0.0,0.0,0.0,0.0,0.0,0.0,0.0,0.0,0.0,0.0,0.0,0.0,0.0,0.0,0.0,0.0,0.0,0.0,0.0,0.0,0.0,0.0,0.0,0.0,0.0,0.0,0.0,0.0,0.0,0.0,0.0,0.0,0.0,0.0,0.0,0.0,0.0,0.0,0.0,0.0,0.0,0.0,0.0,0.0,0.0,0.0,0.4222252368927002,0.6855754256248474,-1.8870913720547833e-07,0.43516865372657776,0.6387629508972168,-0.011150418780744076,0.4562870264053345,0.617952823638916,-0.015340007841587067,0.47788527607917786,0.606721043586731,-0.016839003190398216,0.4933701753616333,0.60239177942276,-0.016670361161231995,0.47688373923301697,0.67558753490448,-0.015012538991868496,0.49545493721961975,0.6272857189178467,-0.01675918512046337,0.4824979305267334,0.6174047589302063,-0.016159918159246445,0.47296780347824097,0.6270285844802856,-0.01546491589397192,0.4802314341068268,0.6888185143470764,-0.008986028842628002,0.49610984325408936,0.6374558210372925,-0.012562407180666924,0.4843759536743164,0.6274888515472412,-0.013114933855831623,0.47501492500305176,0.6370068788528442,-0.013289012014865875,0.47998806834220886,0.6923077702522278,-0.002759491326287389,0.4955280125141144,0.6450338363647461,-0.007000843528658152,0.4856976866722107,0.6353573799133301,-0.006377949845045805,0.4759581387042999,0.6449779868125916,-0.005323944613337517,0.4791741967201233,0.6879305243492126,0.0031556542962789536,0.49106043577194214,0.6502653360366821,-0.0017899831291288137,0.48321542143821716,0.6434879302978516,-0.0018139121821150184,0.4754016399383545,0.6531626582145691,-0.0006427202606573701
0.48909473419189453,0.2654595971107483,-0.7612695097923279,0.9999223947525024,0.5031249523162842,0.2312539666891098,-0.7286499738693237,0.9999008178710938,0.5113623142242432,0.23195594549179077,-0.7286737561225891,0.9998836517333984,0.5190306901931763,0.23296114802360535,-0.7285720705986023,0.9998570084571838,0.47616493701934814,0.23021933436393738,-0.7301154732704163,0.9999187588691711,0.4688946306705475,0.23040862381458282,-0.7302420735359192,0.999923586845398,0.4611274302005768,0.23066852986812592,-0.7304927706718445,0.9999280571937561,0.5282942056655884,0.2523610293865204,-0.4658060371875763,0.99984210729599,0.45101723074913025,0.2514614462852478,-0.47166889905929565,0.9999255537986755,0.5055593848228455,0.3063090741634369,-0.6603618860244751,0.9999650716781616,0.4730512499809265,0.3051004111766815,-0.6621935367584229,0.9999731183052063,0.586487889289856,0.4705910384654999,-0.2794872224330902,0.9996938109397888,0.3880707919597626,0.4779943823814392,-0.2647649347782135,0.9998029470443726,0.613533079624176,0.7825236916542053,-0.3873576521873474,0.9823467135429382,0.33859580755233765,0.7685506343841553,-0.43947896361351013,0.9944400787353516,0.5286865830421448,0.7406120896339417,-0.780582070350647,0.9632736444473267,0.4191567599773407,0.7030779123306274,-0.9470617771148682,0.9736624956130981,0.5003427267074585,0.7537841796875,-0.8659440875053406,0.8930546641349792,0.45561161637306213,0.7060683965682983,-1.0456162691116333,0.8992686867713928,0.5091328024864197,0.7083998322486877,-0.8743095397949219,0.8929349780082703,0.46091708540916443,0.6609498262405396,-1.0445291996002197,0.9011180400848389,0.5164316892623901,0.7003093957901001,-0.7901983261108398,0.8753888010978699,0.4529188573360443,0.6570868492126465,-0.9542890191078186,0.8889309167861938,0.548577070236206,0.9719042778015137,-0.014728397130966187,0.8994154334068298,0.42351463437080383,0.969098687171936,0.01581280119717121,0.9166730046272278,0.5558803081512451,1.3502259254455566,0.10730977356433868,0.058811530470848083,0.42237919569015503,1.349467396736145,0.1453203558921814,0.04156007617712021,0.5595810413360596,1.6841572523117065,0.5093356370925903,0.004871099255979061,0.4343684911727905,1.6811541318893433,0.5024855136871338,0.0030841410625725985,0.5632662177085876,1.7319836616516113,0.5324597954750061,0.003564533544704318,0.4327961504459381,1.728366732597351,0.5290040373802185,0.006132575683295727,0.5419552326202393,1.8005704879760742,0.2328091561794281,0.0019883746281266212,0.4560856521129608,1.7997475862503052,0.21450813114643097,0.006668101064860821,0.0,0.0,0.0,0.0,0.0,0.0,0.0,0.0,0.0,0.0,0.0,0.0,0.0,0.0,0.0,0.0,0.0,0.0,0.0,0.0,0.0,0.0,0.0,0.0,0.0,0.0,0.0,0.0,0.0,0.0,0.0,0.0,0.0,0.0,0.0,0.0,0.0,0.0,0.0,0.0,0.0,0.0,0.0,0.0,0.0,0.0,0.0,0.0,0.0,0.0,0.0,0.0,0.0,0.0,0.0,0.0,0.0,0.0,0.0,0.0,0.0,0.0,0.0,0.42384660243988037,0.6819478869438171,-1.707452099708462e-07,0.4356640875339508,0.6365957260131836,-0.011169873178005219,0.45525407791137695,0.6170029640197754,-0.015824660658836365,0.47600817680358887,0.6060830950737,-0.01794528029859066,0.49177008867263794,0.5994784832000732,-0.018464593216776848,0.47663289308547974,0.6733406186103821,-0.014587534591555595,0.4948217272758484,0.6268086433410645,-0.016595352441072464,0.48274001479148865,0.6163379549980164,-0.01627424918115139,0.4732963442802429,0.6250689029693604,-0.015693020075559616,0.48006123304367065,0.6873650550842285,-0.008767145685851574,0.49555253982543945,0.6382551789283752,-0.01216446328908205,0.4847332537174225,0.6279338598251343,-0.012953917495906353,0.47573789954185486,0.6365794539451599,-0.013396148569881916,0.4798501431941986,0.6923244595527649,-0.0028378055430948734,0.4948355555534363,0.6469792723655701,-0.006586742587387562,0.4858671724796295,0.6370680928230286,-0.006048030685633421,0.4766490161418915,0.6459392309188843,-0.005248789209872484,0.47934219241142273,0.6893137097358704,0.0027233362197875977,0.4911476671695709,0.6534924507141113,-0.0016342594753950834,0.4838027358055115,0.6460098028182983,-0.001625901903025806,0.4763844609260559,0.6547704339027405,-0.0006213485030457377
0.48791661858558655,0.265084832906723,-0.746206521987915,0.9999229311943054,0.5020657777786255,0.23088540136814117,-0.7135830521583557,0.9999011754989624,0.5104172825813293,0.23136766254901886,-0.7136157155036926,0.9998847246170044,0.518022894859314,0.2323557287454605,-0.7135319113731384,0.9998584389686584,0.4750518500804901,0.2300124168395996,-0.715603768825531,0.9999188780784607,0.46795883774757385,0.23020081222057343,-0.7157546281814575,0.9999240636825562,0.4600776731967926,0.23047001659870148,-0.7160176038742065,0.99992835521698,0.527617871761322,0.25183388590812683,-0.4495474398136139,0.9998451471328735,0.45042380690574646,0.2513466775417328,-0.4621257185935974,0.9999257326126099,0.5045225024223328,0.3058355152606964,-0.6472433805465698,0.9999653100967407,0.47200658917427063,0.30448076128959656,-0.6494140028953552,0.9999732375144958,0.5870347619056702,0.4710691571235657,-0.2637661397457123,0.9996957182884216,0.3880161941051483,0.47706344723701477,-0.2569839060306549,0.9998047947883606,0.610418438911438,0.7839875221252441,-0.36978062987327576,0.9826307892799377,0.33955153822898865,0.7710615992546082,-0.4182574450969696,0.9942164421081543,0.5270073413848877,0.7565125226974487,-0.7432547211647034,0.9617822170257568,0.42187243700027466,0.7017577290534973,-0.8970395922660828,0.9725854992866516,0.49732503294944763,0.7692927122116089,-0.8231626749038696,0.8904748558998108,0.4576306641101837,0.7030168175697327,-0.9920881390571594,0.896902322769165,0.5062323808670044,0.7335547208786011,-0.8319557905197144,0.8905277848243713,0.4645478427410126,0.655609130859375,-0.9873777627944946,0.8986158967018127,0.512173056602478,0.7204847931861877,-0.752663791179657,0.8721604943275452,0.4555976688861847,0.6531148552894592,-0.9023749828338623,0.8858084678649902,0.5463473200798035,0.9724533557891846,-0.0141270337626338,0.8990308046340942,0.42106589674949646,0.9678507447242737,0.015252267941832542,0.916724681854248,0.5497036576271057,1.3511018753051758,0.1240210011601448,0.05979634448885918,0.4161736071109772,1.3497880697250366,0.13059036433696747,0.0429794006049633,0.5528377890586853,1.6830847263336182,0.5187126994132996,0.0050289323553442955,0.42781057953834534,1.681491494178772,0.46212437748908997,0.003335518529638648,0.5557520985603333,1.7314006090164185,0.541648805141449,0.0035671484656631947,0.4269087612628937,1.7283127307891846,0.4854201674461365,0.006323664449155331,0.5364487767219543,1.7970221042633057,0.2500341832637787,0.0020635121036320925,0.4477123022079468,1.799806833267212,0.17442923784255981,0.0068420483730733395,0.0,0.0,0.0,0.0,0.0,0.0,0.0,0.0,0.0,0.0,0.0,0.0,0.0,0.0,0.0,0.0,0.0,0.0,0.0,0.0,0.0,0.0,0.0,0.0,0.0,0.0,0.0,0.0,0.0,0.0,0.0,0.0,0.0,0.0,0.0,0.0,0.0,0.0,0.0,0.0,0.0,0.0,0.0,0.0,0.0,0.0,0.0,0.0,0.0,0.0,0.0,0.0,0.0,0.0,0.0,0.0,0.0,0.0,0.0,0.0,0.0,0.0,0.0,0.42436832189559937,0.680005669593811,-1.7539353791562462e-07,0.43523120880126953,0.6354374289512634,-0.011625981889665127,0.4548015594482422,0.6166056394577026,-0.01649361103773117,0.4756053388118744,0.6061969995498657,-0.018660645931959152,0.49129900336265564,0.599641740322113,-0.019129382446408272,0.47594180703163147,0.6720627546310425,-0.015986919403076172,0.4941655993461609,0.6256324052810669,-0.018263375386595726,0.48183104395866394,0.6162739992141724,-0.017739979550242424,0.4724538028240204,0.6257917881011963,-0.017028551548719406,0.47943606972694397,0.6867095232009888,-0.010175371542572975,0.49523553252220154,0.6371951103210449,-0.014223771169781685,0.48436594009399414,0.6271651983261108,-0.01473249401897192,0.4755869209766388,0.6361717581748962,-0.01485466118901968,0.4793742299079895,0.6915839910507202,-0.004243794362992048,0.4946443736553192,0.6458010673522949,-0.008786728605628014,0.4859428405761719,0.6359736919403076,-0.008019551634788513,0.4772911071777344,0.6450372934341431,-0.006888301577419043,0.4790595471858978,0.6881639957427979,0.001307025901041925,0.4913809299468994,0.6519986987113953,-0.0038178216200321913,0.4840525686740875,0.6444590091705322,-0.0038225464522838593,0.4766235649585724,0.6533811688423157,-0.0026894467882812023
0.4886239171028137,0.2649787366390228,-0.7297031879425049,0.9999235272407532,0.5023767948150635,0.23070983588695526,-0.6959578990936279,0.999901533126831,0.5106703639030457,0.23097199201583862,-0.6959848403930664,0.9998854994773865,0.5180047154426575,0.23181664943695068,-0.6958805918693542,0.9998599290847778,0.47536906599998474,0.22993919253349304,-0.6992713212966919,0.9999193549156189,0.4683767855167389,0.23010501265525818,-0.6994065046310425,0.9999246001243591,0.4604428708553314,0.2304122895002365,-0.6996554136276245,0.9999289512634277,0.5271502137184143,0.25149551033973694,-0.43508440256118774,0.9998477697372437,0.44996610283851624,0.25141817331314087,-0.4487844705581665,0.9999265670776367,0.5046767592430115,0.3055590093135834,-0.6309862732887268,0.9999662041664124,0.47232335805892944,0.3042946457862854,-0.6346109509468079,0.9999738931655884,0.5862020254135132,0.4709187150001526,-0.2529495358467102,0.9997081756591797,0.38691285252571106,0.47784650325775146,-0.24876265227794647,0.9998143911361694,0.6109394431114197,0.7820246815681458,-0.36289548873901367,0.9830101728439331,0.3369041681289673,0.7730162143707275,-0.4286676347255707,0.9943792223930359,0.5254116654396057,0.7581974864006042,-0.7478522658348083,0.9622783660888672,0.42216113209724426,0.7012882828712463,-0.9169140458106995,0.9734938740730286,0.49619489908218384,0.7700527310371399,-0.8313663005828857,0.8916622996330261,0.4600540101528168,0.7033495903015137,-1.01468026638031,0.9000312089920044,0.5031235814094543,0.7336433529853821,-0.838666558265686,0.8916416764259338,0.4671493470668793,0.6598601937294006,-1.01028311252594,0.9013730883598328,0.5090116858482361,0.7216376066207886,-0.7571151256561279,0.8734275698661804,0.45791178941726685,0.6561970114707947,-0.9223994612693787,0.8887973427772522,0.5465554594993591,0.9733936190605164,-0.014398593455553055,0.9000973105430603,0.42226630449295044,0.967851996421814,0.015580827370285988,0.9178566932678223,0.5520467162132263,1.3498624563217163,0.12451453506946564,0.05797090753912926,0.41794899106025696,1.348774790763855,0.1450408399105072,0.04207400977611542,0.554868757724762,1.6828492879867554,0.511314332485199,0.0048975893296301365,0.4287346303462982,1.6804585456848145,0.4890156090259552,0.0032766356598585844,0.5580723881721497,1.7313601970672607,0.5331222414970398,0.003454584861174226,0.42706939578056335,1.7274820804595947,0.5142359733581543,0.006179254502058029,0.5373111963272095,1.798393726348877,0.23738497495651245,0.0019950733985751867,0.45021936297416687,1.799558162689209,0.20181290805339813,0.006623339373618364,0.0,0.0,0.0,0.0,0.0,0.0,0.0,0.0,0.0,0.0,0.0,0.0,0.0,0.0,0.0,0.0,0.0,0.0,0.0,0.0,0.0,0.0,0.0,0.0,0.0,0.0,0.0,0.0,0.0,0.0,0.0,0.0,0.0,0.0,0.0,0.0,0.0,0.0,0.0,0.0,0.0,0.0,0.0,0.0,0.0,0.0,0.0,0.0,0.0,0.0,0.0,0.0,0.0,0.0,0.0,0.0,0.0,0.0,0.0,0.0,0.0,0.0,0.0,0.42323625087738037,0.6803164482116699,-1.8141861346521182e-07,0.43513861298561096,0.6339109539985657,-0.011011638678610325,0.4543931186199188,0.6145461201667786,-0.01567380130290985,0.47518372535705566,0.605202853679657,-0.0179123692214489,0.4908439517021179,0.5993967056274414,-0.018483789637684822,0.47496283054351807,0.6711184978485107,-0.015262180007994175,0.4935968518257141,0.6244488954544067,-0.018344348296523094,0.48115310072898865,0.6152833104133606,-0.018604649230837822,0.4713990390300751,0.6256278157234192,-0.018346769735217094,0.4787161350250244,0.6855393052101135,-0.010175153613090515,0.49502986669540405,0.6349291205406189,-0.014955533668398857,0.4838186800479889,0.6246622204780579,-0.01573340967297554,0.47497129440307617,0.6348078846931458,-0.015913134440779686,0.478945791721344,0.6899291276931763,-0.005063043441623449,0.49519771337509155,0.6431798338890076,-0.010380029678344727,0.48610028624534607,0.6328191161155701,-0.009407621808350086,0.4773102104663849,0.642848551273346,-0.007892914116382599,0.47835415601730347,0.685871958732605,-0.00037490917020477355,0.4916467070579529,0.6489981412887573,-0.006021559704095125,0.4842532277107239,0.640974223613739,-0.005826424341648817,0.4763742685317993,0.6503816246986389,-0.004415166564285755
0.4878159761428833,0.26454898715019226,-0.7357142567634583,0.9999254941940308,0.5011574625968933,0.23035769164562225,-0.7023887038230896,0.9999045133590698,0.5095628499984741,0.23040178418159485,-0.7024204730987549,0.9998891949653625,0.5166001915931702,0.23121385276317596,-0.7023300528526306,0.9998648166656494,0.4742352366447449,0.22974424064159393,-0.7047458291053772,0.999921441078186,0.4673098921775818,0.2299165278673172,-0.7048715353012085,0.9999265670776367,0.45865342020988464,0.23025698959827423,-0.7051319479942322,0.9999306797981262,0.526356041431427,0.25098034739494324,-0.44091811776161194,0.9998538494110107,0.44906458258628845,0.2514091730117798,-0.4499862492084503,0.9999282956123352,0.5040985345840454,0.304988294839859,-0.6357451677322388,0.9999671578407288,0.47188010811805725,0.30382516980171204,-0.6385040283203125,0.9999743700027466,0.5840668082237244,0.4696566164493561,-0.25403234362602234,0.9997241497039795,0.38616040349006653,0.47655802965164185,-0.25255173444747925,0.9998196959495544,0.6098257899284363,0.7815132141113281,-0.3579787313938141,0.983959436416626,0.3368041217327118,0.7742758989334106,-0.4282717704772949,0.9944935441017151,0.5229165554046631,0.7418528199195862,-0.7424151301383972,0.9639670848846436,0.4210111200809479,0.7018980979919434,-0.9253516793251038,0.9740931987762451,0.49301677942276,0.75327068567276,-0.8250033259391785,0.8954694271087646,0.45703309774398804,0.7035850882530212,-1.023170828819275,0.901984453201294,0.5066889524459839,0.7169786691665649,-0.8322190642356873,0.8953756093978882,0.4641301929950714,0.6583353281021118,-1.0203273296356201,0.9032255411148071,0.5073081851005554,0.6999322175979614,-0.7512620091438293,0.8769757151603699,0.4553588628768921,0.65523761510849,-0.9315372109413147,0.8907920718193054,0.5456072092056274,0.9723858833312988,-0.01364761870354414,0.9031902551651001,0.4214935004711151,0.9675925970077515,0.014809858985245228,0.9205049276351929,0.5506594777107239,1.3490253686904907,0.12739168107509613,0.05944852530956268,0.4178798794746399,1.3472892045974731,0.1309109479188919,0.0428323857486248,0.5524483323097229,1.6822253465652466,0.523936927318573,0.005119259934872389,0.42784735560417175,1.6791048049926758,0.4680815637111664,0.0033985876943916082,0.5555693507194519,1.7300653457641602,0.5466235280036926,0.003522380953654647,0.4264605939388275,1.7260136604309082,0.4923640489578247,0.00635180901736021,0.5353603363037109,1.7966413497924805,0.25130006670951843,0.002057199366390705,0.44788068532943726,1.7977665662765503,0.17816339433193207,0.0067108371295034885,0.0,0.0,0.0,0.0,0.0,0.0,0.0,0.0,0.0,0.0,0.0,0.0,0.0,0.0,0.0,0.0,0.0,0.0,0.0,0.0,0.0,0.0,0.0,0.0,0.0,0.0,0.0,0.0,0.0,0.0,0.0,0.0,0.0,0.0,0.0,0.0,0.0,0.0,0.0,0.0,0.0,0.0,0.0,0.0,0.0,0.0,0.0,0.0,0.0,0.0,0.0,0.0,0.0,0.0,0.0,0.0,0.0,0.0,0.0,0.0,0.0,0.0,0.0,0.4235042333602905,0.6782340407371521,-1.6889502774120047e-07,0.43472206592559814,0.6331648230552673,-0.012061108835041523,0.45333388447761536,0.6146599650382996,-0.017199797555804253,0.4740941524505615,0.6056294441223145,-0.019667239859700203,0.4899618625640869,0.5994142293930054,-0.02033611387014389,0.47457456588745117,0.6701756119728088,-0.01563354581594467,0.4934130609035492,0.6255655288696289,-0.018677379935979843,0.4815487265586853,0.615283727645874,-0.018887165933847427,0.4717513620853424,0.6245858669281006,-0.018641222268342972,0.47836053371429443,0.6848725080490112,-0.010010916739702225,0.49460017681121826,0.6360675096511841,-0.014620796777307987,0.4839751422405243,0.6252811551094055,-0.015356598421931267,0.4754124879837036,0.6347202658653259,-0.015573815442621708,0.47864678502082825,0.6897774338722229,-0.004497478250414133,0.49423277378082275,0.6445860266685486,-0.009638352319598198,0.48575419187545776,0.6341466307640076,-0.00876712892204523,0.47754883766174316,0.6435285210609436,-0.0074475412257015705,0.47825685143470764,0.6864969730377197,0.0004890996497124434,0.4909243583679199,0.6509549617767334,-0.005153197795152664,0.4836859405040741,0.6428079605102539,-0.005157735664397478,0.47629159688949585,0.6515146493911743,-0.003922805190086365
0.4873283803462982,0.26432690024375916,-0.7533740997314453,0.999924898147583,0.5004425644874573,0.23016320168972015,-0.7198501825332642,0.9999040365219116,0.508782148361206,0.2301996648311615,-0.7198741436004639,0.9998889565467834,0.5156580209732056,0.2311399281024933,-0.7197906374931335,0.9998647570610046,0.47367364168167114,0.22966349124908447,-0.722159743309021,0.9999209046363831,0.4664904773235321,0.22983518242835999,-0.7223032712936401,0.9999260902404785,0.4576222002506256,0.2301975041627884,-0.7225682139396667,0.999930202960968,0.5255880951881409,0.25094491243362427,-0.45678842067718506,0.9998540878295898,0.4481576979160309,0.2514895796775818,-0.46486690640449524,0.9999276399612427,0.503487229347229,0.3046577572822571,-0.652456521987915,0.9999668598175049,0.4714106321334839,0.3035791516304016,-0.655229926109314,0.9999739527702332,0.5835896730422974,0.4692968428134918,-0.26797807216644287,0.9997236728668213,0.38525739312171936,0.47582724690437317,-0.2648299038410187,0.9998172521591187,0.6114665865898132,0.7797021269798279,-0.3600011467933655,0.9837558269500732,0.3349696695804596,0.7734601497650146,-0.43967294692993164,0.9943631887435913,0.5222350358963013,0.7321832180023193,-0.7707116007804871,0.9632689356803894,0.4194897711277008,0.7029209733009338,-0.9312249422073364,0.9732486605644226,0.4945344030857086,0.7407344579696655,-0.8542034029960632,0.8936221599578857,0.45437416434288025,0.7014502882957458,-1.0279388427734375,0.8990318179130554,0.5082054138183594,0.7044291496276855,-0.8584965467453003,0.8936207890510559,0.4610247015953064,0.6558117270469666,-1.0229843854904175,0.9002308249473572,0.5078861117362976,0.6895726323127747,-0.7788221836090088,0.8746039271354675,0.4516472816467285,0.6544992327690125,-0.9364452362060547,0.8875462412834167,0.5481777191162109,0.969009518623352,-0.013762795366346836,0.8995412588119507,0.42185017466545105,0.9659865498542786,0.014904036186635494,0.9179533123970032,0.5543516278266907,1.347826600074768,0.13393749296665192,0.05847425013780594,0.41965439915657043,1.3467731475830078,0.13799713551998138,0.042076319456100464,0.5576895475387573,1.6802988052368164,0.5372077226638794,0.005146698094904423,0.4312652051448822,1.6773728132247925,0.47460442781448364,0.003395695239305496,0.5610296726226807,1.7288604974746704,0.5605849027633667,0.0034987640101462603,0.42976319789886475,1.724295735359192,0.49881836771965027,0.006318393163383007,0.5414896011352539,1.7940837144851685,0.26464590430259705,0.0020481206011027098,0.45235204696655273,1.7959344387054443,0.1840737909078598,0.0067039900459349155,0.0,0.0,0.0,0.0,0.0,0.0,0.0,0.0,0.0,0.0,0.0,0.0,0.0,0.0,0.0,0.0,0.0,0.0,0.0,0.0,0.0,0.0,0.0,0.0,0.0,0.0,0.0,0.0,0.0,0.0,0.0,0.0,0.0,0.0,0.0,0.0,0.0,0.0,0.0,0.0,0.0,0.0,0.0,0.0,0.0,0.0,0.0,0.0,0.0,0.0,0.0,0.0,0.0,0.0,0.0,0.0,0.0,0.0,0.0,0.0,0.0,0.0,0.0,0.4242429733276367,0.6773840188980103,-1.7287612763539073e-07,0.43441569805145264,0.6328926086425781,-0.011806228198111057,0.4529583752155304,0.6146273612976074,-0.01685119979083538,0.4735121428966522,0.6059463620185852,-0.01932661235332489,0.48913368582725525,0.5997636318206787,-0.020067322999238968,0.4738151729106903,0.6704277396202087,-0.01585652120411396,0.49240362644195557,0.624880850315094,-0.01915145106613636,0.48026400804519653,0.6152783632278442,-0.019438881427049637,0.470670223236084,0.6251801252365112,-0.019175227731466293,0.47753170132637024,0.6846354603767395,-0.010481893084943295,0.4937205910682678,0.6358896493911743,-0.015485435724258423,0.48291438817977905,0.6251127123832703,-0.016313301399350166,0.4744432866573334,0.6346360445022583,-0.016449009999632835,0.4777231216430664,0.6891871690750122,-0.005183120258152485,0.4932030737400055,0.6442753076553345,-0.010564827360212803,0.4846419394016266,0.6336517333984375,-0.009719908237457275,0.47652411460876465,0.6432542204856873,-0.00831245444715023,0.47745847702026367,0.6856741309165955,-0.00036607973743230104,0.4902876615524292,0.6505037546157837,-0.006062902044504881,0.48298442363739014,0.6420403122901917,-0.006023085676133633,0.4754642844200134,0.6509119868278503,-0.004718463402241468
0.4869627356529236,0.2633020877838135,-0.7665988802909851,0.9999253749847412,0.5002579092979431,0.22932888567447662,-0.7322273850440979,0.9999045729637146,0.508359968662262,0.22943098843097687,-0.7322438955307007,0.9998899102210999,0.5153325200080872,0.23043155670166016,-0.7321534752845764,0.9998657703399658,0.4731427729129791,0.22896845638751984,-0.7355177998542786,0.9999211430549622,0.46583637595176697,0.2292492389678955,-0.7356632351875305,0.9999263882637024,0.4571654498577118,0.22968482971191406,-0.7359380125999451,0.9999304413795471,0.5248935222625732,0.2506474256515503,-0.4638466238975525,0.9998543858528137,0.4475071132183075,0.2514951825141907,-0.4776621162891388,0.9999278783798218,0.5029613971710205,0.30404916405677795,-0.663700520992279,0.9999663829803467,0.470914751291275,0.3031199276447296,-0.6679505109786987,0.9999735951423645,0.5825979113578796,0.46801164746284485,-0.2658349871635437,0.9997239112854004,0.3838246762752533,0.47662749886512756,-0.27520230412483215,0.9998136758804321,0.6104753613471985,0.7792322635650635,-0.3682049810886383,0.9834437370300293,0.334659606218338,0.7725085020065308,-0.43808412551879883,0.9943199157714844,0.5277392268180847,0.742033064365387,-0.7731015086174011,0.9623466730117798,0.4160727858543396,0.6994292736053467,-0.9166957139968872,0.9726683497428894,0.5150110721588135,0.7626343369483948,-0.8573482632637024,0.891372799873352,0.45266929268836975,0.694436252117157,-1.0124332904815674,0.8969495296478271,0.5122407674789429,0.7116708159446716,-0.8655127286911011,0.8914369940757751,0.45886123180389404,0.65106600522995,-1.0101110935211182,0.8982802629470825,0.5163633823394775,0.7015495300292969,-0.7832497954368591,0.8718380331993103,0.44970500469207764,0.6503175497055054,-0.9224222898483276,0.8852792978286743,0.5480174422264099,0.9663320183753967,-0.012862679548561573,0.8979562520980835,0.42145347595214844,0.9651851058006287,0.014021090231835842,0.9165855646133423,0.5559930801391602,1.3457640409469604,0.14674033224582672,0.05780305713415146,0.41978389024734497,1.3462074995040894,0.1296737790107727,0.041476547718048096,0.5608255863189697,1.6778887510299683,0.5601521730422974,0.0050553809851408005,0.43188902735710144,1.676913857460022,0.46683570742607117,0.003363844472914934,0.5645142793655396,1.727346658706665,0.584501326084137,0.003468126291409135,0.4304523468017578,1.7247334718704224,0.4908019006252289,0.006213152315467596,0.5447403788566589,1.7916828393936157,0.28884556889533997,0.0020434781908988953,0.4538269639015198,1.7960244417190552,0.17340987920761108,0.006644961424171925,0.0,0.0,0.0,0.0,0.0,0.0,0.0,0.0,0.0,0.0,0.0,0.0,0.0,0.0,0.0,0.0,0.0,0.0,0.0,0.0,0.0,0.0,0.0,0.0,0.0,0.0,0.0,0.0,0.0,0.0,0.0,0.0,0.0,0.0,0.0,0.0,0.0,0.0,0.0,0.0,0.0,0.0,0.0,0.0,0.0,0.0,0.0,0.0,0.0,0.0,0.0,0.0,0.0,0.0,0.0,0.0,0.0,0.0,0.0,0.0,0.0,0.0,0.0,0.4224874675273895,0.6777817606925964,-1.7417745823422592e-07,0.4344922602176666,0.6312076449394226,-0.009182748384773731,0.45365118980407715,0.611506462097168,-0.013655249029397964,0.474115788936615,0.6026358604431152,-0.01632572151720524,0.4899372458457947,0.5981615781784058,-0.017543092370033264,0.4730049669742584,0.66824871301651,-0.01332124788314104,0.49160757660865784,0.6225852370262146,-0.016695477068424225,0.4788087010383606,0.614138662815094,-0.01758628711104393,0.4693116545677185,0.6245015263557434,-0.0178013127297163,0.47704407572746277,0.6829207539558411,-0.009337564930319786,0.49303698539733887,0.6349603533744812,-0.01359620876610279,0.4822823405265808,0.625740647315979,-0.014507478103041649,0.4742547571659088,0.6359412670135498,-0.015046185813844204,0.4772063195705414,0.6891707181930542,-0.005279286298900843,0.4926944077014923,0.645100474357605,-0.009592168033123016,0.48389455676078796,0.6354886293411255,-0.008361845277249813,0.47579482197761536,0.645892322063446,-0.007083272095769644,0.4767593443393707,0.6870770454406738,-0.0015733063919469714,0.4891437292098999,0.6527615189552307,-0.005911975633352995,0.4821571707725525,0.6445792317390442,-0.005300577264279127,0.47543081641197205,0.6539939045906067,-0.003977179527282715
0.4867384135723114,0.26256728172302246,-0.7759314179420471,0.9999285936355591,0.5000287890434265,0.22883081436157227,-0.7406101226806641,0.999908983707428,0.5080305337905884,0.22892335057258606,-0.7406154870986938,0.999894917011261,0.5149760842323303,0.2299366444349289,-0.7405175566673279,0.9998718500137329,0.47335749864578247,0.22867581248283386,-0.7440439462661743,0.9999244809150696,0.46602171659469604,0.2290259599685669,-0.74416583776474,0.9999293684959412,0.4575590193271637,0.22955642640590668,-0.7444310784339905,0.9999331831932068,0.5240405797958374,0.2504836320877075,-0.47028180956840515,0.9998607039451599,0.4474683105945587,0.2515295147895813,-0.4837855398654938,0.9999304413795471,0.5030763745307922,0.3033906817436218,-0.6723583936691284,0.9999675154685974,0.47090965509414673,0.30257448554039,-0.6766023635864258,0.9999744296073914,0.5815881490707397,0.4673239290714264,-0.2755851745605469,0.9997300505638123,0.38437503576278687,0.47475552558898926,-0.27932941913604736,0.9998151659965515,0.6075747609138489,0.7777131199836731,-0.37509822845458984,0.9837037920951843,0.33414432406425476,0.7685574293136597,-0.43320685625076294,0.9943256974220276,0.5239737033843994,0.7481917142868042,-0.7797765731811523,0.9623333811759949,0.41495904326438904,0.6986490488052368,-0.9050232172012329,0.9720951914787292,0.5009592175483704,0.7608075141906738,-0.8657815456390381,0.8910935521125793,0.45102065801620483,0.6960795521736145,-1.0014185905456543,0.8952256441116333,0.5070552229881287,0.7238212823867798,-0.87575763463974,0.8911727070808411,0.45761969685554504,0.6513258814811707,-1.0005029439926147,0.8967939019203186,0.5112640261650085,0.712784469127655,-0.7906570434570312,0.87105792760849,0.4486261010169983,0.6499693989753723,-0.9113286733627319,0.883428692817688,0.5446420907974243,0.9677914977073669,-0.012797730043530464,0.8994194865226746,0.4178014397621155,0.9648863673210144,0.013934504240751266,0.9176527261734009,0.5517515540122986,1.3456169366836548,0.14889951050281525,0.05919918790459633,0.41752469539642334,1.346136212348938,0.1414450705051422,0.04227219149470329,0.5560287237167358,1.6769623756408691,0.5737488865852356,0.005145370960235596,0.4294329583644867,1.6764945983886719,0.49363821744918823,0.003445572452619672,0.5592607855796814,1.7262312173843384,0.599139392375946,0.0035193481016904116,0.42837631702423096,1.724185824394226,0.5192064642906189,0.00632909731939435,0.5407034158706665,1.7902058362960815,0.30102357268333435,0.0021100409794598818,0.44973960518836975,1.795535683631897,0.19997045397758484,0.006807586178183556,0.0,0.0,0.0,0.0,0.0,0.0,0.0,0.0,0.0,0.0,0.0,0.0,0.0,0.0,0.0,0.0,0.0,0.0,0.0,0.0,0.0,0.0,0.0,0.0,0.0,0.0,0.0,0.0,0.0,0.0,0.0,0.0,0.0,0.0,0.0,0.0,0.0,0.0,0.0,0.0,0.0,0.0,0.0,0.0,0.0,0.0,0.0,0.0,0.0,0.0,0.0,0.0,0.0,0.0,0.0,0.0,0.0,0.0,0.0,0.0,0.0,0.0,0.0,0.421527624130249,0.6775078177452087,-1.748158950931611e-07,0.4331602454185486,0.6312769055366516,-0.010382665321230888,0.45273733139038086,0.6117331981658936,-0.01493632048368454,0.47379446029663086,0.6018900275230408,-0.017235245555639267,0.4894343614578247,0.5973975658416748,-0.017960138618946075,0.4727945029735565,0.6687997579574585,-0.014352703467011452,0.4913060665130615,0.6233125925064087,-0.017147615551948547,0.47905850410461426,0.6131030321121216,-0.01735190860927105,0.4693703055381775,0.6220778822898865,-0.017083467915654182,0.47650352120399475,0.6826571226119995,-0.009394080378115177,0.4925220310688019,0.6345566511154175,-0.01344381831586361,0.48165997862815857,0.6240463852882385,-0.014249380677938461,0.4729780852794647,0.6331242322921753,-0.014624218456447124,0.47653135657310486,0.6877190470695496,-0.004357802215963602,0.49248823523521423,0.6434804201126099,-0.008678846061229706,0.48366230726242065,0.6327815651893616,-0.007813273929059505,0.4748825132846832,0.6417859196662903,-0.006680161692202091,0.4760342538356781,0.6847977638244629,0.0003246647247578949,0.4886597692966461,0.6496430039405823,-0.004168467130511999,0.4815533459186554,0.6409844756126404,-0.003872688626870513,0.4744332730770111,0.6495100259780884,-0.0026872362941503525
0.4872564375400543,0.2610960900783539,-0.7518360614776611,0.9999287724494934,0.49997860193252563,0.22770655155181885,-0.7157531976699829,0.9999088644981384,0.508154571056366,0.22785517573356628,-0.7157870531082153,0.9998947978019714,0.5150234699249268,0.22887112200260162,-0.7156854867935181,0.9998719096183777,0.47363170981407166,0.22770825028419495,-0.720436692237854,0.9999241828918457,0.4665716886520386,0.2281028926372528,-0.7205583453178406,0.9999290704727173,0.4579392075538635,0.22866830229759216,-0.7208255529403687,0.9999328851699829,0.5229945778846741,0.24931295216083527,-0.44806960225105286,0.9998602867126465,0.44746503233909607,0.2510753870010376,-0.4664566218852997,0.9999299049377441,0.5033200979232788,0.30237752199172974,-0.6497584581375122,0.9999679327011108,0.471512109041214,0.3016011416912079,-0.6554515957832336,0.9999746680259705,0.5800675749778748,0.46785998344421387,-0.2588868737220764,0.9997348785400391,0.38492950797080994,0.47410526871681213,-0.2684895098209381,0.9998142123222351,0.6090101003646851,0.7752928137779236,-0.36455631256103516,0.9838752746582031,0.33163386583328247,0.768559992313385,-0.4309399425983429,0.9943661093711853,0.5278270244598389,0.7409420609474182,-0.7595778703689575,0.9630669951438904,0.4149828553199768,0.7022867202758789,-0.9101293087005615,0.9722641706466675,0.5061463713645935,0.7540816068649292,-0.8454516530036926,0.8922718167304993,0.4507131576538086,0.7014157176017761,-1.00734543800354,0.8954207897186279,0.5107643604278564,0.7084572315216064,-0.8527846932411194,0.8921977877616882,0.45580777525901794,0.6576032638549805,-1.0052179098129272,0.8969290256500244,0.5164396166801453,0.702109158039093,-0.7692890167236328,0.8720173835754395,0.4464226961135864,0.6542692184448242,-0.9160727858543396,0.8835567831993103,0.5450469851493835,0.9688228964805603,-0.012697516940534115,0.8995591402053833,0.4185900092124939,0.9679338335990906,0.013831769116222858,0.9172242879867554,0.5505610108375549,1.3471585512161255,0.14539560675621033,0.060281477868556976,0.41515982151031494,1.3468513488769531,0.14660382270812988,0.04283495992422104,0.5544024705886841,1.679368019104004,0.5631355047225952,0.005248817149549723,0.4265519678592682,1.6766976118087769,0.5028126239776611,0.0035056350752711296,0.5574408769607544,1.7293251752853394,0.587763249874115,0.003560896497219801,0.42501145601272583,1.7245928049087524,0.529156506061554,0.006473007146269083,0.5388982892036438,1.793300747871399,0.2903623878955841,0.002121114172041416,0.4485827684402466,1.7960044145584106,0.21191294491291046,0.006945400033146143,0.0,0.0,0.0,0.0,0.0,0.0,0.0,0.0,0.0,0.0,0.0,0.0,0.0,0.0,0.0,0.0,0.0,0.0,0.0,0.0,0.0,0.0,0.0,0.0,0.0,0.0,0.0,0.0,0.0,0.0,0.0,0.0,0.0,0.0,0.0,0.0,0.0,0.0,0.0,0.0,0.0,0.0,0.0,0.0,0.0,0.0,0.0,0.0,0.0,0.0,0.0,0.0,0.0,0.0,0.0,0.0,0.0,0.0,0.0,0.0,0.0,0.0,0.0,0.4208780527114868,0.6774599552154541,-1.7308394717474584e-07,0.4327169358730316,0.6318116784095764,-0.010829076170921326,0.45252227783203125,0.6122555136680603,-0.01533090602606535,0.47343358397483826,0.6015856266021729,-0.017344210296869278,0.4888654351234436,0.5959093570709229,-0.017764398828148842,0.4727855324745178,0.6679802536964417,-0.015056776814162731,0.49075835943222046,0.6219013929367065,-0.017345678061246872,0.4784255623817444,0.6118651628494263,-0.017022674903273582,0.46916699409484863,0.6210947632789612,-0.016449563205242157,0.4762076735496521,0.6822782158851624,-0.009612820111215115,0.4916289746761322,0.633014976978302,-0.013525847345590591,0.4806763827800751,0.6226628422737122,-0.014091650024056435,0.471963107585907,0.6317998170852661,-0.014264831319451332,0.47612428665161133,0.6870301365852356,-0.0040305620059370995,0.49109700322151184,0.6412912011146545,-0.008415667340159416,0.48216599225997925,0.63099604845047,-0.007617343217134476,0.473244845867157,0.640188992023468,-0.006446380168199539,0.47566086053848267,0.6835275292396545,0.0012252239976078272,0.4875844717025757,0.6469507217407227,-0.0036215821746736765,0.48012644052505493,0.6390838027000427,-0.0034541396889835596,0.4726511240005493,0.6480352282524109,-0.0022244879510253668
0.48419877886772156,0.259840190410614,-0.7522637844085693,0.999934732913971,0.49695083498954773,0.22674007713794708,-0.7182489633560181,0.9999163746833801,0.5057147145271301,0.2270495593547821,-0.71826171875,0.9999033808708191,0.5130411982536316,0.22805002331733704,-0.7181698679924011,0.999882698059082,0.4712230861186981,0.22660410404205322,-0.7205778360366821,0.999930202960968,0.46350857615470886,0.22698110342025757,-0.7207023501396179,0.9999345541000366,0.4546922743320465,0.22740676999092102,-0.720926821231842,0.999937891960144,0.5215972661972046,0.2486458122730255,-0.45580774545669556,0.9998719096183777,0.44541433453559875,0.25017353892326355,-0.46465763449668884,0.9999346137046814,0.5011337995529175,0.30155181884765625,-0.6520808935165405,0.9999707341194153,0.46931737661361694,0.30086052417755127,-0.6550174355506897,0.999976634979248,0.5788262486457825,0.4682401418685913,-0.27162104845046997,0.9997549653053284,0.38214948773384094,0.4741511642932892,-0.2637284994125366,0.999822735786438,0.6078932881355286,0.7751357555389404,-0.35950154066085815,0.9851189255714417,0.3332318961620331,0.7703887820243835,-0.43110185861587524,0.9944554567337036,0.5248419046401978,0.7408890128135681,-0.7575540542602539,0.9661819934844971,0.41400861740112305,0.7044298052787781,-0.9240700602531433,0.9733247756958008,0.49907514452934265,0.7475782036781311,-0.8451441526412964,0.8992354869842529,0.4478709399700165,0.7022440433502197,-1.0225321054458618,0.8992446660995483,0.5041719079017639,0.707508385181427,-0.8492036461830139,0.8990420699119568,0.45290952920913696,0.6568616628646851,-1.0214794874191284,0.9005112051963806,0.5094140768051147,0.6999976634979248,-0.7654370665550232,0.8795318603515625,0.44346335530281067,0.6559295654296875,-0.930916428565979,0.8872689008712769,0.5424995422363281,0.9675048589706421,-0.014773916453123093,0.9041314721107483,0.4158726930618286,0.967379093170166,0.015799786895513535,0.9203325510025024,0.5454838871955872,1.3461066484451294,0.14185719192028046,0.06302488595247269,0.41165292263031006,1.3457539081573486,0.1708178073167801,0.0441160686314106,0.5488340854644775,1.6772273778915405,0.5539792776107788,0.005574257578700781,0.42359796166419983,1.6742831468582153,0.5353448390960693,0.0036327766720205545,0.5515220761299133,1.7262828350067139,0.5784328579902649,0.003700792323797941,0.4224613606929779,1.7214514017105103,0.5628025531768799,0.006717512384057045,0.5339004397392273,1.7906733751296997,0.2828117609024048,0.002185495337471366,0.44417130947113037,1.791629433631897,0.24983860552310944,0.007123882882297039,0.0,0.0,0.0,0.0,0.0,0.0,0.0,0.0,0.0,0.0,0.0,0.0,0.0,0.0,0.0,0.0,0.0,0.0,0.0,0.0,0.0,0.0,0.0,0.0,0.0,0.0,0.0,0.0,0.0,0.0,0.0,0.0,0.0,0.0,0.0,0.0,0.0,0.0,0.0,0.0,0.0,0.0,0.0,0.0,0.0,0.0,0.0,0.0,0.0,0.0,0.0,0.0,0.0,0.0,0.0,0.0,0.0,0.0,0.0,0.0,0.0,0.0,0.0,0.4204517900943756,0.6746897101402283,-1.894187136031178e-07,0.43198728561401367,0.6292872428894043,-0.010540354065597057,0.4514657258987427,0.6105843186378479,-0.014791497960686684,0.47217169404029846,0.6016430258750916,-0.016760336235165596,0.4874517619609833,0.5955432653427124,-0.017147287726402283,0.47076764702796936,0.6661021709442139,-0.014949901029467583,0.4896196722984314,0.6206892728805542,-0.017583858221769333,0.477490097284317,0.6105079054832458,-0.01745833270251751,0.4678621292114258,0.6197106242179871,-0.017023736611008644,0.47446051239967346,0.680864155292511,-0.010182640515267849,0.49098819494247437,0.631748616695404,-0.014571236446499825,0.4801001250743866,0.6209135055541992,-0.015167276374995708,0.4710123538970947,0.6298333406448364,-0.015251366421580315,0.4748459458351135,0.6857055425643921,-0.005343572236597538,0.4911791682243347,0.6404128670692444,-0.010451456531882286,0.4822199046611786,0.6297177672386169,-0.00959793385118246,0.4729584753513336,0.6388239860534668,-0.00819989014416933,0.47452184557914734,0.6822831034660339,-0.0008689472451806068,0.48788341879844666,0.6462952494621277,-0.006589817348867655,0.48074373602867126,0.6379833817481995,-0.0065560974180698395,0.4727664887905121,0.646702229976654,-0.005251006688922644
0.4830487370491028,0.25902482867240906,-0.7799673080444336,0.9999392032623291,0.49613896012306213,0.22590582072734833,-0.7456870675086975,0.9999223947525024,0.505016028881073,0.22626441717147827,-0.7456827759742737,0.9999099969863892,0.5125582218170166,0.2271842509508133,-0.7455925345420837,0.9998914003372192,0.4706110656261444,0.22593918442726135,-0.7476333379745483,0.9999346733093262,0.4623485505580902,0.22641736268997192,-0.7477651834487915,0.9999383091926575,0.45360586047172546,0.22689852118492126,-0.7479894161224365,0.9999414086341858,0.5211356282234192,0.2478691041469574,-0.47880083322525024,0.9998809099197388,0.4437794089317322,0.24985843896865845,-0.48563912510871887,0.9999377131462097,0.5003778338432312,0.30098846554756165,-0.6776581406593323,0.999972939491272,0.46875590085983276,0.30039840936660767,-0.6800229549407959,0.9999779462814331,0.5794174075126648,0.46804624795913696,-0.28851401805877686,0.9997715353965759,0.3814612627029419,0.472342312335968,-0.280482679605484,0.9998242259025574,0.607464075088501,0.7774255871772766,-0.3787481188774109,0.9861149787902832,0.332373708486557,0.7722640633583069,-0.4506097137928009,0.994435727596283,0.5260879993438721,0.7388597726821899,-0.785714864730835,0.9690250754356384,0.4129776358604431,0.7035403251647949,-0.9492996335029602,0.9741711020469666,0.49803638458251953,0.7443419098854065,-0.8749687671661377,0.9055961966514587,0.4448184370994568,0.6993818283081055,-1.0491595268249512,0.9020697474479675,0.5017987489700317,0.7009778022766113,-0.8780743479728699,0.9053512215614319,0.4489566385746002,0.6517542004585266,-1.0468641519546509,0.9032869338989258,0.5079758167266846,0.6947212219238281,-0.7932302355766296,0.8867037296295166,0.4405134320259094,0.6520287990570068,-0.9559571146965027,0.8902954459190369,0.5426684617996216,0.9695004820823669,-0.015026241540908813,0.9091424942016602,0.4144115149974823,0.9682656526565552,0.016062134876847267,0.9236835241317749,0.546988844871521,1.3478878736495972,0.14312610030174255,0.06501813232898712,0.41070377826690674,1.3473914861679077,0.1835656613111496,0.044879913330078125,0.5502490401268005,1.6798970699310303,0.5923662781715393,0.00551614398136735,0.4219443202018738,1.6765375137329102,0.5791498422622681,0.003590232692658901,0.5532227158546448,1.7296829223632812,0.6208487153053284,0.0036555330734699965,0.42057809233665466,1.7248690128326416,0.6102529168128967,0.006604962050914764,0.535116970539093,1.7949069738388062,0.32496732473373413,0.002149476669728756,0.4431118071079254,1.7952232360839844,0.29640740156173706,0.007086269557476044,0.0,0.0,0.0,0.0,0.0,0.0,0.0,0.0,0.0,0.0,0.0,0.0,0.0,0.0,0.0,0.0,0.0,0.0,0.0,0.0,0.0,0.0,0.0,0.0,0.0,0.0,0.0,0.0,0.0,0.0,0.0,0.0,0.0,0.0,0.0,0.0,0.0,0.0,0.0,0.0,0.0,0.0,0.0,0.0,0.0,0.0,0.0,0.0,0.0,0.0,0.0,0.0,0.0,0.0,0.0,0.0,0.0,0.0,0.0,0.0,0.0,0.0,0.0,0.42346781492233276,0.6706744432449341,-1.525713742012158e-07,0.4322188198566437,0.6275522112846375,-0.011424350552260876,0.44955113530158997,0.6100363731384277,-0.016247380524873734,0.4697219133377075,0.6019216775894165,-0.018616139888763428,0.4852180778980255,0.5946870446205139,-0.019278451800346375,0.4692287743091583,0.6614407300949097,-0.015199645422399044,0.4880523383617401,0.6192599534988403,-0.01857372373342514,0.476906955242157,0.6102041006088257,-0.018812600523233414,0.46737873554229736,0.6197024583816528,-0.01842447929084301,0.4732958972454071,0.6767069101333618,-0.010170924477279186,0.48986896872520447,0.6312625408172607,-0.014835568144917488,0.4799228012561798,0.6208855509757996,-0.01552992220968008,0.47179538011550903,0.6296495795249939,-0.015585696324706078,0.474084734916687,0.6828610301017761,-0.005312595050781965,0.4896338880062103,0.6404216885566711,-0.010459167882800102,0.48164764046669006,0.6301869750022888,-0.009612261317670345,0.473813533782959,0.6389172077178955,-0.008233170956373215,0.47438204288482666,0.6810774803161621,-0.0009477314306423068,0.4870910048484802,0.6473126411437988,-0.0064043621532619,0.48032456636428833,0.6391934752464294,-0.0063453251495957375,0.47324466705322266,0.6474973559379578,-0.005098755471408367
0.48334816098213196,0.2579807937145233,-0.7669147253036499,0.9999422430992126,0.49681493639945984,0.22509101033210754,-0.7298811674118042,0.9999262094497681,0.5058194398880005,0.22554029524326324,-0.729912519454956,0.9999140501022339,0.5134267210960388,0.22645768523216248,-0.7298023104667664,0.9998966455459595,0.4709208905696869,0.2250272035598755,-0.7339784502983093,0.9999374747276306,0.46221253275871277,0.22548045217990875,-0.7341233491897583,0.999940812587738,0.45338577032089233,0.22590039670467377,-0.7343785166740417,0.999943733215332,0.5220282077789307,0.24710968136787415,-0.45652827620506287,0.9998854994773865,0.4425105154514313,0.2490963637828827,-0.47404229640960693,0.9999397993087769,0.5003316402435303,0.30036744475364685,-0.6626889109611511,0.9999741911888123,0.46841907501220703,0.2997099459171295,-0.6679964065551758,0.99997878074646,0.5783227682113647,0.4679895043373108,-0.26136621832847595,0.9997822046279907,0.38065487146377563,0.4717714786529541,-0.2720004916191101,0.9998244643211365,0.6066339612007141,0.7785956263542175,-0.3642747104167938,0.9871901869773865,0.3318811357021332,0.7706236839294434,-0.43614739179611206,0.9945707321166992,0.5261691212654114,0.7384428381919861,-0.7722488641738892,0.971802294254303,0.4117670953273773,0.7035807371139526,-0.935619056224823,0.9756841063499451,0.49769407510757446,0.747893214225769,-0.8620615601539612,0.9124194979667664,0.446463406085968,0.6992449164390564,-1.0366421937942505,0.907200813293457,0.5022817850112915,0.7064517736434937,-0.8698825240135193,0.912112832069397,0.44990867376327515,0.6498507261276245,-1.0352126359939575,0.9085056185722351,0.5081776976585388,0.6970293521881104,-0.7819707989692688,0.8943249583244324,0.440946489572525,0.649405300617218,-0.942162811756134,0.8960570096969604,0.5421182513237,0.9727489352226257,-0.01239660196006298,0.9142694473266602,0.41412994265556335,0.9710816740989685,0.013474807143211365,0.9271924495697021,0.5477007031440735,1.3492536544799805,0.16249577701091766,0.06815383583307266,0.4101051986217499,1.349037766456604,0.16684527695178986,0.046145591884851456,0.5518410205841064,1.6838105916976929,0.6034225821495056,0.005326515529304743,0.422855943441391,1.6804628372192383,0.5421018004417419,0.003545921528711915,0.5552011132240295,1.7346562147140503,0.6308532357215881,0.0035580003168433905,0.4217795729637146,1.7295717000961304,0.5705310106277466,0.0064222137443721294,0.5367434620857239,1.7984856367111206,0.33566489815711975,0.0021368719171732664,0.44542673230171204,1.8005449771881104,0.2539981007575989,0.006998405326157808,0.0,0.0,0.0,0.0,0.0,0.0,0.0,0.0,0.0,0.0,0.0,0.0,0.0,0.0,0.0,0.0,0.0,0.0,0.0,0.0,0.0,0.0,0.0,0.0,0.0,0.0,0.0,0.0,0.0,0.0,0.0,0.0,0.0,0.0,0.0,0.0,0.0,0.0,0.0,0.0,0.0,0.0,0.0,0.0,0.0,0.0,0.0,0.0,0.0,0.0,0.0,0.0,0.0,0.0,0.0,0.0,0.0,0.0,0.0,0.0,0.0,0.0,0.0,0.42080456018447876,0.672204852104187,-1.6730632523831446e-07,0.4313907325267792,0.6273766756057739,-0.010821109637618065,0.45042598247528076,0.6083056330680847,-0.015440876595675945,0.4707372188568115,0.5984063744544983,-0.017589814960956573,0.4857674241065979,0.5926201939582825,-0.018185602501034737,0.4696894586086273,0.6639192700386047,-0.01585245504975319,0.48790547251701355,0.618138313293457,-0.018459992483258247,0.47606343030929565,0.6085986495018005,-0.01813126727938652,0.4668571949005127,0.6174717545509338,-0.017477143555879593,0.4732041358947754,0.6787168979644775,-0.010556377470493317,0.48944610357284546,0.6302315592765808,-0.01482734177261591,0.4787871539592743,0.6198542714118958,-0.015383795835077763,0.47015029191970825,0.6286280155181885,-0.015428120270371437,0.4732890725135803,0.6842948198318481,-0.005090029910206795,0.4888223111629486,0.6390869617462158,-0.009717581793665886,0.4802227318286896,0.6287140250205994,-0.00890977680683136,0.47148609161376953,0.6377585530281067,-0.007630791049450636,0.47305622696876526,0.681860089302063,4.080093640368432e-05,0.4852689802646637,0.646163284778595,-0.005065123084932566,0.4783528745174408,0.6375133395195007,-0.005066074896603823,0.4710499942302704,0.645970344543457,-0.003908539190888405
0.48324206471443176,0.25787001848220825,-0.7549903988838196,0.999945878982544,0.49617263674736023,0.22501885890960693,-0.718329668045044,0.9999308586120605,0.5051614046096802,0.22548729181289673,-0.7183641791343689,0.9999196529388428,0.5129259824752808,0.2264230102300644,-0.7182479500770569,0.9999036192893982,0.4709705710411072,0.22481699287891388,-0.7223979830741882,0.999940812587738,0.46212008595466614,0.22523415088653564,-0.7225172519683838,0.9999437928199768,0.45353928208351135,0.22560490667819977,-0.7227581739425659,0.9999462962150574,0.5211918354034424,0.24706993997097015,-0.44614142179489136,0.9998927116394043,0.4424811899662018,0.24855801463127136,-0.46369650959968567,0.9999421238899231,0.500231921672821,0.3001934885978699,-0.6512057185173035,0.9999757409095764,0.46794557571411133,0.29947730898857117,-0.6565663814544678,0.9999797344207764,0.5786582231521606,0.4682600200176239,-0.2516421377658844,0.9997962117195129,0.3790872395038605,0.47333019971847534,-0.26061269640922546,0.9998232126235962,0.6051542162895203,0.7773661613464355,-0.3548300862312317,0.988063395023346,0.3293355107307434,0.7737337946891785,-0.4245170056819916,0.9945122003555298,0.5312525629997253,0.7455512285232544,-0.765396773815155,0.9743459820747375,0.4078073501586914,0.7073498964309692,-0.929594874382019,0.9765205979347229,0.5032528042793274,0.7524648308753967,-0.8553130626678467,0.9191476106643677,0.4398067891597748,0.701637864112854,-1.0309776067733765,0.9104557037353516,0.5073990225791931,0.7086280584335327,-0.8646515607833862,0.9189088940620422,0.4443081021308899,0.6497274041175842,-1.0304505825042725,0.9119347333908081,0.5117959380149841,0.7029860615730286,-0.7757489085197449,0.9019681811332703,0.4349307417869568,0.6508934497833252,-0.9368377923965454,0.8998432755470276,0.541006863117218,0.9759319424629211,-0.00998785998672247,0.9165297150611877,0.41391342878341675,0.9718583822250366,0.01108506415039301,0.928027331829071,0.5463685393333435,1.3512954711914062,0.16370989382266998,0.06998628377914429,0.40909770131111145,1.350950002670288,0.1518019288778305,0.04631555452942848,0.5507780909538269,1.6884472370147705,0.5893712639808655,0.005178308114409447,0.4211958348751068,1.6847535371780396,0.5090606212615967,0.003458611434325576,0.5541750192642212,1.7398127317428589,0.6151744723320007,0.003504158928990364,0.4200631082057953,1.7340725660324097,0.5353381633758545,0.006205335725098848,0.5354276895523071,1.8018732070922852,0.3204839527606964,0.0021316977217793465,0.4435212314128876,1.8046112060546875,0.2189745157957077,0.0068570468574762344,0.0,0.0,0.0,0.0,0.0,0.0,0.0,0.0,0.0,0.0,0.0,0.0,0.0,0.0,0.0,0.0,0.0,0.0,0.0,0.0,0.0,0.0,0.0,0.0,0.0,0.0,0.0,0.0,0.0,0.0,0.0,0.0,0.0,0.0,0.0,0.0,0.0,0.0,0.0,0.0,0.0,0.0,0.0,0.0,0.0,0.0,0.0,0.0,0.0,0.0,0.0,0.0,0.0,0.0,0.0,0.0,0.0,0.0,0.0,0.0,0.0,0.0,0.0,0.42047423124313354,0.6700327396392822,-1.61281761279497e-07,0.4302953779697418,0.6259052753448486,-0.011048486456274986,0.4485281705856323,0.6075191497802734,-0.015900254249572754,0.46863028407096863,0.5985884070396423,-0.018290827050805092,0.4840240180492401,0.5919842720031738,-0.0190112441778183,0.4682496190071106,0.661370038986206,-0.015771733596920967,0.4873143434524536,0.618221640586853,-0.018696101382374763,0.475652277469635,0.6086248755455017,-0.018446603789925575,0.46603840589523315,0.6174069046974182,-0.017782563343644142,0.4718400835990906,0.6771480441093445,-0.010637318715453148,0.488495796918869,0.6303719878196716,-0.01506640575826168,0.4780961871147156,0.6195877194404602,-0.01546204462647438,0.4698996841907501,0.6282356381416321,-0.015392668545246124,0.47202128171920776,0.6832225322723389,-0.005472527351230383,0.4878748655319214,0.6393672227859497,-0.0104135163128376,0.47967809438705444,0.628687858581543,-0.009412756189703941,0.4716756343841553,0.6373826265335083,-0.007978066802024841,0.47189804911613464,0.6808367371559143,-0.0006863747257739305,0.48505744338035583,0.6461488604545593,-0.005956713110208511,0.4781861901283264,0.6376913785934448,-0.00572728319093585,0.47102880477905273,0.6460681557655334,-0.004396730102598667
0.4846233129501343,0.2578169107437134,-0.7615464925765991,0.999950110912323,0.49723705649375916,0.22498081624507904,-0.7254466414451599,0.9999359846115112,0.5058942437171936,0.22547754645347595,-0.7254723906517029,0.9999255537986755,0.5136306285858154,0.22640904784202576,-0.7253615260124207,0.9999108910560608,0.4717210829257965,0.22467349469661713,-0.7289527058601379,0.9999448657035828,0.4624531865119934,0.22503337264060974,-0.7290793061256409,0.9999474287033081,0.4538251459598541,0.22540244460105896,-0.72931307554245,0.9999496340751648,0.5213282108306885,0.2471846640110016,-0.45418107509613037,0.9999008774757385,0.4404385983943939,0.24821749329566956,-0.4690438210964203,0.9999455213546753,0.5009725689888,0.300168514251709,-0.6580048203468323,0.999977707862854,0.4685901701450348,0.299431174993515,-0.6627435088157654,0.9999812245368958,0.577775239944458,0.4687320291996002,-0.2624627947807312,0.9998108148574829,0.37765824794769287,0.47257381677627563,-0.2640857398509979,0.9998272657394409,0.6033231616020203,0.782158613204956,-0.36535462737083435,0.9889163374900818,0.3281721770763397,0.7763254642486572,-0.4439416527748108,0.9945293664932251,0.5221773386001587,0.7380130290985107,-0.7733927369117737,0.9767856001853943,0.4098670184612274,0.7042408585548401,-0.9572483897209167,0.9775874018669128,0.4922697842121124,0.7384953498840332,-0.862740695476532,0.9252603650093079,0.4437716603279114,0.6962786316871643,-1.0590299367904663,0.9139684438705444,0.4953061044216156,0.687256932258606,-0.8666192293167114,0.9249882102012634,0.4481188952922821,0.6461156606674194,-1.0557143688201904,0.915280818939209,0.5015709400177002,0.6858553886413574,-0.7811050415039062,0.9088658094406128,0.4390087425708771,0.6466022729873657,-0.9633710384368896,0.9034935832023621,0.5410982370376587,0.9773073792457581,-0.011326227337121964,0.9178264141082764,0.4129362404346466,0.9719379544258118,0.012477073818445206,0.9284013509750366,0.5475948452949524,1.3526405096054077,0.15975244343280792,0.07010526210069656,0.40954604744911194,1.3523045778274536,0.16927853226661682,0.046055931597948074,0.5522581934928894,1.6919254064559937,0.5850163102149963,0.0049985977821052074,0.42154502868652344,1.6889828443527222,0.5372605919837952,0.003359428374096751,0.555561900138855,1.743523120880127,0.6107878088951111,0.0033975879196077585,0.42005977034568787,1.7391945123672485,0.5650728940963745,0.005984166637063026,0.5367208123207092,1.8076045513153076,0.3138647973537445,0.0020658359862864017,0.44407474994659424,1.8093515634536743,0.24842800199985504,0.006694610230624676,0.0,0.0,0.0,0.0,0.0,0.0,0.0,0.0,0.0,0.0,0.0,0.0,0.0,0.0,0.0,0.0,0.0,0.0,0.0,0.0,0.0,0.0,0.0,0.0,0.0,0.0,0.0,0.0,0.0,0.0,0.0,0.0,0.0,0.0,0.0,0.0,0.0,0.0,0.0,0.0,0.0,0.0,0.0,0.0,0.0,0.0,0.0,0.0,0.0,0.0,0.0,0.0,0.0,0.0,0.0,0.0,0.0,0.0,0.0,0.0,0.0,0.0,0.0,0.4191199541091919,0.6717202067375183,-1.628500854167214e-07,0.4287843108177185,0.6264471411705017,-0.010925096459686756,0.44778648018836975,0.606383204460144,-0.01562955044209957,0.4680366516113281,0.5964023470878601,-0.017782732844352722,0.48357319831848145,0.5896317958831787,-0.018361248075962067,0.46756139397621155,0.6609357595443726,-0.01627437211573124,0.486126184463501,0.6152443885803223,-0.01900220848619938,0.47415703535079956,0.606187105178833,-0.01866765320301056,0.46472081542015076,0.615831732749939,-0.01798473484814167,0.47136422991752625,0.6766963005065918,-0.010968588292598724,0.4878803491592407,0.628250002861023,-0.015109107829630375,0.47716012597084045,0.6180055737495422,-0.015362913720309734,0.46882373094558716,0.6274800896644592,-0.015280854888260365,0.4715172052383423,0.6830472946166992,-0.005509929731488228,0.48716992139816284,0.6379808187484741,-0.010232682339847088,0.47838538885116577,0.6279148459434509,-0.009160618297755718,0.47018739581108093,0.6375395059585571,-0.007758250460028648,0.471338152885437,0.6808996796607971,-0.00039134809048846364,0.4839656949043274,0.6456077098846436,-0.005627522245049477,0.4767354428768158,0.6374726891517639,-0.0054774172604084015,0.4696694016456604,0.6465001702308655,-0.004231343977153301
0.4828583598136902,0.25760772824287415,-0.7629214525222778,0.9999526143074036,0.49614477157592773,0.22490078210830688,-0.7261135578155518,0.9999390244483948,0.505173921585083,0.22539405524730682,-0.7261415123939514,0.9999287128448486,0.5133727788925171,0.2262425273656845,-0.726035475730896,0.9999150037765503,0.4702664017677307,0.22449074685573578,-0.730212390422821,0.9999474287033081,0.46074771881103516,0.22477629780769348,-0.7303665280342102,0.9999498724937439,0.4522494375705719,0.22509199380874634,-0.73060542345047,0.9999520182609558,0.5221048593521118,0.24714171886444092,-0.4544679522514343,0.9999048113822937,0.4383144974708557,0.24746669828891754,-0.47194811701774597,0.9999476671218872,0.4998190999031067,0.3000289499759674,-0.6594862341880798,0.9999787211418152,0.46666139364242554,0.29918086528778076,-0.6649564504623413,0.9999821186065674,0.5770165324211121,0.4687243103981018,-0.26026585698127747,0.9998185634613037,0.3760676383972168,0.47268351912498474,-0.2713581919670105,0.9998310208320618,0.6023069024085999,0.7824199199676514,-0.35812869668006897,0.9896929860115051,0.32882004976272583,0.7782376408576965,-0.4484565854072571,0.9947549104690552,0.5269086360931396,0.7349147200584412,-0.7542319893836975,0.9786460399627686,0.4100174903869629,0.7022048234939575,-0.9540081024169922,0.9792066216468811,0.49604475498199463,0.7276637554168701,-0.8396549224853516,0.9298798441886902,0.44382479786872864,0.6935458183288574,-1.0535820722579956,0.919498085975647,0.49880486726760864,0.6792477369308472,-0.8441264033317566,0.9295064210891724,0.44808050990104675,0.6459463834762573,-1.0496872663497925,0.9206680655479431,0.5047127604484558,0.67994225025177,-0.7618139982223511,0.9141075015068054,0.4383244514465332,0.6472554802894592,-0.9594537019729614,0.9093879461288452,0.5419798493385315,0.9774119257926941,-0.011269358918070793,0.9220258593559265,0.414291650056839,0.9717189073562622,0.012381678447127342,0.9316958785057068,0.5493414998054504,1.352748155593872,0.1468677669763565,0.07276909798383713,0.41264858841896057,1.3526055812835693,0.15543819963932037,0.0478886179625988,0.5533069968223572,1.691333293914795,0.5850684642791748,0.004918608348816633,0.4251982569694519,1.6884312629699707,0.5242363810539246,0.0034046550281345844,0.5566818714141846,1.742554783821106,0.6126247048377991,0.003357516136020422,0.4237446188926697,1.7380480766296387,0.5522878170013428,0.005972868297249079,0.5382751822471619,1.8074066638946533,0.322346568107605,0.002052693162113428,0.44823896884918213,1.8085333108901978,0.24013441801071167,0.006664487533271313,0.0,0.0,0.0,0.0,0.0,0.0,0.0,0.0,0.0,0.0,0.0,0.0,0.0,0.0,0.0,0.0,0.0,0.0,0.0,0.0,0.0,0.0,0.0,0.0,0.0,0.0,0.0,0.0,0.0,0.0,0.0,0.0,0.0,0.0,0.0,0.0,0.0,0.0,0.0,0.0,0.0,0.0,0.0,0.0,0.0,0.0,0.0,0.0,0.0,0.0,0.0,0.0,0.0,0.0,0.0,0.0,0.0,0.0,0.0,0.0,0.0,0.0,0.0,0.419023722410202,0.6695142388343811,-1.5844246092910907e-07,0.4284915328025818,0.6242250204086304,-0.01098770834505558,0.4467333257198334,0.605238676071167,-0.015745926648378372,0.4665760099887848,0.596042811870575,-0.018038596957921982,0.48189353942871094,0.5885488986968994,-0.018736163154244423,0.46665969491004944,0.6586624979972839,-0.01576673798263073,0.4855322241783142,0.6143905520439148,-0.018762854859232903,0.4735991954803467,0.6051448583602905,-0.0187370702624321,0.46392694115638733,0.615092396736145,-0.018270885571837425,0.4704645276069641,0.6746985912322998,-0.010610947385430336,0.4875519871711731,0.6276082992553711,-0.015106968581676483,0.47682738304138184,0.6167330741882324,-0.015552169643342495,0.4686467945575714,0.6261939406394958,-0.015523871406912804,0.47074687480926514,0.681191086769104,-0.00538296066224575,0.48668426275253296,0.6371069550514221,-0.010495348833501339,0.47801217436790466,0.6265490055084229,-0.009418966248631477,0.4700842797756195,0.6360573768615723,-0.0079289386048913,0.47053852677345276,0.679311215877533,-0.000526078452821821,0.4836292564868927,0.6447650790214539,-0.006088301073759794,0.47632062435150146,0.6362820863723755,-0.005888891406357288,0.46916794776916504,0.6452493667602539,-0.004522307775914669
0.48173823952674866,0.25744396448135376,-0.7481390833854675,0.9999541640281677,0.495340496301651,0.22472719848155975,-0.7113338112831116,0.9999408721923828,0.5045687556266785,0.2252534031867981,-0.7113619446754456,0.9999305605888367,0.5129472613334656,0.2261187732219696,-0.7112701535224915,0.9999176263809204,0.46974852681159973,0.22425943613052368,-0.7151088118553162,0.9999491572380066,0.4603934586048126,0.22450880706310272,-0.7152683734893799,0.9999513626098633,0.4520811140537262,0.22480836510658264,-0.7155197858810425,0.9999536871910095,0.5224380493164062,0.2471541464328766,-0.4410061836242676,0.9999070167541504,0.43931081891059875,0.24685974419116974,-0.45687997341156006,0.9999492168426514,0.49901315569877625,0.2996619641780853,-0.6449167132377625,0.9999792575836182,0.46615898609161377,0.29888036847114563,-0.6500560641288757,0.9999826550483704,0.576671302318573,0.4685121476650238,-0.25053226947784424,0.999818742275238,0.37705913186073303,0.4714967906475067,-0.2594956159591675,0.9998334050178528,0.6025815606117249,0.7815806865692139,-0.3568762540817261,0.9900122880935669,0.32641205191612244,0.776628315448761,-0.43043252825737,0.9947831630706787,0.5176809430122375,0.727552056312561,-0.7593985795974731,0.9794926643371582,0.41159388422966003,0.7023098468780518,-0.9203615784645081,0.9799486994743347,0.483255535364151,0.7212002873420715,-0.8467510342597961,0.9316701889038086,0.4466705918312073,0.694403350353241,-1.0190820693969727,0.9220183491706848,0.4830920994281769,0.6672146916389465,-0.8477703332901001,0.9312489032745361,0.45126211643218994,0.6443089842796326,-1.0128610134124756,0.922919511795044,0.4904322624206543,0.6699233055114746,-0.765997588634491,0.9160542488098145,0.4410964846611023,0.6468358635902405,-0.9246864318847656,0.9115849733352661,0.5420697927474976,0.976563036441803,-0.011058440431952477,0.9232275485992432,0.4135524034500122,0.971636176109314,0.012203982099890709,0.932729184627533,0.5499516129493713,1.354234218597412,0.15662118792533875,0.07183931767940521,0.4113343060016632,1.3549731969833374,0.1604742556810379,0.048055149614810944,0.5547746419906616,1.6915041208267212,0.5806323289871216,0.00472530210390687,0.42464637756347656,1.6896347999572754,0.5185245275497437,0.003381855320185423,0.5578846335411072,1.7429016828536987,0.6065016388893127,0.0032301086466759443,0.4235793948173523,1.7391815185546875,0.544979453086853,0.005803144071251154,0.5399284362792969,1.807427167892456,0.31123146414756775,0.002011036267504096,0.44711780548095703,1.8094340562820435,0.22975309193134308,0.006598418112844229,0.0,0.0,0.0,0.0,0.0,0.0,0.0,0.0,0.0,0.0,0.0,0.0,0.0,0.0,0.0,0.0,0.0,0.0,0.0,0.0,0.0,0.0,0.0,0.0,0.0,0.0,0.0,0.0,0.0,0.0,0.0,0.0,0.0,0.0,0.0,0.0,0.0,0.0,0.0,0.0,0.0,0.0,0.0,0.0,0.0,0.0,0.0,0.0,0.0,0.0,0.0,0.0,0.0,0.0,0.0,0.0,0.0,0.0,0.0,0.0,0.0,0.0,0.0,0.41687721014022827,0.6687113046646118,-1.6935047142396797e-07,0.42702698707580566,0.62373948097229,-0.010869727469980717,0.4458589255809784,0.6043851971626282,-0.015569188632071018,0.46612176299095154,0.594441831111908,-0.0178417656570673,0.48138755559921265,0.5879389643669128,-0.0185056384652853,0.46492764353752136,0.6596757173538208,-0.015832901000976562,0.4846675992012024,0.6150100827217102,-0.018540939316153526,0.47301334142684937,0.6044591069221497,-0.018180789425969124,0.46361595392227173,0.613071620464325,-0.01752139814198017,0.46880948543548584,0.6753748655319214,-0.010658875107765198,0.48629599809646606,0.6272010207176208,-0.015083408914506435,0.47574755549430847,0.6160019040107727,-0.015545185655355453,0.46715155243873596,0.6247423887252808,-0.015520884655416012,0.469291090965271,0.6813143491744995,-0.005366744939237833,0.4857466220855713,0.6362069845199585,-0.010212880559265614,0.47718510031700134,0.6251558661460876,-0.00933542288839817,0.4685198962688446,0.6339605450630188,-0.007994236424565315,0.46935585141181946,0.6788174510002136,-0.0004184980352874845,0.4824414551258087,0.6429681777954102,-0.005696572363376617,0.4754994511604309,0.6341928839683533,-0.005650727078318596,0.4680405855178833,0.6428182125091553,-0.004463256802409887
0.4827527105808258,0.2572472095489502,-0.7450511455535889,0.9999552369117737,0.49495840072631836,0.22444497048854828,-0.708633542060852,0.9999423623085022,0.5037444829940796,0.22496293485164642,-0.7086665034294128,0.9999319911003113,0.5118656754493713,0.2257852405309677,-0.7085963487625122,0.9999197721481323,0.4697265923023224,0.22400128841400146,-0.7119787335395813,0.9999505281448364,0.46044084429740906,0.2242472767829895,-0.7121464610099792,0.9999525547027588,0.4521650969982147,0.22457052767276764,-0.712380588054657,0.9999551177024841,0.5205024480819702,0.24704648554325104,-0.4409777522087097,0.999908983707428,0.4386952817440033,0.24682560563087463,-0.4548409879207611,0.9999505877494812,0.49959811568260193,0.2989517152309418,-0.6430109143257141,0.9999797940254211,0.4675983488559723,0.29840022325515747,-0.647553563117981,0.9999831318855286,0.5763880014419556,0.4688928425312042,-0.2549566626548767,0.9998201727867126,0.37641388177871704,0.47275519371032715,-0.25739598274230957,0.9998364448547363,0.5999895334243774,0.7889862060546875,-0.35755103826522827,0.990379273891449,0.325630784034729,0.7776877284049988,-0.42823660373687744,0.9948310256004333,0.5087078213691711,0.7201597094535828,-0.7613524794578552,0.9803161025047302,0.4140956997871399,0.6997302174568176,-0.9142153263092041,0.9804837107658386,0.47828686237335205,0.7110115885734558,-0.8473854064941406,0.9333341717720032,0.44977647066116333,0.6935107111930847,-1.0109366178512573,0.9238879084587097,0.478096067905426,0.6563493609428406,-0.8457574248313904,0.9328415989875793,0.4535816013813019,0.6424052119255066,-1.0029878616333008,0.9244201183319092,0.484190970659256,0.6588925719261169,-0.7665053606033325,0.9178330302238464,0.4435771405696869,0.644231915473938,-0.9176887273788452,0.9128272533416748,0.539716362953186,0.9780328869819641,-0.01104220561683178,0.925326406955719,0.41186872124671936,0.9720360636711121,0.012173665687441826,0.9344339370727539,0.5437549948692322,1.3560863733291626,0.13853172957897186,0.07214999943971634,0.406491756439209,1.3564913272857666,0.15385788679122925,0.050032343715429306,0.5467736721038818,1.6916533708572388,0.5592355728149414,0.004679474048316479,0.4193575978279114,1.6899534463882446,0.5063609480857849,0.0035025756806135178,0.5494534969329834,1.7427496910095215,0.5851430296897888,0.0031679687090218067,0.4182036519050598,1.7393171787261963,0.5327107906341553,0.005848462227731943,0.5316522121429443,1.8076945543289185,0.29491743445396423,0.0019960394129157066,0.441559374332428,1.8094944953918457,0.22207312285900116,0.006699333433061838,0.0,0.0,0.0,0.0,0.0,0.0,0.0,0.0,0.0,0.0,0.0,0.0,0.0,0.0,0.0,0.0,0.0,0.0,0.0,0.0,0.0,0.0,0.0,0.0,0.0,0.0,0.0,0.0,0.0,0.0,0.0,0.0,0.0,0.0,0.0,0.0,0.0,0.0,0.0,0.0,0.0,0.0,0.0,0.0,0.0,0.0,0.0,0.0,0.0,0.0,0.0,0.0,0.0,0.0,0.0,0.0,0.0,0.0,0.0,0.0,0.0,0.0,0.0,0.4149727523326874,0.6692069172859192,-1.8052041639293748e-07,0.4258028268814087,0.622448742389679,-0.010101762600243092,0.4453737735748291,0.6026843786239624,-0.014440780505537987,0.46591296792030334,0.5927520394325256,-0.01644689217209816,0.4811389446258545,0.586785614490509,-0.016994748264551163,0.46418318152427673,0.6582827568054199,-0.016132235527038574,0.4834871292114258,0.61260986328125,-0.01834329590201378,0.47117650508880615,0.6034446358680725,-0.017622709274291992,0.4620104730129242,0.6133773922920227,-0.01686277985572815,0.46821147203445435,0.6743720769882202,-0.011286202818155289,0.48546770215034485,0.6249141097068787,-0.015424389392137527,0.47448107600212097,0.6142767071723938,-0.01564491167664528,0.4658535420894623,0.6238946318626404,-0.015559964813292027,0.4685673117637634,0.6804525852203369,-0.006120738573372364,0.48512956500053406,0.6344491839408875,-0.010878696106374264,0.47628042101860046,0.6237984299659729,-0.009862147271633148,0.4676358997821808,0.633774995803833,-0.008477389812469482,0.4682621359825134,0.6777220964431763,-0.0011820689542219043,0.48151886463165283,0.6404867768287659,-0.006465176120400429,0.47425714135169983,0.6321704387664795,-0.0062194932252168655,0.4667234420776367,0.6420916318893433,-0.004929885733872652
0.4805854260921478,0.2570345997810364,-0.7617790102958679,0.9999538064002991,0.49325424432754517,0.2241697609424591,-0.7251372933387756,0.9999406337738037,0.5020780563354492,0.22467516362667084,-0.7251664400100708,0.9999294877052307,0.510132908821106,0.22547969222068787,-0.7250963449478149,0.9999172687530518,0.46802738308906555,0.22370530664920807,-0.7283565402030945,0.9999492764472961,0.4588213264942169,0.2239687740802765,-0.7285489439964294,0.999951183795929,0.44982650876045227,0.2243015617132187,-0.7287882566452026,0.9999542236328125,0.5192609429359436,0.2469467967748642,-0.45603227615356445,0.999904990196228,0.43692001700401306,0.24640090763568878,-0.46933701634407043,0.9999486207962036,0.4972926080226898,0.29852136969566345,-0.6593788266181946,0.9999790787696838,0.4652637243270874,0.29806870222091675,-0.6637030243873596,0.9999825358390808,0.5740233063697815,0.4681287705898285,-0.2690468728542328,0.9998142719268799,0.3744902014732361,0.47306254506111145,-0.2671952247619629,0.9998322129249573,0.6002256870269775,0.7857206463813782,-0.3683614730834961,0.9907016158103943,0.3248518109321594,0.7782456278800964,-0.4434107542037964,0.9949009418487549,0.5136829018592834,0.7181332111358643,-0.7777597308158875,0.9809886813163757,0.4110549986362457,0.6976127624511719,-0.9389688968658447,0.9811998605728149,0.4816763699054718,0.7092454433441162,-0.8632676005363464,0.934180736541748,0.44516927003860474,0.6905723214149475,-1.0363088846206665,0.9260666966438293,0.4802505373954773,0.65592360496521,-0.860110342502594,0.9335006475448608,0.44896820187568665,0.639753520488739,-1.0290902853012085,0.9263337850570679,0.4867042899131775,0.6577087640762329,-0.7820266485214233,0.9189721941947937,0.43881097435951233,0.6420068144798279,-0.9429065585136414,0.9149333834648132,0.5399754643440247,0.9782654047012329,-0.011207254603505135,0.9294847249984741,0.4126933217048645,0.9727113842964172,0.012360070832073689,0.937932014465332,0.5469627976417542,1.356379747390747,0.1432684361934662,0.07405954599380493,0.4090573191642761,1.3567652702331543,0.16169820725917816,0.05322813615202904,0.5500471591949463,1.6915560960769653,0.5848530530929565,0.0046052709221839905,0.4213595390319824,1.6898144483566284,0.5293387770652771,0.003644545329734683,0.5532079339027405,1.7426306009292603,0.6132952570915222,0.0031556510366499424,0.41979777812957764,1.7391843795776367,0.5575492978096008,0.005972599145025015,0.5348716974258423,1.8079144954681396,0.32771265506744385,0.0019642957486212254,0.44451090693473816,1.8093923330307007,0.25109758973121643,0.006780784577131271,0.0,0.0,0.0,0.0,0.0,0.0,0.0,0.0,0.0,0.0,0.0,0.0,0.0,0.0,0.0,0.0,0.0,0.0,0.0,0.0,0.0,0.0,0.0,0.0,0.0,0.0,0.0,0.0,0.0,0.0,0.0,0.0,0.0,0.0,0.0,0.0,0.0,0.0,0.0,0.0,0.0,0.0,0.0,0.0,0.0,0.0,0.0,0.0,0.0,0.0,0.0,0.0,0.0,0.0,0.0,0.0,0.0,0.0,0.0,0.0,0.0,0.0,0.0,0.4152136743068695,0.6658546924591064,-1.6874919595011306e-07,0.4250304400920868,0.6211565732955933,-0.010926514863967896,0.4440348446369171,0.601236879825592,-0.01567734219133854,0.4643738269805908,0.5907275676727295,-0.017949294298887253,0.47963058948516846,0.5850091576576233,-0.018628204241394997,0.4628656804561615,0.6563543677330017,-0.016419904306530952,0.4826132655143738,0.6113901138305664,-0.019022706896066666,0.4710063636302948,0.6009998321533203,-0.018518460914492607,0.46176454424858093,0.6094255447387695,-0.017797069624066353,0.466788649559021,0.6724874973297119,-0.011170385405421257,0.48444122076034546,0.6245695948600769,-0.015450209379196167,0.47398796677589417,0.6135118007659912,-0.01585393212735653,0.46532541513442993,0.6219655871391296,-0.015825707465410233,0.46723219752311707,0.6791123151779175,-0.0057212356477975845,0.4838181734085083,0.6342050433158875,-0.010388593189418316,0.47541171312332153,0.6232191920280457,-0.009513415396213531,0.4667056202888489,0.6317274570465088,-0.008228186517953873,0.4672077000141144,0.6773576736450195,-0.0006010549841448665,0.48024794459342957,0.6417096853256226,-0.005779368337243795,0.47353190183639526,0.6326866745948792,-0.005765069741755724,0.4661529064178467,0.6409593820571899,-0.004637217149138451
0.4808972179889679,0.25642305612564087,-0.7483263611793518,0.9999549984931946,0.49269023537635803,0.22373150289058685,-0.7108184695243835,0.9999420642852783,0.5012028813362122,0.22411511838436127,-0.7108581066131592,0.9999309778213501,0.5090474486351013,0.22493703663349152,-0.7107747197151184,0.9999192357063293,0.46816912293434143,0.22343327105045319,-0.7146305441856384,0.9999504685401917,0.459240585565567,0.2237485647201538,-0.7147936224937439,0.9999522566795349,0.45013871788978577,0.22417141497135162,-0.715030312538147,0.999955415725708,0.5179530382156372,0.24676711857318878,-0.44109615683555603,0.9999062418937683,0.43745261430740356,0.24634085595607758,-0.45651277899742126,0.9999493360519409,0.4974435269832611,0.29762905836105347,-0.6460360288619995,0.9999793171882629,0.4657905697822571,0.2975768744945526,-0.6509854793548584,0.9999827146530151,0.5736499428749084,0.4688258767127991,-0.24689406156539917,0.9998160004615784,0.375043123960495,0.47286054491996765,-0.2573605179786682,0.9998311996459961,0.6009341478347778,0.7834562659263611,-0.3466387689113617,0.9909638166427612,0.323032408952713,0.7766892313957214,-0.4295750558376312,0.9949451088905334,0.5227186679840088,0.7285746932029724,-0.7372303605079651,0.9816083908081055,0.4084974527359009,0.6967760920524597,-0.9253498911857605,0.9820054173469543,0.4899754524230957,0.722675621509552,-0.8213437795639038,0.9353944063186646,0.4425467252731323,0.6894950270652771,-1.0230435132980347,0.9288609623908997,0.48934417963027954,0.6705448031425476,-0.822338879108429,0.9346805214881897,0.44585829973220825,0.6386414170265198,-1.0175843238830566,0.928999125957489,0.4974731206893921,0.671537458896637,-0.7434008121490479,0.9203392267227173,0.4354062080383301,0.6406894326210022,-0.9299675226211548,0.9177314639091492,0.537433922290802,0.9783818125724792,-0.010997100733220577,0.9320125579833984,0.411103755235672,0.9725400805473328,0.01208454743027687,0.93980872631073,0.543396532535553,1.3569738864898682,0.1548294723033905,0.07537145912647247,0.4060027301311493,1.3574986457824707,0.15522152185440063,0.054732296615839005,0.547397792339325,1.6919625997543335,0.590287983417511,0.004535132087767124,0.41894960403442383,1.6905996799468994,0.5149400234222412,0.0037278980016708374,0.5505764484405518,1.7432594299316406,0.6177518963813782,0.00309447362087667,0.4178072214126587,1.740065097808838,0.541938841342926,0.005968344863504171,0.5321268439292908,1.8081278800964355,0.329610139131546,0.0019635295029729605,0.4419042468070984,1.8101545572280884,0.23092737793922424,0.006838928908109665,0.0,0.0,0.0,0.0,0.0,0.0,0.0,0.0,0.0,0.0,0.0,0.0,0.0,0.0,0.0,0.0,0.0,0.0,0.0,0.0,0.0,0.0,0.0,0.0,0.0,0.0,0.0,0.0,0.0,0.0,0.0,0.0,0.0,0.0,0.0,0.0,0.0,0.0,0.0,0.0,0.0,0.0,0.0,0.0,0.0,0.0,0.0,0.0,0.0,0.0,0.0,0.0,0.0,0.0,0.0,0.0,0.0,0.0,0.0,0.0,0.0,0.0,0.0,0.41555678844451904,0.6643677353858948,-1.6148318593423028e-07,0.4250640273094177,0.6193976402282715,-0.010605836287140846,0.4427814781665802,0.59943026304245,-0.015429096296429634,0.46251440048217773,0.5901648998260498,-0.017995715141296387,0.4780474603176117,0.583745002746582,-0.018911227583885193,0.4630219638347626,0.6524755358695984,-0.014674937352538109,0.482430636882782,0.6102935075759888,-0.01773199252784252,0.4707671105861664,0.600407063961029,-0.017874762415885925,0.4607248902320862,0.6094540953636169,-0.017506783828139305,0.4665246307849884,0.6690244078636169,-0.009860721416771412,0.48335638642311096,0.6235899329185486,-0.014254077337682247,0.4729197919368744,0.6125952005386353,-0.014844493009150028,0.4645939767360687,0.6216111183166504,-0.014956651255488396,0.46669802069664,0.6763188242912292,-0.005049912724643946,0.4824432134628296,0.6339502930641174,-0.009925944730639458,0.47421035170555115,0.6231937408447266,-0.008881447836756706,0.46609047055244446,0.6322336792945862,-0.007492592092603445,0.4665539264678955,0.6755387783050537,-0.000622166262473911,0.4796872138977051,0.6419798731803894,-0.005825470667332411,0.4727804362773895,0.6331936717033386,-0.005517078097909689,0.46559011936187744,0.6416394114494324,-0.0041443100199103355
0.47894543409347534,0.25617748498916626,-0.7465210556983948,0.9999540448188782,0.49042966961860657,0.22351385653018951,-0.7097674608230591,0.9999408721923828,0.49878445267677307,0.22385816276073456,-0.7098221182823181,0.9999296069145203,0.5065484642982483,0.22468972206115723,-0.7097546458244324,0.9999180436134338,0.4655091464519501,0.2232886105775833,-0.7134843468666077,0.9999492168426514,0.4567834138870239,0.22360311448574066,-0.7136544585227966,0.9999510645866394,0.44685572385787964,0.22407926619052887,-0.7139009833335876,0.9999544024467468,0.5160515904426575,0.2463732361793518,-0.441289484500885,0.999904215335846,0.4354962408542633,0.2462160736322403,-0.45605912804603577,0.9999476075172424,0.49482521414756775,0.29736390709877014,-0.6444079279899597,0.99997878074646,0.46336787939071655,0.2974454462528229,-0.6491339802742004,0.9999821186065674,0.5720729231834412,0.46866634488105774,-0.24613258242607117,0.9998164772987366,0.37398862838745117,0.4715524911880493,-0.2571629583835602,0.9998268485069275,0.6015380024909973,0.7821307182312012,-0.3477301299571991,0.9911810159683228,0.3231716752052307,0.7784569263458252,-0.43151161074638367,0.9948762059211731,0.5202745199203491,0.7225619554519653,-0.7423507571220398,0.9820888042449951,0.4110108017921448,0.6894464492797852,-0.929175078868866,0.9825896620750427,0.49033525586128235,0.71625155210495,-0.8271297812461853,0.936269998550415,0.4460884928703308,0.6788516044616699,-1.026977777481079,0.9308136105537415,0.48892098665237427,0.6648744940757751,-0.8273511528968811,0.935530960559845,0.44807299971580505,0.6298596262931824,-1.0219459533691406,0.9308103322982788,0.4961031675338745,0.6669801473617554,-0.7482497096061707,0.9211622476577759,0.4378215968608856,0.6323061585426331,-0.9339043498039246,0.919507622718811,0.5375095009803772,0.9758163094520569,-0.010740217752754688,0.9337987303733826,0.41116225719451904,0.9713194966316223,0.01177269034087658,0.9412062168121338,0.5418150424957275,1.3566927909851074,0.14772798120975494,0.07712796330451965,0.40469223260879517,1.356872797012329,0.15021878480911255,0.056795187294483185,0.5444577932357788,1.6916465759277344,0.5730763673782349,0.00450718542560935,0.4164193570613861,1.690544843673706,0.5059441328048706,0.0038819024339318275,0.5474907755851746,1.742798924446106,0.599478542804718,0.0030613227281719446,0.41529613733291626,1.7400134801864624,0.5323432683944702,0.006046968977898359,0.5284824967384338,1.8078125715255737,0.3090430796146393,0.00196823594160378,0.4385572671890259,1.810113549232483,0.2200685441493988,0.0069813975133001804,0.0,0.0,0.0,0.0,0.0,0.0,0.0,0.0,0.0,0.0,0.0,0.0,0.0,0.0,0.0,0.0,0.0,0.0,0.0,0.0,0.0,0.0,0.0,0.0,0.0,0.0,0.0,0.0,0.0,0.0,0.0,0.0,0.0,0.0,0.0,0.0,0.0,0.0,0.0,0.0,0.0,0.0,0.0,0.0,0.0,0.0,0.0,0.0,0.0,0.0,0.0,0.0,0.0,0.0,0.0,0.0,0.0,0.0,0.0,0.0,0.0,0.0,0.0,0.4123678207397461,0.663580596446991,-1.7345247727007518e-07,0.42322680354118347,0.6179113388061523,-0.011111988686025143,0.4422285258769989,0.5976825952529907,-0.016113685443997383,0.4630506932735443,0.5881398916244507,-0.018722504377365112,0.4791344106197357,0.5832668542861938,-0.019601047039031982,0.4618866741657257,0.6533681154251099,-0.01509328093379736,0.4817834198474884,0.6101080775260925,-0.018205557018518448,0.4700910151004791,0.5997790098190308,-0.018394388258457184,0.46019092202186584,0.6087484955787659,-0.01810152642428875,0.4655735194683075,0.6696580052375793,-0.009991427883505821,0.48242026567459106,0.6219779253005981,-0.014414182864129543,0.4719373285770416,0.6111883521080017,-0.01497939508408308,0.4635087847709656,0.6206101775169373,-0.015150033868849277,0.46596506237983704,0.6762266159057617,-0.0049422737210989,0.4820890426635742,0.6320376992225647,-0.009769942611455917,0.47366994619369507,0.6213597655296326,-0.00872750673443079,0.4652441442012787,0.6305917501449585,-0.007397714536637068,0.4658597707748413,0.6744766235351562,-0.00033544644247740507,0.4789220690727234,0.6394672393798828,-0.00555195938795805,0.47198742628097534,0.6308844089508057,-0.005363658536225557,0.4645237624645233,0.6395269632339478,-0.004118981771171093
0.47855523228645325,0.25608888268470764,-0.7591084837913513,0.9999533891677856,0.4902922511100769,0.22333945333957672,-0.7226621508598328,0.9999399185180664,0.49868571758270264,0.2236427515745163,-0.7227122187614441,0.9999285936355591,0.5063192248344421,0.22452659904956818,-0.7226455211639404,0.9999167919158936,0.4651677906513214,0.2231958508491516,-0.7256498336791992,0.9999484419822693,0.4565955400466919,0.22353672981262207,-0.7258285284042358,0.9999504685401917,0.4465973973274231,0.22409413754940033,-0.726081907749176,0.9999538064002991,0.5162346959114075,0.2463003695011139,-0.45307657122612,0.9999030232429504,0.43515250086784363,0.24632896482944489,-0.46489962935447693,0.9999468922615051,0.49451687932014465,0.29730015993118286,-0.6561216115951538,0.9999785423278809,0.4629625380039215,0.2972681522369385,-0.6603733897209167,0.9999819397926331,0.5722284913063049,0.4693954288959503,-0.25821542739868164,0.9998152256011963,0.3736075162887573,0.4717106223106384,-0.2645740807056427,0.999826192855835,0.5998503565788269,0.7851642370223999,-0.36856624484062195,0.9912422299385071,0.3216455280780792,0.7785899639129639,-0.4426164925098419,0.9949139952659607,0.5158394575119019,0.7291319966316223,-0.7528037428855896,0.9822906255722046,0.41131994128227234,0.6927947998046875,-0.9423083066940308,0.9830575585365295,0.48547855019569397,0.7211946845054626,-0.8364694118499756,0.9362457990646362,0.44572752714157104,0.6836815476417542,-1.0408203601837158,0.9323684573173523,0.4845849573612213,0.6684376001358032,-0.8362419605255127,0.935420572757721,0.4487200975418091,0.6352065205574036,-1.034381628036499,0.9322831034660339,0.4900070130825043,0.670401930809021,-0.7583035826683044,0.9210808277130127,0.43864676356315613,0.6377044320106506,-0.9466328024864197,0.9210113286972046,0.5366525053977966,0.9765960574150085,-0.011408350430428982,0.9341872930526733,0.41027751564979553,0.9719475507736206,0.012454846873879433,0.941706120967865,0.5418888330459595,1.3564643859863281,0.13915453851222992,0.07722757756710052,0.4050983190536499,1.3563789129257202,0.15583735704421997,0.057593826204538345,0.5445982217788696,1.6916474103927612,0.5681604743003845,0.004461108241230249,0.41626137495040894,1.6905622482299805,0.5205565094947815,0.003915247041732073,0.5476545691490173,1.7424200773239136,0.5948628187179565,0.003051197621971369,0.41481149196624756,1.7400193214416504,0.5481859445571899,0.006098528858274221,0.5281837582588196,1.8081291913986206,0.30318281054496765,0.0019326398614794016,0.43824782967567444,1.8100850582122803,0.23603634536266327,0.006958748213946819,0.0,0.0,0.0,0.0,0.0,0.0,0.0,0.0,0.0,0.0,0.0,0.0,0.0,0.0,0.0,0.0,0.0,0.0,0.0,0.0,0.0,0.0,0.0,0.0,0.0,0.0,0.0,0.0,0.0,0.0,0.0,0.0,0.0,0.0,0.0,0.0,0.0,0.0,0.0,0.0,0.0,0.0,0.0,0.0,0.0,0.0,0.0,0.0,0.0,0.0,0.0,0.0,0.0,0.0,0.0,0.0,0.0,0.0,0.0,0.0,0.0,0.0,0.0,0.41310179233551025,0.660664975643158,-1.6896481724870682e-07,0.4234146475791931,0.6157588958740234,-0.010802311822772026,0.4422432780265808,0.5960516929626465,-0.01557394489645958,0.46287867426872253,0.5866983532905579,-0.017956657335162163,0.4786563217639923,0.5818489193916321,-0.01864158920943737,0.46123218536376953,0.6507066488265991,-0.01504893321543932,0.4814407527446747,0.6085920333862305,-0.017661547288298607,0.4702979028224945,0.5976206064224243,-0.01735781505703926,0.46076416969299316,0.6055536270141602,-0.01678111031651497,0.46499451994895935,0.6675605773925781,-0.009977267123758793,0.4823152720928192,0.621496319770813,-0.01389986276626587,0.4724111557006836,0.6102197170257568,-0.014229369349777699,0.46412739157676697,0.6185184121131897,-0.014303116127848625,0.46539390087127686,0.674857497215271,-0.004880082793533802,0.4816158711910248,0.6318948268890381,-0.009298786520957947,0.4737969636917114,0.6209665536880493,-0.008340065367519855,0.4655609726905823,0.6292065382003784,-0.007151367608457804,0.46540266275405884,0.6738724112510681,-0.00016403417976107448,0.4784640371799469,0.6397974491119385,-0.0050394535064697266,0.4720473289489746,0.6310513019561768,-0.00486064562574029,0.46483784914016724,0.6390095949172974,-0.0037036952562630177
0.4763393700122833,0.2561648190021515,-0.7434181571006775,0.9999539256095886,0.48803478479385376,0.22328557074069977,-0.7070773839950562,0.9999403953552246,0.49656787514686584,0.2235538810491562,-0.7071251273155212,0.9999289512634277,0.5041766166687012,0.22445721924304962,-0.7070425748825073,0.9999175071716309,0.4635683000087738,0.22319015860557556,-0.7100743055343628,0.9999489188194275,0.4551454484462738,0.22352837026119232,-0.7102334499359131,0.9999508261680603,0.44520846009254456,0.22410625219345093,-0.7104760408401489,0.9999542832374573,0.5147613883018494,0.2461489886045456,-0.44295209646224976,0.9999035000801086,0.4346022605895996,0.24628211557865143,-0.45489418506622314,0.9999470114707947,0.49162185192108154,0.297244131565094,-0.6429294943809509,0.9999787211418152,0.46077632904052734,0.2970944941043854,-0.6469568014144897,0.9999820590019226,0.5711601972579956,0.4702072739601135,-0.2518802881240845,0.9998170733451843,0.3736230731010437,0.4709780514240265,-0.2583732008934021,0.9998265504837036,0.6005457043647766,0.7841528654098511,-0.35515978932380676,0.991493821144104,0.31885868310928345,0.7715508341789246,-0.4318329989910126,0.9949870109558105,0.5169562101364136,0.7277355194091797,-0.7373453974723816,0.9829676747322083,0.4075547754764557,0.6931607127189636,-0.9272154569625854,0.9836201071739197,0.4859148859977722,0.7202666997909546,-0.8210256099700928,0.9380798935890198,0.441699355840683,0.6837320923805237,-1.0250903367996216,0.9344555735588074,0.4842661917209625,0.667705237865448,-0.819850504398346,0.9372338652610779,0.4459478557109833,0.6374475359916687,-1.0185835361480713,0.9343812465667725,0.4894106090068817,0.6687920689582825,-0.7423347234725952,0.9231376647949219,0.4357876181602478,0.6404251456260681,-0.9315614700317383,0.9233856201171875,0.536010205745697,0.9747551679611206,-0.011374161578714848,0.9353044629096985,0.4109043478965759,0.9714200496673584,0.012423244304955006,0.9426186680793762,0.5441464781761169,1.3545371294021606,0.14240702986717224,0.07786522805690765,0.4094198942184448,1.3543803691864014,0.15240319073200226,0.057804759591817856,0.5483291745185852,1.6903201341629028,0.5716578364372253,0.00436533335596323,0.4219547212123871,1.6892236471176147,0.5116774439811707,0.003891231957823038,0.5515353083610535,1.7401798963546753,0.598817765712738,0.0030007953755557537,0.42057541012763977,1.7382639646530151,0.5390051603317261,0.006070120260119438,0.5324779152870178,1.8066338300704956,0.3111518919467926,0.0018960178131237626,0.44371938705444336,1.8082516193389893,0.23051653802394867,0.006844364106655121,0.0,0.0,0.0,0.0,0.0,0.0,0.0,0.0,0.0,0.0,0.0,0.0,0.0,0.0,0.0,0.0,0.0,0.0,0.0,0.0,0.0,0.0,0.0,0.0,0.0,0.0,0.0,0.0,0.0,0.0,0.0,0.0,0.0,0.0,0.0,0.0,0.0,0.0,0.0,0.0,0.0,0.0,0.0,0.0,0.0,0.0,0.0,0.0,0.0,0.0,0.0,0.0,0.0,0.0,0.0,0.0,0.0,0.0,0.0,0.0,0.0,0.0,0.0,0.41372066736221313,0.659737229347229,-1.6067176034084696e-07,0.42394131422042847,0.614881157875061,-0.009929358959197998,0.4423563778400421,0.5943893194198608,-0.01460865419358015,0.46255168318748474,0.5845410227775574,-0.01716608740389347,0.47812432050704956,0.5793637037277222,-0.018195603042840958,0.4609755277633667,0.6486579179763794,-0.01494675874710083,0.4808749556541443,0.6053575873374939,-0.01793084666132927,0.4693733751773834,0.5953466892242432,-0.017997652292251587,0.45978134870529175,0.6041370034217834,-0.017600063234567642,0.4647858142852783,0.6653035283088684,-0.010477560572326183,0.48207399249076843,0.6190928220748901,-0.01452141348272562,0.4720086455345154,0.6085503697395325,-0.015069244429469109,0.4633493423461914,0.6174613237380981,-0.01525955181568861,0.4651486873626709,0.6732544302940369,-0.005899439100176096,0.4811984896659851,0.6303457617759705,-0.010086101479828358,0.47318074107170105,0.6199517250061035,-0.009038591757416725,0.46463295817375183,0.628859281539917,-0.007829844020307064,0.46518000960350037,0.6732142567634583,-0.0016601046081632376,0.4778479039669037,0.6394210457801819,-0.006219693925231695,0.47128450870513916,0.6309329867362976,-0.005835802759975195,0.4641081690788269,0.6394070982933044,-0.004609403666108847
0.47605210542678833,0.25658491253852844,-0.7249189019203186,0.9999556541442871,0.48770925402641296,0.22324369847774506,-0.6898224353790283,0.9999420642852783,0.49629485607147217,0.22342507541179657,-0.689889669418335,0.9999306201934814,0.5037463903427124,0.22436487674713135,-0.6897994875907898,0.9999197721481323,0.4633370637893677,0.22315563261508942,-0.6917999982833862,0.999950647354126,0.45483309030532837,0.22345773875713348,-0.6919523477554321,0.9999523162841797,0.44487085938453674,0.22394374012947083,-0.6922053694725037,0.9999557733535767,0.5142439007759094,0.24613633751869202,-0.4273802936077118,0.9999063611030579,0.4343107044696808,0.24619677662849426,-0.4345911145210266,0.9999486207962036,0.4913138449192047,0.2975042462348938,-0.6247621178627014,0.9999796152114868,0.46057558059692383,0.2969450354576111,-0.6276475787162781,0.9999828338623047,0.5701961517333984,0.47005125880241394,-0.24419784545898438,0.999824047088623,0.3741890788078308,0.46898141503334045,-0.24128741025924683,0.9998335838317871,0.602599024772644,0.7799389362335205,-0.3505557179450989,0.9918797612190247,0.3194195330142975,0.7655923962593079,-0.42443135380744934,0.9950777292251587,0.5097437500953674,0.7317583560943604,-0.729929506778717,0.9835231900215149,0.40800219774246216,0.6925097703933716,-0.9272805452346802,0.9838279485702515,0.48061659932136536,0.7283733487129211,-0.8149212002754211,0.9392862915992737,0.4423466622829437,0.6868250966072083,-1.0265761613845825,0.9355554580688477,0.480063259601593,0.6764352917671204,-0.8140772581100464,0.9384509921073914,0.4471087157726288,0.6420248746871948,-1.0207322835922241,0.9354304075241089,0.4848610460758209,0.6759529113769531,-0.7348702549934387,0.9242388606071472,0.4377053678035736,0.6434154510498047,-0.932044267654419,0.9244835376739502,0.534318208694458,0.9751644730567932,-0.012944578193128109,0.9331773519515991,0.41107243299484253,0.9710882306098938,0.014012201689183712,0.9409914016723633,0.5440731048583984,1.3539332151412964,0.1342223584651947,0.0784209743142128,0.410129576921463,1.3540605306625366,0.16400234401226044,0.05819829925894737,0.5486257672309875,1.6902501583099365,0.5453894734382629,0.004370174370706081,0.42342668771743774,1.6897624731063843,0.5245069861412048,0.003972773905843496,0.551212728023529,1.7398842573165894,0.5699033737182617,0.002922401065006852,0.4224134683609009,1.7389692068099976,0.5515851974487305,0.0061592585407197475,0.5336238741874695,1.8064990043640137,0.2738046944141388,0.001883052522316575,0.44402679800987244,1.8075506687164307,0.23841796815395355,0.006879944354295731,0.0,0.0,0.0,0.0,0.0,0.0,0.0,0.0,0.0,0.0,0.0,0.0,0.0,0.0,0.0,0.0,0.0,0.0,0.0,0.0,0.0,0.0,0.0,0.0,0.0,0.0,0.0,0.0,0.0,0.0,0.0,0.0,0.0,0.0,0.0,0.0,0.0,0.0,0.0,0.0,0.0,0.0,0.0,0.0,0.0,0.0,0.0,0.0,0.0,0.0,0.0,0.0,0.0,0.0,0.0,0.0,0.0,0.0,0.0,0.0,0.0,0.0,0.0,0.4116692543029785,0.658683717250824,-1.7551852238284482e-07,0.4232320487499237,0.6126360893249512,-0.009857749566435814,0.44215869903564453,0.592715859413147,-0.014195326715707779,0.46290645003318787,0.5836647152900696,-0.016426343470811844,0.47873005270957947,0.5786234736442566,-0.016997000202536583,0.46042951941490173,0.6479088068008423,-0.013325592502951622,0.48095428943634033,0.6062526702880859,-0.015989406034350395,0.46951019763946533,0.5956365466117859,-0.015989232808351517,0.4598393142223358,0.60420161485672,-0.015642309561371803,0.4642268121242523,0.6645136475563049,-0.008829128928482533,0.48150554299354553,0.6179094910621643,-0.012511306442320347,0.4714294970035553,0.6072196364402771,-0.012839559465646744,0.46324422955513,0.6160092353820801,-0.013025513850152493,0.4648754894733429,0.6713000535964966,-0.004383342806249857,0.4810088872909546,0.627659797668457,-0.00872175581753254,0.4728482663631439,0.6173582673072815,-0.007575306110084057,0.4644618332386017,0.625951886177063,-0.006306290626525879,0.46482884883880615,0.6696267127990723,-0.0003117742307949811,0.4774651527404785,0.6346073746681213,-0.005195729434490204,0.4707393944263458,0.6269291639328003,-0.00483603635802865,0.46332255005836487,0.6353324055671692,-0.003571286564692855
0.4764827489852905,0.2560880780220032,-0.7242671251296997,0.999954879283905,0.4879662096500397,0.22278380393981934,-0.688627302646637,0.9999404549598694,0.49644896388053894,0.22293351590633392,-0.6886577606201172,0.99992835521698,0.5037175416946411,0.22390539944171906,-0.6885271668434143,0.999917209148407,0.46349388360977173,0.2227022796869278,-0.6916716694831848,0.9999499320983887,0.45480918884277344,0.22302357852458954,-0.6917645335197449,0.9999516606330872,0.4447437822818756,0.223472461104393,-0.6919965147972107,0.9999553561210632,0.5133976340293884,0.2459765076637268,-0.4291607141494751,0.9999033808708191,0.43302667140960693,0.2460806667804718,-0.4385085999965668,0.9999483227729797,0.4918709993362427,0.297244131565094,-0.6264222860336304,0.9999794960021973,0.46050968766212463,0.2964046895503998,-0.6295675039291382,0.9999829530715942,0.5690698027610779,0.4691966772079468,-0.2428034096956253,0.9998226761817932,0.37333717942237854,0.4677947759628296,-0.2444947361946106,0.9998367428779602,0.6029806733131409,0.7767878770828247,-0.35556861758232117,0.9920244216918945,0.3165431022644043,0.7637569904327393,-0.42739951610565186,0.9951275587081909,0.5075466632843018,0.7265914678573608,-0.7368878126144409,0.9835495352745056,0.4086998403072357,0.6891550421714783,-0.9225643873214722,0.9838708639144897,0.47629302740097046,0.7227945923805237,-0.8214101791381836,0.938632607460022,0.44411367177963257,0.6835770010948181,-1.0202778577804565,0.9359040260314941,0.4748850166797638,0.6686437726020813,-0.8171683549880981,0.9376924633979797,0.44851937890052795,0.638552188873291,-1.0123988389968872,0.9357168674468994,0.4826066792011261,0.6689721345901489,-0.740489661693573,0.9231235980987549,0.43884050846099854,0.6396879553794861,-0.9260241389274597,0.9247060418128967,0.5340176820755005,0.9758768677711487,-0.01337440311908722,0.9289091229438782,0.4114023745059967,0.9708293676376343,0.01441940013319254,0.937669038772583,0.5421131253242493,1.3543208837509155,0.12971393764019012,0.07815871387720108,0.40754133462905884,1.3544745445251465,0.15501651167869568,0.05813577026128769,0.5449594259262085,1.6912285089492798,0.5340613722801208,0.004342473112046719,0.4189901351928711,1.6910842657089233,0.5071796774864197,0.003995922394096851,0.5475634932518005,1.7413272857666016,0.5577588677406311,0.0028446600772440434,0.41752851009368896,1.7403746843338013,0.5332760214805603,0.006155887618660927,0.5288652181625366,1.8078032732009888,0.26137733459472656,0.001847080304287374,0.4397156536579132,1.8094037771224976,0.2187253087759018,0.006840054877102375,0.0,0.0,0.0,0.0,0.0,0.0,0.0,0.0,0.0,0.0,0.0,0.0,0.0,0.0,0.0,0.0,0.0,0.0,0.0,0.0,0.0,0.0,0.0,0.0,0.0,0.0,0.0,0.0,0.0,0.0,0.0,0.0,0.0,0.0,0.0,0.0,0.0,0.0,0.0,0.0,0.0,0.0,0.0,0.0,0.0,0.0,0.0,0.0,0.0,0.0,0.0,0.0,0.0,0.0,0.0,0.0,0.0,0.0,0.0,0.0,0.0,0.0,0.0,0.41279536485671997,0.6557539701461792,-1.6365554245112435e-07,0.4236558973789215,0.6102476716041565,-0.009984014555811882,0.44262874126434326,0.5898932218551636,-0.014343592338263988,0.4633317291736603,0.5807002782821655,-0.01651848666369915,0.47887834906578064,0.5767151713371277,-0.017020275816321373,0.46130651235580444,0.6451309323310852,-0.013611093163490295,0.48160219192504883,0.6039829254150391,-0.01616521179676056,0.4701899588108063,0.5930463671684265,-0.015994524583220482,0.4605024456977844,0.6012121438980103,-0.015492524020373821,0.4645731747150421,0.6619876027107239,-0.008962651714682579,0.4815942347049713,0.6168327331542969,-0.012461141683161259,0.4715721607208252,0.6057397127151489,-0.012736502103507519,0.4634524881839752,0.6142926216125488,-0.012886489741504192,0.4647926390171051,0.6693667769432068,-0.004347306210547686,0.4804777204990387,0.6272031664848328,-0.008408338762819767,0.4724072515964508,0.61648029088974,-0.0073986537754535675,0.4640779495239258,0.6248204112052917,-0.006264050491154194,0.46466514468193054,0.6686393022537231,-0.00010230103362118825,0.477030873298645,0.6348795294761658,-0.0046756272204220295,0.4704395830631256,0.6266404986381531,-0.004406523425132036,0.4632955491542816,0.6348192691802979,-0.003280832665041089
0.47603610157966614,0.25614413619041443,-0.6776108145713806,0.999954104423523,0.48732271790504456,0.22268667817115784,-0.6449791193008423,0.9999390840530396,0.4955640137195587,0.2228289395570755,-0.6450111269950867,0.9999263286590576,0.5027676224708557,0.2238556295633316,-0.6450051665306091,0.9999153017997742,0.46345457434654236,0.22249510884284973,-0.6466835737228394,0.9999495148658752,0.454854279756546,0.2227722704410553,-0.6469093561172485,0.9999513030052185,0.44512978196144104,0.22325456142425537,-0.6472007632255554,0.9999554753303528,0.5118813514709473,0.2459626942873001,-0.4022327661514282,0.9999008178710938,0.43354952335357666,0.2459205836057663,-0.4111376702785492,0.9999485611915588,0.4904385507106781,0.2973190248012543,-0.5869195461273193,0.9999794960021973,0.4599442481994629,0.2961607575416565,-0.5859209895133972,0.9999831914901733,0.5680205225944519,0.4693625271320343,-0.23206952214241028,0.9998239874839783,0.37275996804237366,0.4671691656112671,-0.23682673275470734,0.9998443722724915,0.6017821431159973,0.7777900099754333,-0.34878095984458923,0.992079496383667,0.3133775591850281,0.7615754008293152,-0.43591126799583435,0.9952490329742432,0.5035050511360168,0.7276354432106018,-0.7214285135269165,0.9832900166511536,0.40824785828590393,0.6804015040397644,-0.9170404076576233,0.9842233061790466,0.4737913906574249,0.7193130850791931,-0.8028360605239868,0.9372825622558594,0.444996178150177,0.6739622354507446,-1.0122706890106201,0.936791181564331,0.47358638048171997,0.6664527058601379,-0.7959269881248474,0.9361484050750732,0.45072242617607117,0.6295120716094971,-1.0001869201660156,0.9362205266952515,0.4783850610256195,0.667351484298706,-0.7236868143081665,0.9215078353881836,0.44136106967926025,0.6307846903800964,-0.9185333847999573,0.925258994102478,0.5327608585357666,0.9757944941520691,-0.013166210614144802,0.9315747022628784,0.4098378121852875,0.9704448580741882,0.014185001142323017,0.9401532411575317,0.5381521582603455,1.3537427186965942,0.13408826291561127,0.07851680368185043,0.40348613262176514,1.3533079624176025,0.1606648862361908,0.05981091782450676,0.5425575375556946,1.6902143955230713,0.5253358483314514,0.0044174049980938435,0.4166448712348938,1.688923716545105,0.5082256197929382,0.004132833797484636,0.54532390832901,1.7398557662963867,0.5485514998435974,0.0028802172746509314,0.41515839099884033,1.7376371622085571,0.5345064401626587,0.0063154068775475025,0.5263798832893372,1.8073029518127441,0.2584686875343323,0.0018340828828513622,0.438188374042511,1.8076999187469482,0.2273164838552475,0.006862757261842489,0.0,0.0,0.0,0.0,0.0,0.0,0.0,0.0,0.0,0.0,0.0,0.0,0.0,0.0,0.0,0.0,0.0,0.0,0.0,0.0,0.0,0.0,0.0,0.0,0.0,0.0,0.0,0.0,0.0,0.0,0.0,0.0,0.0,0.0,0.0,0.0,0.0,0.0,0.0,0.0,0.0,0.0,0.0,0.0,0.0,0.0,0.0,0.0,0.0,0.0,0.0,0.0,0.0,0.0,0.0,0.0,0.0,0.0,0.0,0.0,0.0,0.0,0.0,0.4120252728462219,0.6530928015708923,-1.7186232526000822e-07,0.42365768551826477,0.60682213306427,-0.010227208957076073,0.44355008006095886,0.5863905549049377,-0.014728965237736702,0.4644175171852112,0.57670658826828,-0.016854099929332733,0.47991639375686646,0.5731604099273682,-0.01741150952875614,0.46171867847442627,0.644382119178772,-0.015330721624195576,0.4818975031375885,0.6008545756340027,-0.017508136108517647,0.4698270261287689,0.5896174311637878,-0.01689431630074978,0.4601248800754547,0.597909152507782,-0.01618470437824726,0.46480095386505127,0.6613588333129883,-0.010241088457405567,0.48209521174430847,0.6144724488258362,-0.013746985234320164,0.4714682400226593,0.6030785441398621,-0.013874976895749569,0.4630048871040344,0.6117753386497498,-0.013950403779745102,0.46446195244789124,0.6684961318969727,-0.004941584542393684,0.48074209690093994,0.6246411800384521,-0.009036586619913578,0.4722844064235687,0.6137246489524841,-0.007961527444422245,0.4635853171348572,0.622451901435852,-0.006797419860959053,0.4638664126396179,0.6670832633972168,9.370809129904956e-05,0.4768133759498596,0.632358968257904,-0.004521247465163469,0.46992409229278564,0.6237382888793945,-0.004184624180197716,0.4625735282897949,0.6321622729301453,-0.00302325957454741
0.47524020075798035,0.25584912300109863,-0.6906337141990662,0.9999532103538513,0.4865887463092804,0.22254100441932678,-0.6552280783653259,0.9999383091926575,0.494718462228775,0.22268790006637573,-0.6552324891090393,0.9999254941940308,0.501952052116394,0.22373683750629425,-0.6551148891448975,0.9999147057533264,0.4628535509109497,0.22238841652870178,-0.6581799983978271,0.999949038028717,0.4542834460735321,0.2226785123348236,-0.6582907438278198,0.9999509453773499,0.4445236027240753,0.22320684790611267,-0.6585080027580261,0.9999553561210632,0.5110827088356018,0.24594147503376007,-0.4022386372089386,0.9998999834060669,0.4331188201904297,0.2458481341600418,-0.4124937951564789,0.9999486804008484,0.48949363827705383,0.29705414175987244,-0.5955180525779724,0.9999794960021973,0.45929282903671265,0.2958070933818817,-0.5981964468955994,0.9999832510948181,0.5671581029891968,0.4694313406944275,-0.22311680018901825,0.9998283386230469,0.37349990010261536,0.46821486949920654,-0.23148493468761444,0.9998472929000854,0.6033328771591187,0.7779678106307983,-0.33866626024246216,0.9923029541969299,0.3134057819843292,0.763045608997345,-0.4311167299747467,0.995343804359436,0.5111995935440063,0.7287487983703613,-0.7208871245384216,0.9834351539611816,0.40924978256225586,0.6752166152000427,-0.9116784930229187,0.9843059778213501,0.4828762412071228,0.7174214124679565,-0.8028752207756042,0.9372748136520386,0.4464156925678253,0.6622496247291565,-1.006799340248108,0.9368893504142761,0.48333197832107544,0.6664391160011292,-0.7967853546142578,0.9360283017158508,0.4517241418361664,0.6205251216888428,-0.9945952892303467,0.9359511137008667,0.4876275658607483,0.6691316962242126,-0.7238107919692993,0.9212871789932251,0.44222787022590637,0.6229231953620911,-0.9129171967506409,0.9248718619346619,0.5330773591995239,0.9746357202529907,-0.011377587914466858,0.9337628483772278,0.4103342592716217,0.9691460728645325,0.012384078465402126,0.9418929815292358,0.5394465923309326,1.3534883260726929,0.13202863931655884,0.0790998786687851,0.40600496530532837,1.3526033163070679,0.13612623512744904,0.061318088322877884,0.5441460013389587,1.6901471614837646,0.5190290808677673,0.0045326282270252705,0.41937902569770813,1.6884549856185913,0.4660407602787018,0.004273053724318743,0.5469635725021362,1.7396316528320312,0.5412228107452393,0.0029173619113862514,0.41770604252815247,1.7368484735488892,0.49014967679977417,0.006435577291995287,0.5281621217727661,1.8070231676101685,0.24911309778690338,0.0018456662073731422,0.44129475951194763,1.807268738746643,0.17992962896823883,0.006882780697196722,0.0,0.0,0.0,0.0,0.0,0.0,0.0,0.0,0.0,0.0,0.0,0.0,0.0,0.0,0.0,0.0,0.0,0.0,0.0,0.0,0.0,0.0,0.0,0.0,0.0,0.0,0.0,0.0,0.0,0.0,0.0,0.0,0.0,0.0,0.0,0.0,0.0,0.0,0.0,0.0,0.0,0.0,0.0,0.0,0.0,0.0,0.0,0.0,0.0,0.0,0.0,0.0,0.0,0.0,0.0,0.0,0.0,0.0,0.0,0.0,0.0,0.0,0.0,0.40940147638320923,0.6510127186775208,-1.6861207541296608e-07,0.4228696823120117,0.6044833660125732,-0.009270647540688515,0.4440150260925293,0.5838906168937683,-0.013232140801846981,0.46537473797798157,0.5735158920288086,-0.014936606399714947,0.4813229441642761,0.570626974105835,-0.015090093947947025,0.4615215063095093,0.6408231258392334,-0.013461568392813206,0.48253852128982544,0.599162220954895,-0.014948318712413311,0.47124728560447693,0.5866260528564453,-0.014094035141170025,0.4617019593715668,0.5935835242271423,-0.013249440118670464,0.46445590257644653,0.658477246761322,-0.008543568663299084,0.48247772455215454,0.6127187013626099,-0.010946014896035194,0.4725317358970642,0.6004268527030945,-0.010896830819547176,0.46382004022598267,0.6081497073173523,-0.011047628708183765,0.464200884103775,0.666474461555481,-0.003387903328984976,0.4808541536331177,0.6235491037368774,-0.0063438997603952885,0.47279831767082214,0.6120124459266663,-0.005268091801553965,0.4636363387107849,0.6194396615028381,-0.004370713606476784,0.46370771527290344,0.6658458113670349,0.0015580985927954316,0.4764799177646637,0.6320204734802246,-0.0019307422917336226,0.4699026346206665,0.6236342191696167,-0.0013497022446244955,0.4625386893749237,0.6311526298522949,-0.00020433786266949028
0.47615307569503784,0.25614315271377563,-0.6906487345695496,0.9999497532844543,0.48735368251800537,0.22256772220134735,-0.6538692116737366,0.9999342560768127,0.495445191860199,0.22278352081775665,-0.6538677215576172,0.9999204874038696,0.5025557279586792,0.22385168075561523,-0.653698205947876,0.9999094605445862,0.46328526735305786,0.22237780690193176,-0.6570194959640503,0.9999465346336365,0.45474565029144287,0.22269795835018158,-0.6571031212806702,0.9999486207962036,0.44513705372810364,0.22322383522987366,-0.6572515368461609,0.9999536871910095,0.5109868049621582,0.24601714313030243,-0.40194082260131836,0.999893307685852,0.433599054813385,0.24584081768989563,-0.41339918971061707,0.9999475479125977,0.4911665916442871,0.2975272238254547,-0.5963546633720398,0.9999784827232361,0.4602559506893158,0.29599428176879883,-0.5993424654006958,0.9999827146530151,0.5680187940597534,0.46904346346855164,-0.21961398422718048,0.999825656414032,0.37367549538612366,0.4683544635772705,-0.24183450639247894,0.999849796295166,0.6058252453804016,0.7753585577011108,-0.33661577105522156,0.9922502636909485,0.3123556077480316,0.7577728033065796,-0.44438228011131287,0.9954653382301331,0.5105541944503784,0.7394147515296936,-0.7257446050643921,0.9827290177345276,0.4101957380771637,0.671992301940918,-0.92240971326828,0.9845228791236877,0.48506399989128113,0.7414705157279968,-0.8081219792366028,0.934899091720581,0.44920384883880615,0.660666286945343,-1.018430471420288,0.9374305009841919,0.4896940588951111,0.6998075246810913,-0.8025064468383789,0.9334253072738647,0.4541601240634918,0.6178373694419861,-1.0057291984558105,0.9362133145332336,0.4967431128025055,0.6959103345870972,-0.7293497323989868,0.91851806640625,0.44389861822128296,0.619917631149292,-0.9232459664344788,0.9251434803009033,0.5323995351791382,0.9725807309150696,-0.008712530136108398,0.93584805727005,0.4092816114425659,0.9661087393760681,0.009754347614943981,0.9438036680221558,0.5410907864570618,1.3534049987792969,0.12846773862838745,0.07739607989788055,0.407191663980484,1.35234797000885,0.14518184959888458,0.06033065915107727,0.546113133430481,1.6904240846633911,0.5117572546005249,0.004403563216328621,0.4208190143108368,1.6887619495391846,0.4935627579689026,0.00412985123693943,0.5491522550582886,1.7400093078613281,0.5336229205131531,0.0028652935288846493,0.41905835270881653,1.7368195056915283,0.5192170739173889,0.006217788904905319,0.5300015211105347,1.8070096969604492,0.23675033450126648,0.0017894681077450514,0.4424228072166443,1.808013677597046,0.2044776827096939,0.0065993741154670715,0.0,0.0,0.0,0.0,0.0,0.0,0.0,0.0,0.0,0.0,0.0,0.0,0.0,0.0,0.0,0.0,0.0,0.0,0.0,0.0,0.0,0.0,0.0,0.0,0.0,0.0,0.0,0.0,0.0,0.0,0.0,0.0,0.0,0.0,0.0,0.0,0.0,0.0,0.0,0.0,0.0,0.0,0.0,0.0,0.0,0.0,0.0,0.0,0.0,0.0,0.0,0.0,0.0,0.0,0.0,0.0,0.0,0.0,0.0,0.0,0.0,0.0,0.0,0.4107001721858978,0.6472976803779602,-1.6392456814173784e-07,0.42466312646865845,0.6006851196289062,-0.007791950833052397,0.4453945457935333,0.5784005522727966,-0.011441327631473541,0.4664163887500763,0.568588376045227,-0.013548719696700573,0.48258790373802185,0.5668867230415344,-0.014133207499980927,0.4610927104949951,0.6332135200500488,-0.01020874548703432,0.48345014452934265,0.5952255725860596,-0.013141964562237263,0.4720920920372009,0.5825653672218323,-0.014165305532515049,0.4624501168727875,0.5898749232292175,-0.014420236460864544,0.46416401863098145,0.6510234475135803,-0.006758037023246288,0.4831186532974243,0.6081110835075378,-0.009175841696560383,0.4735424220561981,0.5966702699661255,-0.009551563300192356,0.4649931490421295,0.6055058836936951,-0.009993331506848335,0.4643908441066742,0.6609801054000854,-0.0034347143955528736,0.4809255599975586,0.6199378371238708,-0.005739463958889246,0.4725770354270935,0.6094414591789246,-0.004216312430799007,0.4635081887245178,0.6180198788642883,-0.003203734289854765,0.4640437662601471,0.6634687185287476,-0.00048584042815491557,0.4762842059135437,0.6319596767425537,-0.0030423172283917665,0.4696981906890869,0.6242802143096924,-0.0018990811659023166,0.46260586380958557,0.6322425603866577,-0.0006003040471114218
0.47413206100463867,0.25565385818481445,-0.6605826020240784,0.999944269657135,0.485343337059021,0.22251448035240173,-0.6271768808364868,0.9999260902404785,0.49336546659469604,0.2227209508419037,-0.6272082924842834,0.999911904335022,0.5009791254997253,0.2237575501203537,-0.6271260976791382,0.9998998641967773,0.4618401825428009,0.22252093255519867,-0.6297939419746399,0.9999407529830933,0.45281171798706055,0.2229473888874054,-0.6299174427986145,0.999943733215332,0.443289577960968,0.22371430695056915,-0.6301789879798889,0.9999495148658752,0.5106789469718933,0.24603012204170227,-0.3810039460659027,0.9998835921287537,0.43208521604537964,0.2462172657251358,-0.39107659459114075,0.9999445676803589,0.4886946678161621,0.297132670879364,-0.5676342248916626,0.9999772310256958,0.45871105790138245,0.2958514392375946,-0.5710291266441345,0.9999818205833435,0.5685085654258728,0.47100353240966797,-0.20850197970867157,0.9998262524604797,0.3751583993434906,0.4702400267124176,-0.22344888746738434,0.9998548030853271,0.606718122959137,0.7779410481452942,-0.3333117365837097,0.9926308989524841,0.3091508746147156,0.7536313533782959,-0.4113365411758423,0.9956457018852234,0.49509158730506897,0.7239226698875427,-0.7038028836250305,0.9826705455780029,0.40846624970436096,0.6719816327095032,-0.8655082583427429,0.9847855567932129,0.46349504590034485,0.7178380489349365,-0.7832791805267334,0.9340841174125671,0.44723889231681824,0.6610695719718933,-0.9575987458229065,0.9377801418304443,0.46191856265068054,0.666816771030426,-0.7702032327651978,0.9323099851608276,0.45338189601898193,0.619230329990387,-0.934478759765625,0.936089277267456,0.46987488865852356,0.6660621762275696,-0.7034140229225159,0.9174308776855469,0.442963570356369,0.6219141483306885,-0.8625982403755188,0.9251211881637573,0.5312390327453613,0.9701231718063354,-0.0077833132818341255,0.9369426965713501,0.40758219361305237,0.9652590155601501,0.008790131658315659,0.9446675777435303,0.5350912809371948,1.3544725179672241,0.11517630517482758,0.07373569160699844,0.3992488980293274,1.3528344631195068,0.12444693595170975,0.058231204748153687,0.5379967093467712,1.6930813789367676,0.4898107945919037,0.004118488170206547,0.4117686152458191,1.6921308040618896,0.4496707320213318,0.003906399477273226,0.5413622260093689,1.7429139614105225,0.5110535025596619,0.002675161464139819,0.41033875942230225,1.7402409315109253,0.4726579785346985,0.005804117769002914,0.5204284191131592,1.8093178272247314,0.21491451561450958,0.0016698307590559125,0.4317484200000763,1.8123506307601929,0.15630576014518738,0.006135283969342709,0.0,0.0,0.0,0.0,0.0,0.0,0.0,0.0,0.0,0.0,0.0,0.0,0.0,0.0,0.0,0.0,0.0,0.0,0.0,0.0,0.0,0.0,0.0,0.0,0.0,0.0,0.0,0.0,0.0,0.0,0.0,0.0,0.0,0.0,0.0,0.0,0.0,0.0,0.0,0.0,0.0,0.0,0.0,0.0,0.0,0.0,0.0,0.0,0.0,0.0,0.0,0.0,0.0,0.0,0.0,0.0,0.0,0.0,0.0,0.0,0.0,0.0,0.0,0.4109666049480438,0.6418735384941101,-1.721435012314032e-07,0.42531394958496094,0.5956692695617676,-0.007279850542545319,0.44559445977211,0.5733312368392944,-0.011061051860451698,0.46629050374031067,0.5637008547782898,-0.013442113064229488,0.4824967086315155,0.5627130270004272,-0.014333518221974373,0.46274176239967346,0.6278305649757385,-0.009740352630615234,0.48390161991119385,0.589760422706604,-0.012433229945600033,0.47223803400993347,0.5773114562034607,-0.013518225401639938,0.4626142382621765,0.5846489667892456,-0.013923059217631817,0.46530649065971375,0.6462400555610657,-0.006581317633390427,0.483298659324646,0.6034867763519287,-0.008695362135767937,0.47358936071395874,0.5922796726226807,-0.009213182143867016,0.46498382091522217,0.6010335683822632,-0.00989146251231432,0.4648205637931824,0.6570539474487305,-0.0034426695201545954,0.48033884167671204,0.6163747310638428,-0.00547465356066823,0.4721664786338806,0.6061605215072632,-0.00393447233363986,0.4632037281990051,0.614599347114563,-0.0030355353374034166,0.46374210715293884,0.6606846451759338,-0.0006249006255529821,0.47571802139282227,0.6299650073051453,-0.0029605927411466837,0.4693371653556824,0.6223215460777283,-0.0015780683606863022,0.4623226225376129,0.6302218437194824,-0.00012082180910510942
0.47427570819854736,0.25522804260253906,-0.6738465428352356,0.9999465346336365,0.4858972430229187,0.222392737865448,-0.6396774649620056,0.999928891658783,0.49376991391181946,0.22266742587089539,-0.6397132277488708,0.9999156594276428,0.5014767050743103,0.22371436655521393,-0.6396161913871765,0.9999043345451355,0.46188369393348694,0.22238174080848694,-0.642403244972229,0.9999427199363708,0.45235633850097656,0.2227754145860672,-0.6425144076347351,0.9999455809593201,0.44328296184539795,0.22360745072364807,-0.6427571773529053,0.9999508857727051,0.5110151171684265,0.24631541967391968,-0.3879457414150238,0.999889075756073,0.43197929859161377,0.24626100063323975,-0.3995973467826843,0.9999463558197021,0.48869866132736206,0.2970564365386963,-0.5792015790939331,0.9999784231185913,0.4581780731678009,0.2956944704055786,-0.582685112953186,0.9999825954437256,0.567529022693634,0.47133591771125793,-0.21314524114131927,0.9998384118080139,0.3747078478336334,0.4693809449672699,-0.226592019200325,0.9998564124107361,0.6100882291793823,0.7727873921394348,-0.3456732928752899,0.9931813478469849,0.3061518669128418,0.7516248822212219,-0.44206589460372925,0.9958683848381042,0.5084793567657471,0.7297936081886292,-0.724220335483551,0.9842978715896606,0.4065914750099182,0.6637398600578308,-0.9397079944610596,0.9857116937637329,0.4759160280227661,0.7302766442298889,-0.807705283164978,0.9391676187515259,0.44192492961883545,0.6574426889419556,-1.0385593175888062,0.9405693411827087,0.4731880724430084,0.6956295371055603,-0.7977092266082764,0.9373469948768616,0.45033398270606995,0.6127099394798279,-1.0206260681152344,0.9385672807693481,0.47860923409461975,0.6784275770187378,-0.7248213887214661,0.9235442876815796,0.440962016582489,0.6160019636154175,-0.9394261240959167,0.9281061887741089,0.531974196434021,0.9698026180267334,-0.006854348350316286,0.939131498336792,0.4083758294582367,0.9655240774154663,0.007915754802525043,0.9460040926933289,0.5392845273017883,1.3554800748825073,0.13538584113121033,0.07040070742368698,0.4044342339038849,1.3533616065979004,0.15292827785015106,0.05622678995132446,0.5428222417831421,1.6942510604858398,0.5286939144134521,0.003815615316852927,0.4163976311683655,1.692886471748352,0.5028260946273804,0.0036366088315844536,0.5460086464881897,1.7443974018096924,0.5515061020851135,0.0024974846746772528,0.4142529368400574,1.7412493228912354,0.529272735118866,0.005387930199503899,0.5259484648704529,1.8107225894927979,0.25727811455726624,0.001537610194645822,0.4380978047847748,1.813041090965271,0.21739408373832703,0.0056861466728150845,0.0,0.0,0.0,0.0,0.0,0.0,0.0,0.0,0.0,0.0,0.0,0.0,0.0,0.0,0.0,0.0,0.0,0.0,0.0,0.0,0.0,0.0,0.0,0.0,0.0,0.0,0.0,0.0,0.0,0.0,0.0,0.0,0.0,0.0,0.0,0.0,0.0,0.0,0.0,0.0,0.0,0.0,0.0,0.0,0.0,0.0,0.0,0.0,0.0,0.0,0.0,0.0,0.0,0.0,0.0,0.0,0.0,0.0,0.0,0.0,0.0,0.0,0.0,0.4125943183898926,0.6355791091918945,-1.474770812137649e-07,0.42518383264541626,0.5887817740440369,-0.007643772289156914,0.4453863799571991,0.5671210885047913,-0.011463193222880363,0.4665546119213104,0.5579307675361633,-0.013354196213185787,0.4824218153953552,0.5571084022521973,-0.013696782290935516,0.4627854824066162,0.6190270185470581,-0.0121405478566885,0.48394203186035156,0.5837317109107971,-0.013648414053022861,0.47214746475219727,0.5710448026657104,-0.012891430407762527,0.46197831630706787,0.577440083026886,-0.012063148431479931,0.46546584367752075,0.6394046545028687,-0.008128088898956776,0.483506441116333,0.5990129709243774,-0.00979076698422432,0.47350484132766724,0.5863361954689026,-0.009293408133089542,0.4648309350013733,0.5943736433982849,-0.009286303073167801,0.4650452136993408,0.6519121527671814,-0.0038227466866374016,0.48158350586891174,0.6135627627372742,-0.005662818439304829,0.47346240282058716,0.6013230085372925,-0.0037456252612173557,0.4643864035606384,0.6089096069335938,-0.0025956053286790848,0.46433156728744507,0.6568945646286011,0.0003336493100505322,0.477335661649704,0.6262620091438293,-0.0017233694670721889,0.4706582725048065,0.6167329549789429,-0.00011745249503292143,0.4634770154953003,0.6239341497421265,0.0014571479987353086
0.4734102189540863,0.25521761178970337,-0.6588091254234314,0.9999454617500305,0.484934538602829,0.22243447601795197,-0.6233348846435547,0.9999270439147949,0.49300363659858704,0.2227201759815216,-0.6233617067337036,0.9999136328697205,0.5006547570228577,0.22378364205360413,-0.6232685446739197,0.9999027252197266,0.4612948000431061,0.22248362004756927,-0.6265078783035278,0.9999412894248962,0.4522206485271454,0.22290877997875214,-0.6266180276870728,0.9999440908432007,0.44265997409820557,0.2238422930240631,-0.6268529891967773,0.99994957447052,0.510348916053772,0.24653199315071106,-0.37138187885284424,0.9998868107795715,0.43113788962364197,0.2464517056941986,-0.3854755759239197,0.9999450445175171,0.48789340257644653,0.29707252979278564,-0.5647653937339783,0.9999781847000122,0.4576629102230072,0.2956077754497528,-0.5689648389816284,0.9999822378158569,0.5659620761871338,0.46963220834732056,-0.19813010096549988,0.9998461008071899,0.37405410408973694,0.46886253356933594,-0.21005630493164062,0.9998552799224854,0.6131974458694458,0.7651039361953735,-0.33210286498069763,0.993687629699707,0.30594223737716675,0.7482773065567017,-0.40426209568977356,0.9960119724273682,0.5024036169052124,0.7200690507888794,-0.6910081505775452,0.9853712320327759,0.40467923879623413,0.6630614399909973,-0.8954575657844543,0.9859198331832886,0.46804654598236084,0.7171652317047119,-0.7697620987892151,0.9419023990631104,0.43544721603393555,0.6584104299545288,-0.9911803007125854,0.9404520392417908,0.4610038995742798,0.6929806470870972,-0.7571942210197449,0.9399766325950623,0.4462313652038574,0.6181023120880127,-0.972035825252533,0.9380273818969727,0.47182899713516235,0.6714260578155518,-0.6898643374443054,0.926743745803833,0.43664857745170593,0.6194256544113159,-0.8941895961761475,0.9277878999710083,0.5302245616912842,0.9652976989746094,-0.008356560952961445,0.9395992159843445,0.40762707591056824,0.9626886248588562,0.009392320178449154,0.9458861351013184,0.5377540588378906,1.3555240631103516,0.10122813284397125,0.06652280688285828,0.40231969952583313,1.3529951572418213,0.11945698410272598,0.05425233021378517,0.5404267907142639,1.6952205896377563,0.4592331051826477,0.003441270673647523,0.4135013818740845,1.6929905414581299,0.4345201253890991,0.00335666723549366,0.5437200665473938,1.7453476190567017,0.47852838039398193,0.002255525439977646,0.4113737940788269,1.7414215803146362,0.4570784866809845,0.00492979446426034,0.5222721099853516,1.812286615371704,0.18358072638511658,0.001383136841468513,0.4351332485675812,1.8133808374404907,0.14333102107048035,0.00517971022054553,0.0,0.0,0.0,0.0,0.0,0.0,0.0,0.0,0.0,0.0,0.0,0.0,0.0,0.0,0.0,0.0,0.0,0.0,0.0,0.0,0.0,0.0,0.0,0.0,0.0,0.0,0.0,0.0,0.0,0.0,0.0,0.0,0.0,0.0,0.0,0.0,0.0,0.0,0.0,0.0,0.0,0.0,0.0,0.0,0.0,0.0,0.0,0.0,0.0,0.0,0.0,0.0,0.0,0.0,0.0,0.0,0.0,0.0,0.0,0.0,0.0,0.0,0.0,0.41279715299606323,0.6306959986686707,-1.306279386881215e-07,0.42519858479499817,0.5843045115470886,-0.008006804622709751,0.44483986496925354,0.5623781681060791,-0.012023926712572575,0.4662039577960968,0.5550075769424438,-0.014048085547983646,0.4823799729347229,0.5549482107162476,-0.014311346225440502,0.46211665868759155,0.6143690347671509,-0.011942141689360142,0.4833994209766388,0.5818332433700562,-0.01334303431212902,0.47301679849624634,0.569947361946106,-0.012180461548268795,0.46332696080207825,0.5759226679801941,-0.011039096862077713,0.4644789695739746,0.6349537372589111,-0.008041254244744778,0.4828343093395233,0.597017765045166,-0.009681389667093754,0.47419387102127075,0.5851852893829346,-0.00902461912482977,0.4658806622028351,0.5927230715751648,-0.008858070708811283,0.4642542898654938,0.6474900841712952,-0.003973585087805986,0.4807623326778412,0.6115480065345764,-0.005736944265663624,0.4737912714481354,0.6002084016799927,-0.0038060408551245928,0.4650547206401825,0.6069600582122803,-0.0026611080393195152,0.46384337544441223,0.6533839106559753,-0.00015334195632021874,0.47696927189826965,0.624074399471283,-0.002398309763520956,0.4710785150527954,0.6154764890670776,-0.0009317974327132106,0.46397849917411804,0.6220532655715942,0.0006307190051302314
0.47181639075279236,0.2554223835468292,-0.6580125093460083,0.9999495148658752,0.4841138422489166,0.22265318036079407,-0.6227095723152161,0.9999323487281799,0.4916973114013672,0.2231142669916153,-0.6227266192436218,0.9999198913574219,0.499405175447464,0.22425325214862823,-0.6226300001144409,0.999910295009613,0.4602228105068207,0.22253428399562836,-0.6263137459754944,0.999945342540741,0.4508426785469055,0.22289903461933136,-0.6264083981513977,0.9999477863311768,0.44193175435066223,0.2237498015165329,-0.6266252994537354,0.9999527931213379,0.5083720684051514,0.24717262387275696,-0.3707565665245056,0.9998955130577087,0.4307955801486969,0.2464459389448166,-0.3864477872848511,0.9999487400054932,0.48549601435661316,0.2973031997680664,-0.5641111135482788,0.9999799728393555,0.4557648003101349,0.29552769660949707,-0.5685636401176453,0.9999836087226868,0.5648439526557922,0.46870341897010803,-0.19767998158931732,0.9998614192008972,0.3740827441215515,0.4674501121044159,-0.20717552304267883,0.9998640418052673,0.6142935156822205,0.7616705894470215,-0.3098810613155365,0.9943188428878784,0.30578356981277466,0.7433896660804749,-0.4019656479358673,0.9962642192840576,0.5109556913375854,0.7323009967803955,-0.6599382758140564,0.9868372678756714,0.40325629711151123,0.6594740152359009,-0.8972907662391663,0.9867040514945984,0.4799771010875702,0.7335872650146484,-0.7406576871871948,0.9466947913169861,0.43484148383140564,0.6538159847259521,-0.9956677556037903,0.9428185224533081,0.4763524830341339,0.6929381489753723,-0.7341281771659851,0.9447875618934631,0.4464071989059448,0.6173197031021118,-0.978240966796875,0.9401596188545227,0.4818205237388611,0.6902327537536621,-0.6609479784965515,0.9323680996894836,0.4372352957725525,0.6202157139778137,-0.8972703814506531,0.9302390813827515,0.5282905697822571,0.9646259546279907,-0.008937952108681202,0.9412654638290405,0.40671244263648987,0.9607207179069519,0.009986400604248047,0.9464876651763916,0.5332465171813965,1.3538804054260254,0.09528417140245438,0.06452254951000214,0.40026935935020447,1.3501932621002197,0.12209634482860565,0.05248058959841728,0.5350298285484314,1.693695306777954,0.4514613151550293,0.0032468566205352545,0.41086068749427795,1.6907414197921753,0.43946248292922974,0.003177426988258958,0.5378488898277283,1.7429884672164917,0.46993833780288696,0.0020991836208850145,0.4088185429573059,1.7384452819824219,0.4619024693965912,0.004617536906152964,0.5172255635261536,1.8104535341262817,0.16886024177074432,0.001286848564632237,0.4313180148601532,1.8102879524230957,0.1470559537410736,0.004827591124922037,0.0,0.0,0.0,0.0,0.0,0.0,0.0,0.0,0.0,0.0,0.0,0.0,0.0,0.0,0.0,0.0,0.0,0.0,0.0,0.0,0.0,0.0,0.0,0.0,0.0,0.0,0.0,0.0,0.0,0.0,0.0,0.0,0.0,0.0,0.0,0.0,0.0,0.0,0.0,0.0,0.0,0.0,0.0,0.0,0.0,0.0,0.0,0.0,0.0,0.0,0.0,0.0,0.0,0.0,0.0,0.0,0.0,0.0,0.0,0.0,0.0,0.0,0.0,0.4121372699737549,0.6265307664871216,-1.3260499542866455e-07,0.42546582221984863,0.5795251727104187,-0.006397372577339411,0.44528231024742126,0.5572893023490906,-0.010205278173089027,0.46614307165145874,0.5498034358024597,-0.01243556011468172,0.48223477602005005,0.5497691035270691,-0.01297916192561388,0.4620493948459625,0.6083121299743652,-0.010786118917167187,0.4834514558315277,0.5771368741989136,-0.012283816933631897,0.472467303276062,0.5660916566848755,-0.01120850071310997,0.4624823331832886,0.5724987387657166,-0.010133304633200169,0.4642968773841858,0.6291278004646301,-0.008007966913282871,0.48254165053367615,0.5924800634384155,-0.009365223348140717,0.4735623896121979,0.5816977024078369,-0.00856555625796318,0.46537110209465027,0.5899447798728943,-0.008399342186748981,0.46400684118270874,0.6429010629653931,-0.004966113716363907,0.47961512207984924,0.607742428779602,-0.005923514254391193,0.472323477268219,0.5974469184875488,-0.0034460988827049732,0.46381449699401855,0.6048755645751953,-0.002239056397229433,0.4632054269313812,0.6506723761558533,-0.002143050078302622,0.4752207100391388,0.6214154362678528,-0.0035332785919308662,0.46895942091941833,0.6134885549545288,-0.0014603253221139312,0.46207553148269653,0.6204296350479126,0.00033164466731250286
0.47353431582450867,0.2553153336048126,-0.632879376411438,0.999952495098114,0.48527970910072327,0.2227681279182434,-0.5968544483184814,0.9999364018440247,0.49287599325180054,0.22335326671600342,-0.5968953967094421,0.9999248385429382,0.5004243850708008,0.2245381623506546,-0.5968049168586731,0.9999164938926697,0.46136292815208435,0.22248314321041107,-0.6007233262062073,0.9999480843544006,0.45201578736305237,0.2228199541568756,-0.6008041501045227,0.9999501705169678,0.44308799505233765,0.22357697784900665,-0.6010237336158752,0.9999547600746155,0.5091498494148254,0.2474585920572281,-0.34570401906967163,0.9999026656150818,0.4317919611930847,0.2463795393705368,-0.3618741035461426,0.9999513030052185,0.4872989058494568,0.2973085045814514,-0.538928210735321,0.9999812841415405,0.4574737548828125,0.2953878343105316,-0.5441407561302185,0.9999845623970032,0.5657176375389099,0.4686828851699829,-0.17386086285114288,0.9998746514320374,0.3754161298274994,0.46620839834213257,-0.19111429154872894,0.9998682737350464,0.6175973415374756,0.7598257660865784,-0.28922754526138306,0.9949132204055786,0.3068382441997528,0.7393131256103516,-0.38813579082489014,0.9964749813079834,0.5193899273872375,0.732465922832489,-0.6503495573997498,0.9882286787033081,0.40949854254722595,0.6521859169006348,-0.8791906237602234,0.9874557256698608,0.487583726644516,0.7374081015586853,-0.7331370711326599,0.9513484239578247,0.4421135485172272,0.6417487263679504,-0.9778620004653931,0.9451666474342346,0.4819594919681549,0.6998050212860107,-0.7268072366714478,0.9494611024856567,0.45252668857574463,0.6089283227920532,-0.9581634402275085,0.9423134922981262,0.4894846975803375,0.6949682235717773,-0.6517935395240784,0.9380252957344055,0.44414129853248596,0.6117712259292603,-0.8784581422805786,0.9328312277793884,0.528743326663971,0.9659975171089172,-0.007566080428659916,0.9424619078636169,0.4061524271965027,0.9616916179656982,0.008697355166077614,0.9462465047836304,0.5310688614845276,1.353678584098816,0.10094400495290756,0.0632954090833664,0.3985210061073303,1.3495148420333862,0.10717514157295227,0.051691215485334396,0.5325903296470642,1.693603515625,0.46455904841423035,0.0030583327170461416,0.4081120491027832,1.6900169849395752,0.4139498472213745,0.0030525026377290487,0.535190224647522,1.7428722381591797,0.4841398298740387,0.0019444803474470973,0.4060620665550232,1.7378671169281006,0.43538475036621094,0.0043447851203382015,0.5150259137153625,1.8102158308029175,0.19450743496418,0.0012048891512677073,0.42839524149894714,1.8089295625686646,0.12596207857131958,0.004546941723674536,0.0,0.0,0.0,0.0,0.0,0.0,0.0,0.0,0.0,0.0,0.0,0.0,0.0,0.0,0.0,0.0,0.0,0.0,0.0,0.0,0.0,0.0,0.0,0.0,0.0,0.0,0.0,0.0,0.0,0.0,0.0,0.0,0.0,0.0,0.0,0.0,0.0,0.0,0.0,0.0,0.0,0.0,0.0,0.0,0.0,0.0,0.0,0.0,0.0,0.0,0.0,0.0,0.0,0.0,0.0,0.0,0.0,0.0,0.0,0.0,0.0,0.0,0.0,0.4117107689380646,0.6255152225494385,-1.418734996150306e-07,0.42505306005477905,0.5761340260505676,-0.0056648156605660915,0.444500595331192,0.5523552298545837,-0.00972362793982029,0.465453177690506,0.5446837544441223,-0.012711006216704845,0.48187264800071716,0.5447297692298889,-0.014306801371276379,0.4619767367839813,0.6021198630332947,-0.009787438437342644,0.48363515734672546,0.5709531307220459,-0.013002563267946243,0.47160646319389343,0.5590426921844482,-0.013942954130470753,0.4614216983318329,0.5659995079040527,-0.014099452644586563,0.4645487666130066,0.6246683597564697,-0.00785639975219965,0.4838572144508362,0.5878722667694092,-0.010353973135352135,0.4735904932022095,0.5759789347648621,-0.010300740599632263,0.4649789035320282,0.5853263139724731,-0.010468961670994759,0.4639272093772888,0.6402917504310608,-0.005792409647256136,0.4810563027858734,0.604621410369873,-0.0077542997896671295,0.4728931486606598,0.5927069187164307,-0.005127806682139635,0.4641813337802887,0.601241409778595,-0.0035158214159309864,0.46250489354133606,0.6491842269897461,-0.00390633987262845,0.4759364724159241,0.6199507713317871,-0.005393761210143566,0.46940743923187256,0.6101812124252319,-0.002763038268312812,0.46226558089256287,0.6176753044128418,-0.0005018234951421618
0.47394973039627075,0.2549578547477722,-0.621042788028717,0.9999552965164185,0.4854928255081177,0.22266553342342377,-0.5852637887001038,0.9999398589134216,0.49281856417655945,0.22328492999076843,-0.585304319858551,0.9999289512634277,0.500359296798706,0.22447469830513,-0.5852084755897522,0.9999215602874756,0.46177324652671814,0.22232238948345184,-0.5885045528411865,0.9999507069587708,0.4522427022457123,0.22263608872890472,-0.5885827541351318,0.9999526143074036,0.4433208405971527,0.2233797162771225,-0.5887908339500427,0.9999569058418274,0.5093986392021179,0.2474459856748581,-0.33553096652030945,0.9999083876609802,0.4307728409767151,0.246233731508255,-0.34969085454940796,0.9999538660049438,0.48669126629829407,0.2970566749572754,-0.5277389287948608,0.9999824166297913,0.4577265977859497,0.2952733039855957,-0.532501757144928,0.99998539686203,0.5651490688323975,0.46683916449546814,-0.1726790815591812,0.9998846650123596,0.37584030628204346,0.46283355355262756,-0.18369363248348236,0.9998739361763,0.6204685568809509,0.7525163888931274,-0.2911989092826843,0.9953346848487854,0.30661430954933167,0.7364705801010132,-0.3949708044528961,0.9966839551925659,0.5122935771942139,0.7315995693206787,-0.6483309268951416,0.9892763495445251,0.41244927048683167,0.6511549353599548,-0.8773426413536072,0.9882025718688965,0.47887691855430603,0.729841947555542,-0.731151819229126,0.9549161195755005,0.4446974992752075,0.6435637474060059,-0.9755311608314514,0.9476423859596252,0.47421011328697205,0.6899243593215942,-0.7217666506767273,0.9530447125434875,0.4547155201435089,0.607506513595581,-0.9529874324798584,0.9447002410888672,0.4812774360179901,0.6859301924705505,-0.6487811207771301,0.9423999190330505,0.44644302129745483,0.6096216440200806,-0.8754755854606628,0.9356712698936462,0.5292879343032837,0.9684286713600159,-0.005328935105353594,0.9446080923080444,0.4076653718948364,0.9622039794921875,0.006506793666630983,0.9476547241210938,0.5328781008720398,1.3526437282562256,0.10967051982879639,0.0607684925198555,0.4005312919616699,1.3487358093261719,0.11497170478105545,0.05002235993742943,0.5342979431152344,1.692165732383728,0.4775145351886749,0.0028760707937180996,0.41060444712638855,1.6878869533538818,0.42576029896736145,0.0028929878026247025,0.537257194519043,1.7413709163665771,0.4977608323097229,0.0018231726717203856,0.4083460867404938,1.7361222505569458,0.44806167483329773,0.004080003127455711,0.5165177583694458,1.8083617687225342,0.2103315144777298,0.0011268937960267067,0.4309445321559906,1.8064355850219727,0.1435932070016861,0.004268246237188578,0.0,0.0,0.0,0.0,0.0,0.0,0.0,0.0,0.0,0.0,0.0,0.0,0.0,0.0,0.0,0.0,0.0,0.0,0.0,0.0,0.0,0.0,0.0,0.0,0.0,0.0,0.0,0.0,0.0,0.0,0.0,0.0,0.0,0.0,0.0,0.0,0.0,0.0,0.0,0.0,0.0,0.0,0.0,0.0,0.0,0.0,0.0,0.0,0.0,0.0,0.0,0.0,0.0,0.0,0.0,0.0,0.0,0.0,0.0,0.0,0.0,0.0,0.0,0.4106084406375885,0.6254022717475891,-1.4522665026106552e-07,0.4248235523700714,0.5750581622123718,-0.005027946084737778,0.4447685480117798,0.5507934093475342,-0.00870449561625719,0.4658941328525543,0.5424489974975586,-0.011387662030756474,0.4822654128074646,0.542404294013977,-0.012444703839719296,0.46154195070266724,0.5988512635231018,-0.008645421825349331,0.4841642379760742,0.569922685623169,-0.011033941060304642,0.4720984399318695,0.5590468645095825,-0.011083381250500679,0.46167391538619995,0.5656555891036987,-0.010760418139398098,0.4639371633529663,0.6219905018806458,-0.00700012082234025,0.4841828942298889,0.5864823460578918,-0.008796676062047482,0.4741169214248657,0.5756767988204956,-0.00810678768903017,0.4656684994697571,0.5849109888076782,-0.007906080223619938,0.4634455740451813,0.6385942697525024,-0.0051785786636173725,0.48098042607307434,0.6044269800186157,-0.006271622609347105,0.4728696942329407,0.5935327410697937,-0.0031209823209792376,0.4640570878982544,0.6015121340751648,-0.001390310120768845,0.46197259426116943,0.6498121023178101,-0.003577622352167964,0.4748411476612091,0.6208640336990356,-0.004516116809099913,0.4683536887168884,0.6114387512207031,-0.0016825319034978747,0.4611594080924988,0.6181257963180542,0.0006422126898542047
0.4729804992675781,0.25463229417800903,-0.6143683195114136,0.9999547004699707,0.4851554036140442,0.22251065075397491,-0.5805660486221313,0.9999381303787231,0.49256280064582825,0.2231474369764328,-0.5806306600570679,0.9999273419380188,0.500117838382721,0.2243361473083496,-0.5805578827857971,0.9999200701713562,0.4610901474952698,0.2221132516860962,-0.5820796489715576,0.9999490976333618,0.4513087868690491,0.22239641845226288,-0.582177460193634,0.999951183795929,0.44241583347320557,0.22308708727359772,-0.5823870897293091,0.9999555349349976,0.5093335509300232,0.24723652005195618,-0.3378171920776367,0.999907374382019,0.43019208312034607,0.24567469954490662,-0.34497010707855225,0.9999521374702454,0.4854785203933716,0.29682832956314087,-0.5235727429389954,0.9999822378158569,0.4562195837497711,0.29513469338417053,-0.5261848568916321,0.9999850392341614,0.564797580242157,0.4636376202106476,-0.17219121754169464,0.9998896718025208,0.3759981691837311,0.46115612983703613,-0.17533499002456665,0.9998748898506165,0.620547354221344,0.7492139339447021,-0.3093869388103485,0.9956344366073608,0.3065069615840912,0.7345567345619202,-0.3774910569190979,0.9967682957649231,0.5023584961891174,0.7223066687583923,-0.6473152041435242,0.9899557828903198,0.41122952103614807,0.6492387652397156,-0.8432556390762329,0.9884945750236511,0.47050249576568604,0.7168087363243103,-0.7263394594192505,0.9571008682250977,0.4441244900226593,0.6380447745323181,-0.9384241104125977,0.9482678174972534,0.46703484654426575,0.6681345701217651,-0.7150121927261353,0.9551622271537781,0.4530881345272064,0.6019298434257507,-0.912767767906189,0.9450737833976746,0.47509288787841797,0.6683787107467651,-0.6463986039161682,0.944934606552124,0.4444139897823334,0.6046553254127502,-0.8401967287063599,0.936237096786499,0.5256785154342651,0.96650230884552,-0.006133630406111479,0.9458974003791809,0.4060809314250946,0.9603725671768188,0.007201246451586485,0.948495090007782,0.5278786420822144,1.35093092918396,0.10938049852848053,0.05994130298495293,0.396756112575531,1.3463047742843628,0.12077938765287399,0.050311680883169174,0.529735267162323,1.6890250444412231,0.4715326428413391,0.002888171235099435,0.40739676356315613,1.685210108757019,0.426225870847702,0.0029310258105397224,0.5324531197547913,1.737966537475586,0.4920577108860016,0.0018089927034452558,0.4057251214981079,1.7331323623657227,0.448043555021286,0.00408359058201313,0.5127373933792114,1.8044204711914062,0.2109282910823822,0.001111900550313294,0.42657470703125,1.8032000064849854,0.1496686339378357,0.004246702417731285,0.0,0.0,0.0,0.0,0.0,0.0,0.0,0.0,0.0,0.0,0.0,0.0,0.0,0.0,0.0,0.0,0.0,0.0,0.0,0.0,0.0,0.0,0.0,0.0,0.0,0.0,0.0,0.0,0.0,0.0,0.0,0.0,0.0,0.0,0.0,0.0,0.0,0.0,0.0,0.0,0.0,0.0,0.0,0.0,0.0,0.0,0.0,0.0,0.0,0.0,0.0,0.0,0.0,0.0,0.0,0.0,0.0,0.0,0.0,0.0,0.0,0.0,0.0,0.40876907110214233,0.6242303252220154,-1.668572764401688e-07,0.42532771825790405,0.5743538737297058,-0.004360169172286987,0.44552308320999146,0.5502293705940247,-0.008019817061722279,0.46635860204696655,0.5425539016723633,-0.011012790724635124,0.48266491293907166,0.5425830483436584,-0.012425607070326805,0.46014028787612915,0.6009341478347778,-0.007643512450158596,0.4841914474964142,0.5733807682991028,-0.010763296857476234,0.4721316695213318,0.5615451335906982,-0.011583036743104458,0.4611853063106537,0.5678427219390869,-0.011698698624968529,0.4622665047645569,0.624229371547699,-0.006668340880423784,0.4843147397041321,0.5904239416122437,-0.008834147825837135,0.4746713936328888,0.5787386894226074,-0.008363214321434498,0.4657418727874756,0.5871315598487854,-0.008327442221343517,0.4620397090911865,0.6406617760658264,-0.00562025373801589,0.48133599758148193,0.6081410050392151,-0.006810168735682964,0.47348058223724365,0.5964312553405762,-0.003535497235134244,0.464402973651886,0.6032813191413879,-0.0017273668199777603,0.46094709634780884,0.6518769860267639,-0.00482513103634119,0.4751749038696289,0.6240808963775635,-0.005325136706233025,0.46897855401039124,0.6137901544570923,-0.00219327793456614,0.4614594876766205,0.6191880106925964,0.00020415826293174177
0.4731167256832123,0.25396767258644104,-0.622751772403717,0.9999571442604065,0.48572397232055664,0.22205138206481934,-0.5875980854034424,0.9999420046806335,0.4932710528373718,0.22268708050251007,-0.587670087814331,0.9999316930770874,0.500697910785675,0.2238539159297943,-0.5876168608665466,0.9999253153800964,0.4613809883594513,0.22168859839439392,-0.5907648801803589,0.9999520778656006,0.4513051211833954,0.22196845710277557,-0.5908259153366089,0.9999537467956543,0.44208112359046936,0.22262993454933167,-0.5910570025444031,0.9999579191207886,0.5098620653152466,0.24668653309345245,-0.34148693084716797,0.9999129772186279,0.42984873056411743,0.24493995308876038,-0.3517306447029114,0.999954342842102,0.48568451404571533,0.2964056432247162,-0.5297954082489014,0.9999831318855286,0.45600035786628723,0.2948746979236603,-0.5345032215118408,0.9999856948852539,0.5648934245109558,0.4628313183784485,-0.18903827667236328,0.9998953342437744,0.3756038546562195,0.46163493394851685,-0.18584232032299042,0.9998760223388672,0.6248207092285156,0.7486440539360046,-0.3195488154888153,0.9958717823028564,0.30776160955429077,0.7344136238098145,-0.3767489194869995,0.9967795014381409,0.5164804458618164,0.7223290205001831,-0.6829280853271484,0.9904017448425293,0.4091082215309143,0.6592324376106262,-0.8591865301132202,0.9884483814239502,0.48378413915634155,0.7155854105949402,-0.7676446437835693,0.9581857919692993,0.438262939453125,0.6546517610549927,-0.956291913986206,0.9476994276046753,0.4791046679019928,0.670379102230072,-0.7582234740257263,0.9562423825263977,0.44823455810546875,0.6165717840194702,-0.9399920105934143,0.9444209337234497,0.4878492057323456,0.6728797554969788,-0.6833194494247437,0.9463661909103394,0.44010403752326965,0.6185862421989441,-0.859644889831543,0.9356165528297424,0.528683066368103,0.9672030806541443,-0.007200134918093681,0.9472900032997131,0.40751728415489197,0.9606546759605408,0.00827371422201395,0.9493207335472107,0.5316768288612366,1.3504670858383179,0.127419576048851,0.06046334281563759,0.40220844745635986,1.3454679250717163,0.13166503608226776,0.05156848207116127,0.5353206992149353,1.6880509853363037,0.5181763172149658,0.0029808450490236282,0.41325002908706665,1.6833267211914062,0.4490901529788971,0.0030201058834791183,0.5382423996925354,1.7370977401733398,0.541276752948761,0.0018609402468428016,0.41130056977272034,1.7314248085021973,0.47188472747802734,0.004239479545503855,0.5184019207954407,1.8034061193466187,0.258199542760849,0.001124198897741735,0.4327751696109772,1.8014367818832397,0.16992034018039703,0.004309529904276133,0.0,0.0,0.0,0.0,0.0,0.0,0.0,0.0,0.0,0.0,0.0,0.0,0.0,0.0,0.0,0.0,0.0,0.0,0.0,0.0,0.0,0.0,0.0,0.0,0.0,0.0,0.0,0.0,0.0,0.0,0.0,0.0,0.0,0.0,0.0,0.0,0.0,0.0,0.0,0.0,0.0,0.0,0.0,0.0,0.0,0.0,0.0,0.0,0.0,0.0,0.0,0.0,0.0,0.0,0.0,0.0,0.0,0.0,0.0,0.0,0.0,0.0,0.0,0.40953540802001953,0.6254040002822876,-1.581104527303978e-07,0.4245588481426239,0.5796356201171875,-0.005936445668339729,0.44398537278175354,0.5541223287582397,-0.009990891441702843,0.4643767476081848,0.5449739098548889,-0.013337980024516582,0.4809292256832123,0.5454903841018677,-0.014951251447200775,0.45795607566833496,0.6000481247901917,-0.00791390985250473,0.4831204414367676,0.5757077932357788,-0.01231797318905592,0.47192755341529846,0.5641767978668213,-0.013921809382736683,0.46067383885383606,0.5693339705467224,-0.014305543154478073,0.4601610600948334,0.6242344379425049,-0.006781865376979113,0.48436254262924194,0.5952904224395752,-0.010197783820331097,0.4758191704750061,0.58356112241745,-0.010617184452712536,0.46611255407333374,0.5899484157562256,-0.010739616118371487,0.4601827561855316,0.6422099471092224,-0.005952400155365467,0.4818451404571533,0.6142849922180176,-0.008273177780210972,0.4751403033733368,0.6029519438743591,-0.005760097876191139,0.46570488810539246,0.6078493595123291,-0.004027751740068197,0.45912837982177734,0.6556028127670288,-0.005544401239603758,0.4752309024333954,0.6324063539505005,-0.006967402063310146,0.47003835439682007,0.6217046976089478,-0.0045137000270187855,0.46194955706596375,0.6248066425323486,-0.002368929097428918
0.47300490736961365,0.253849595785141,-0.6559045314788818,0.9999569654464722,0.4852513372898102,0.22199808061122894,-0.6176601648330688,0.9999421834945679,0.4927743971347809,0.22266040742397308,-0.6176493167877197,0.9999315738677979,0.5002282857894897,0.22376221418380737,-0.6175405979156494,0.999925971031189,0.4615435004234314,0.2215239703655243,-0.6248376965522766,0.9999523758888245,0.4519621729850769,0.22178876399993896,-0.6249094605445862,0.9999537467956543,0.4430397152900696,0.2223828136920929,-0.6251570582389832,0.9999581575393677,0.5097928047180176,0.24642862379550934,-0.3665443956851959,0.999911904335022,0.43116217851638794,0.24445784091949463,-0.38736286759376526,0.9999536275863647,0.485516220331192,0.296279639005661,-0.560552716255188,0.9999830722808838,0.45669853687286377,0.2947421073913574,-0.5684436559677124,0.9999856352806091,0.5653900504112244,0.46324217319488525,-0.20770131051540375,0.9998956322669983,0.37442904710769653,0.4626131057739258,-0.21683219075202942,0.9998748302459717,0.6264340281486511,0.7540134787559509,-0.3525469899177551,0.9959276914596558,0.30586645007133484,0.7327441573143005,-0.4014753997325897,0.9967983365058899,0.518779993057251,0.7205907106399536,-0.7055540680885315,0.9903817772865295,0.4108436405658722,0.6577016115188599,-0.8707137703895569,0.9884213209152222,0.4922644793987274,0.7159155011177063,-0.7885181903839111,0.9578547477722168,0.44296953082084656,0.6510965824127197,-0.965690016746521,0.9471860527992249,0.4890475273132324,0.6714510917663574,-0.7804622650146484,0.9558507204055786,0.4520978033542633,0.6143572926521301,-0.9471690654754639,0.9437917470932007,0.4961714744567871,0.6737725734710693,-0.7061931490898132,0.9458675980567932,0.44329342246055603,0.6162587404251099,-0.8694694638252258,0.9345239996910095,0.528663158416748,0.9669078588485718,-0.008504877798259258,0.9473040103912354,0.4071926772594452,0.9599614143371582,0.009508952498435974,0.9492750763893127,0.5303963422775269,1.3482425212860107,0.12751752138137817,0.06433716416358948,0.402120441198349,1.3439900875091553,0.13319160044193268,0.05606237053871155,0.534893810749054,1.6845359802246094,0.5059891939163208,0.003361366456374526,0.41418829560279846,1.6809042692184448,0.4435967206954956,0.0034112436696887016,0.5374619364738464,1.7334322929382324,0.5281828045845032,0.002040883991867304,0.4130956530570984,1.728806495666504,0.46562451124191284,0.00476089445874095,0.5191122889518738,1.798669695854187,0.2479340136051178,0.0012393896467983723,0.43329522013664246,1.7979215383529663,0.16799677908420563,0.00478749955072999,0.0,0.0,0.0,0.0,0.0,0.0,0.0,0.0,0.0,0.0,0.0,0.0,0.0,0.0,0.0,0.0,0.0,0.0,0.0,0.0,0.0,0.0,0.0,0.0,0.0,0.0,0.0,0.0,0.0,0.0,0.0,0.0,0.0,0.0,0.0,0.0,0.0,0.0,0.0,0.0,0.0,0.0,0.0,0.0,0.0,0.0,0.0,0.0,0.0,0.0,0.0,0.0,0.0,0.0,0.0,0.0,0.0,0.0,0.0,0.0,0.0,0.0,0.0,0.4068552553653717,0.6324970126152039,-1.6657111245876877e-07,0.4241730272769928,0.5845403075218201,-0.005568972323089838,0.44457370042800903,0.5587148666381836,-0.009718305431306362,0.46516749262809753,0.5506018400192261,-0.012933901511132717,0.48125067353248596,0.5533199310302734,-0.014378362335264683,0.4545122981071472,0.6111844182014465,-0.010060715489089489,0.482285737991333,0.5835593342781067,-0.013751816935837269,0.47012996673583984,0.571260929107666,-0.014228606596589088,0.4585762321949005,0.5779382586479187,-0.01395148504525423,0.4571784734725952,0.6348692774772644,-0.008446532301604748,0.48335906863212585,0.6023192405700684,-0.011589445173740387,0.47389522194862366,0.5898622870445251,-0.011114826425909996,0.46420934796333313,0.5979399085044861,-0.010871435515582561,0.4579053223133087,0.6513177156448364,-0.006727425381541252,0.4809184670448303,0.6208042502403259,-0.008517291396856308,0.47320911288261414,0.6095563769340515,-0.005173162557184696,0.46355921030044556,0.616477370262146,-0.0031712402123957872,0.4579211473464966,0.662108838558197,-0.0053376248106360435,0.47441577911376953,0.6377225518226624,-0.0063277543522417545,0.46835222840309143,0.6278272271156311,-0.0035475920885801315,0.4602707028388977,0.6333299875259399,-0.0013882131315767765
0.47160106897354126,0.25329235196113586,-0.6435646414756775,0.9999577403068542,0.4842648208141327,0.22181370854377747,-0.6068638563156128,0.99994295835495,0.4918156862258911,0.2225368171930313,-0.6068850755691528,0.9999323487281799,0.4993879497051239,0.2236190140247345,-0.606792688369751,0.9999275207519531,0.460447758436203,0.22125530242919922,-0.6106899380683899,0.9999526739120483,0.45093223452568054,0.22151517868041992,-0.6107847094535828,0.9999537467956543,0.4423378109931946,0.22202923893928528,-0.6109635829925537,0.9999582767486572,0.5096914768218994,0.24633851647377014,-0.3627931475639343,0.9999130964279175,0.4309900999069214,0.24404850602149963,-0.373993456363678,0.9999517798423767,0.4845196306705475,0.29608532786369324,-0.552660346031189,0.9999834299087524,0.4556676745414734,0.29449108242988586,-0.5575903654098511,0.9999857544898987,0.5647076964378357,0.46478840708732605,-0.2058078944683075,0.9999005794525146,0.37445345520973206,0.4645030200481415,-0.1984165757894516,0.9998732209205627,0.6274803876876831,0.7509573101997375,-0.3550768196582794,0.996182382106781,0.3074723482131958,0.7344672679901123,-0.39420098066329956,0.9968298077583313,0.5136454701423645,0.7089429497718811,-0.7124435901641846,0.9908298850059509,0.40851086378097534,0.6621608734130859,-0.8462534546852112,0.9885445833206177,0.48435690999031067,0.6986603736877441,-0.7953579425811768,0.9591875672340393,0.440839022397995,0.6592881679534912,-0.9377095699310303,0.9474616050720215,0.47987404465675354,0.6507884860038757,-0.7805982232093811,0.9572163820266724,0.4509001076221466,0.6222586035728455,-0.9206225872039795,0.9440014958381653,0.4872943162918091,0.6549660563468933,-0.710335910320282,0.9473183751106262,0.44270768761634827,0.6233921647071838,-0.8448549509048462,0.9345282912254333,0.5287678837776184,0.9683932662010193,-0.009931662119925022,0.9487375617027283,0.40786808729171753,0.9602909684181213,0.010888172313570976,0.9502551555633545,0.5301423668861389,1.3481230735778809,0.12339648604393005,0.06828393042087555,0.40188029408454895,1.3439441919326782,0.1255570948123932,0.06149043142795563,0.5343282222747803,1.683651089668274,0.5151678919792175,0.003625554032623768,0.41360238194465637,1.6805325746536255,0.4316442608833313,0.0038313299883157015,0.5370727181434631,1.7326257228851318,0.5389757752418518,0.002147136954590678,0.4122258424758911,1.7283990383148193,0.4535681903362274,0.005292852409183979,0.5189047455787659,1.7978880405426025,0.2620966136455536,0.0013293172232806683,0.4336169958114624,1.7974644899368286,0.15823063254356384,0.005271285306662321,0.0,0.0,0.0,0.0,0.0,0.0,0.0,0.0,0.0,0.0,0.0,0.0,0.0,0.0,0.0,0.0,0.0,0.0,0.0,0.0,0.0,0.0,0.0,0.0,0.0,0.0,0.0,0.0,0.0,0.0,0.0,0.0,0.0,0.0,0.0,0.0,0.0,0.0,0.0,0.0,0.0,0.0,0.0,0.0,0.0,0.0,0.0,0.0,0.0,0.0,0.0,0.0,0.0,0.0,0.0,0.0,0.0,0.0,0.0,0.0,0.0,0.0,0.0,0.40405577421188354,0.6428120732307434,-1.5753336413126817e-07,0.4218185245990753,0.5941417813301086,-0.006492900662124157,0.442522257566452,0.5691707730293274,-0.011041293852031231,0.46414968371391296,0.5617273449897766,-0.014316708780825138,0.48073598742485046,0.5648480653762817,-0.015748262405395508,0.45390573143959045,0.6232385039329529,-0.010953724384307861,0.48051491379737854,0.5950045585632324,-0.014334688894450665,0.4679555296897888,0.5820590257644653,-0.014425200410187244,0.45673009753227234,0.5879489183425903,-0.013912432827055454,0.4563094675540924,0.6478666663169861,-0.008634576573967934,0.4822404086589813,0.6139047741889954,-0.011850474402308464,0.4722772538661957,0.6004371643066406,-0.011232211254537106,0.46261781454086304,0.608295202255249,-0.010846252553164959,0.4562411904335022,0.6642619371414185,-0.006174737121909857,0.47976064682006836,0.6329440474510193,-0.00825159065425396,0.4717584252357483,0.6198583841323853,-0.004693232476711273,0.46162188053131104,0.6263003945350647,-0.0023685700725764036,0.45541393756866455,0.6744441986083984,-0.0040508597157895565,0.4725956320762634,0.6493780612945557,-0.005117903929203749,0.4667997360229492,0.637959897518158,-0.0021752126049250364,0.45895734429359436,0.6429797410964966,0.00017542930436320603
0.4727270305156708,0.2529306411743164,-0.5921996235847473,0.9999563097953796,0.48501020669937134,0.22168657183647156,-0.5573822855949402,0.9999406933784485,0.49278607964515686,0.2224700152873993,-0.5574535727500916,0.9999295473098755,0.5003017783164978,0.22357182204723358,-0.5573967099189758,0.9999255537986755,0.4616718888282776,0.22113563120365143,-0.5610065460205078,0.9999505877494812,0.45227906107902527,0.22141700983047485,-0.56110018491745,0.9999513626098633,0.44336870312690735,0.22194130718708038,-0.5612867474555969,0.9999565482139587,0.5108006596565247,0.2464497834444046,-0.31958115100860596,0.9999094605445862,0.431978702545166,0.24445819854736328,-0.33544594049453735,0.9999488592147827,0.4856035113334656,0.2960420846939087,-0.5034992694854736,0.9999829530715942,0.4570561945438385,0.29441359639167786,-0.5086455941200256,0.9999852776527405,0.5645100474357605,0.467248797416687,-0.17205341160297394,0.9999033212661743,0.3736332356929779,0.465804785490036,-0.1742057204246521,0.9998709559440613,0.6269491910934448,0.7544530630111694,-0.32446303963661194,0.9963225722312927,0.3066902756690979,0.7331154346466064,-0.3644558787345886,0.9968555569648743,0.5087965130805969,0.6988585591316223,-0.7015681862831116,0.9911053776741028,0.41199079155921936,0.6672489643096924,-0.8039656281471252,0.9887792468070984,0.4843631982803345,0.6833131909370422,-0.7851243615150452,0.9601700901985168,0.4460725784301758,0.6662548780441284,-0.8916512727737427,0.9484347105026245,0.48237985372543335,0.6358446478843689,-0.7689744830131531,0.9582115411758423,0.45516082644462585,0.627141535282135,-0.8744670152664185,0.9448961019515991,0.4874764382839203,0.6407614946365356,-0.6994202733039856,0.948490560054779,0.4466816186904907,0.6275798082351685,-0.8019164800643921,0.935420572757721,0.5288617610931396,0.9683669209480286,-0.0071782260201871395,0.9480928778648376,0.40643012523651123,0.9608857035636902,0.008225387893617153,0.9490575194358826,0.5291823148727417,1.3480441570281982,0.1028163880109787,0.06935252249240875,0.3985600769519806,1.3440375328063965,0.10651896893978119,0.06489697843790054,0.5330865383148193,1.6837797164916992,0.45187515020370483,0.0035770111717283726,0.4106062054634094,1.6811012029647827,0.377246230840683,0.004017158877104521,0.5358969569206238,1.7328299283981323,0.4720848798751831,0.002081691985949874,0.4093371033668518,1.729029655456543,0.3952876031398773,0.005325748585164547,0.516620397567749,1.7981406450271606,0.20563967525959015,0.0013389947125688195,0.43226271867752075,1.7984191179275513,0.10208197683095932,0.005366173107177019,0.0,0.0,0.0,0.0,0.0,0.0,0.0,0.0,0.0,0.0,0.0,0.0,0.0,0.0,0.0,0.0,0.0,0.0,0.0,0.0,0.0,0.0,0.0,0.0,0.0,0.0,0.0,0.0,0.0,0.0,0.0,0.0,0.0,0.0,0.0,0.0,0.0,0.0,0.0,0.0,0.0,0.0,0.0,0.0,0.0,0.0,0.0,0.0,0.0,0.0,0.0,0.0,0.0,0.0,0.0,0.0,0.0,0.0,0.0,0.0,0.0,0.0,0.0,0.40228307247161865,0.6539400219917297,-1.4328050212952803e-07,0.41958004236221313,0.6076588034629822,-0.006173267494887114,0.440517783164978,0.5839233994483948,-0.010800560005009174,0.46273812651634216,0.5765078067779541,-0.014307455159723759,0.47943857312202454,0.5815973281860352,-0.016048824414610863,0.4521685838699341,0.634965181350708,-0.008983421139419079,0.4796989858150482,0.6133117079734802,-0.013479314744472504,0.468853235244751,0.5986222624778748,-0.015230631455779076,0.45821264386177063,0.602476954460144,-0.015724582597613335,0.45403265953063965,0.6594756841659546,-0.007093947380781174,0.4803680181503296,0.6309114098548889,-0.010006717406213284,0.4713916778564453,0.6168698668479919,-0.009800497442483902,0.46145099401474,0.6228494644165039,-0.00975918397307396,0.4539508819580078,0.6763654351234436,-0.005420895293354988,0.4772038757801056,0.6479085087776184,-0.007210639305412769,0.46951186656951904,0.6358283162117004,-0.0038521194364875555,0.4590372145175934,0.641044020652771,-0.0016910191625356674,0.4530865550041199,0.6874388456344604,-0.004167886916548014,0.46991443634033203,0.6646357774734497,-0.00499745411798358,0.46434640884399414,0.6549117565155029,-0.002085191896185279,0.45653223991394043,0.6590010523796082,0.00025067856768146157
0.4723329544067383,0.2527363896369934,-0.621834933757782,0.9999589920043945,0.4840499460697174,0.22164802253246307,-0.5861473679542542,0.9999442100524902,0.4919617474079132,0.22238147258758545,-0.5861778855323792,0.9999334216117859,0.49963727593421936,0.22337527573108673,-0.586079478263855,0.9999300241470337,0.4611848294734955,0.22108764946460724,-0.5900338292121887,0.9999532699584961,0.45194846391677856,0.22139014303684235,-0.5901097059249878,0.9999536871910095,0.44284486770629883,0.22193990647792816,-0.5902830958366394,0.9999586343765259,0.5108994841575623,0.24661056697368622,-0.34474390745162964,0.9999139904975891,0.4319382309913635,0.24496208131313324,-0.36088114976882935,0.9999507665634155,0.48574087023735046,0.29601752758026123,-0.531987726688385,0.999984085559845,0.4576982259750366,0.29439231753349304,-0.5367897152900696,0.9999861717224121,0.5656489729881287,0.4685646593570709,-0.18234777450561523,0.9999101758003235,0.37373098731040955,0.46708816289901733,-0.18056249618530273,0.9998743534088135,0.6290562748908997,0.7546170949935913,-0.3356630206108093,0.9965662956237793,0.305435448884964,0.7324420213699341,-0.3507721722126007,0.9968904852867126,0.5234790444374084,0.6998277306556702,-0.7555806636810303,0.9917907118797302,0.39846915006637573,0.6832831501960754,-0.8144861459732056,0.9891223311424255,0.495125949382782,0.6877852082252502,-0.8480446934700012,0.9628410339355469,0.42764583230018616,0.6814424395561218,-0.9048125147819519,0.9502065181732178,0.4907536506652832,0.6441197395324707,-0.836736798286438,0.9610261917114258,0.4394945204257965,0.6387216448783875,-0.8922020196914673,0.9468267560005188,0.4965135455131531,0.6454215049743652,-0.7557349801063538,0.951728343963623,0.43191054463386536,0.6392186284065247,-0.8142787218093872,0.9373153448104858,0.5279240608215332,0.9702651500701904,-0.009598356671631336,0.9445913434028625,0.406984806060791,0.9634488821029663,0.010624625720083714,0.9449082016944885,0.5308708548545837,1.3501498699188232,0.1070876494050026,0.06931772828102112,0.39973342418670654,1.346740484237671,0.1130378395318985,0.06534221768379211,0.5325716733932495,1.6865973472595215,0.4733825623989105,0.0035967747680842876,0.40852484107017517,1.6857538223266602,0.3933549225330353,0.004120335914194584,0.5346370339393616,1.7363461256027222,0.4936046302318573,0.0020272787660360336,0.40737515687942505,1.7341094017028809,0.4124850928783417,0.0053452677093446255,0.5161281228065491,1.8004199266433716,0.21233944594860077,0.0013818999286741018,0.42908063530921936,1.8032125234603882,0.11502119898796082,0.005586298648267984,0.0,0.0,0.0,0.0,0.0,0.0,0.0,0.0,0.0,0.0,0.0,0.0,0.0,0.0,0.0,0.0,0.0,0.0,0.0,0.0,0.0,0.0,0.0,0.0,0.0,0.0,0.0,0.0,0.0,0.0,0.0,0.0,0.0,0.0,0.0,0.0,0.0,0.0,0.0,0.0,0.0,0.0,0.0,0.0,0.0,0.0,0.0,0.0,0.0,0.0,0.0,0.0,0.0,0.0,0.0,0.0,0.0,0.0,0.0,0.0,0.0,0.0,0.0,0.39986133575439453,0.6683366298675537,-1.6061237317899213e-07,0.4157482385635376,0.6216097474098206,-0.007631892338395119,0.43743792176246643,0.5974544882774353,-0.01278284564614296,0.46076107025146484,0.593010425567627,-0.016501296311616898,0.4775781035423279,0.6026331186294556,-0.01844167523086071,0.4453752338886261,0.6548075675964355,-0.013467571698129177,0.4767815172672272,0.6273777484893799,-0.018637316301465034,0.46605464816093445,0.6107764840126038,-0.01986716501414776,0.45448005199432373,0.6148556470870972,-0.019728491082787514,0.4484959840774536,0.6781386137008667,-0.010905801318585873,0.47830095887184143,0.645514190196991,-0.015321576036512852,0.4690837562084198,0.6301257610321045,-0.015203059650957584,0.45822906494140625,0.637322187423706,-0.014798909425735474,0.45047667622566223,0.6942867636680603,-0.008374030701816082,0.47804078459739685,0.6624647378921509,-0.011631148867309093,0.4699646234512329,0.6488772630691528,-0.008664642460644245,0.45865166187286377,0.6554653644561768,-0.00635124184191227,0.45232442021369934,0.7042204141616821,-0.0062166680581867695,0.47296810150146484,0.6788541078567505,-0.00870984885841608,0.46653980016708374,0.6675254106521606,-0.006459088996052742,0.45726442337036133,0.6731764078140259,-0.004275558982044458
0.4734607934951782,0.2527056634426117,-0.6640161275863647,0.9999614357948303,0.4852396249771118,0.2216150164604187,-0.6286693215370178,0.9999474287033081,0.49328118562698364,0.222354456782341,-0.6286556720733643,0.9999372959136963,0.5009142756462097,0.22334764897823334,-0.6285435557365417,0.999934196472168,0.4620230793952942,0.2209777534008026,-0.632400631904602,0.9999557137489319,0.4527527391910553,0.22125859558582306,-0.6324942111968994,0.999955952167511,0.4434877932071686,0.22174657881259918,-0.6326790452003479,0.9999604225158691,0.5112617611885071,0.2466583251953125,-0.3789345920085907,0.9999179840087891,0.43189170956611633,0.24501602351665497,-0.4056684374809265,0.9999529123306274,0.48687878251075745,0.296017050743103,-0.5739423632621765,0.9999850988388062,0.45782235264778137,0.2944026291370392,-0.5774531960487366,0.9999869465827942,0.5664700865745544,0.46926355361938477,-0.20031584799289703,0.9999168515205383,0.3734476864337921,0.46631184220314026,-0.19929510354995728,0.9998741745948792,0.6282585263252258,0.7500880360603333,-0.34702154994010925,0.9967272281646729,0.3040418326854706,0.7332010269165039,-0.3650517463684082,0.9967488050460815,0.5311133861541748,0.6976460218429565,-0.8015281558036804,0.9924963712692261,0.3976822793483734,0.6962555646896362,-0.8528927564620972,0.9890144467353821,0.49629056453704834,0.6895877122879028,-0.9077881574630737,0.9657908082008362,0.42524904012680054,0.6929934620857239,-0.9544063210487366,0.950639545917511,0.4845413863658905,0.6463861465454102,-0.8949791789054871,0.9642115831375122,0.4357747435569763,0.6548607349395752,-0.9518605470657349,0.9475411176681519,0.49376338720321655,0.6452668905258179,-0.8023937344551086,0.9554269313812256,0.42919620871543884,0.655838668346405,-0.8573771119117737,0.9381086230278015,0.5301139950752258,0.9729021787643433,-0.009527336806058884,0.9323922395706177,0.40810492634773254,0.9674366116523743,0.010626076720654964,0.9318831562995911,0.536129891872406,1.3528469800949097,0.12152095139026642,0.06375288963317871,0.40048977732658386,1.3492411375045776,0.11134807020425797,0.05918729305267334,0.5361161828041077,1.688812017440796,0.49967262148857117,0.0032998102251440287,0.40673986077308655,1.6876709461212158,0.4177798926830292,0.0037370610516518354,0.5383752584457397,1.7395738363265991,0.5203454494476318,0.0018686017720028758,0.4045383632183075,1.736845850944519,0.4383236765861511,0.004870438948273659,0.5180523991584778,1.8023585081100464,0.23043008148670197,0.0012970493407920003,0.42978614568710327,1.8053200244903564,0.1220480278134346,0.005268743261694908,0.0,0.0,0.0,0.0,0.0,0.0,0.0,0.0,0.0,0.0,0.0,0.0,0.0,0.0,0.0,0.0,0.0,0.0,0.0,0.0,0.0,0.0,0.0,0.0,0.0,0.0,0.0,0.0,0.0,0.0,0.0,0.0,0.0,0.0,0.0,0.0,0.0,0.0,0.0,0.0,0.0,0.0,0.0,0.0,0.0,0.0,0.0,0.0,0.0,0.0,0.0,0.0,0.0,0.0,0.0,0.0,0.0,0.0,0.0,0.0,0.0,0.0,0.0,0.4017064571380615,0.6831059455871582,-1.5398092045870726e-07,0.41662243008613586,0.6386754512786865,-0.008279389701783657,0.4383869171142578,0.6207925081253052,-0.013005438260734081,0.46088191866874695,0.6210430264472961,-0.015696914866566658,0.4754731357097626,0.6291659474372864,-0.016856227070093155,0.44280746579170227,0.6794813871383667,-0.016956325620412827,0.4719763696193695,0.6530911326408386,-0.021051257848739624,0.4629085063934326,0.6371811628341675,-0.02080647461116314,0.45239120721817017,0.6406421065330505,-0.019935091957449913,0.4457983672618866,0.7027208805084229,-0.013731426559388638,0.47391435503959656,0.6710683107376099,-0.017705760896205902,0.4661131203174591,0.6553336381912231,-0.016857687383890152,0.45613738894462585,0.6607678532600403,-0.0160529725253582,0.4474512040615082,0.7177221179008484,-0.01023999322205782,0.4729614853858948,0.6863469481468201,-0.013575914315879345,0.46635761857032776,0.6732200384140015,-0.010977808386087418,0.4566752314567566,0.6791885495185852,-0.008947772905230522,0.44876405596733093,0.7259222269058228,-0.007027926854789257,0.4673992991447449,0.7004026174545288,-0.010438847355544567,0.462370365858078,0.6897119283676147,-0.009028308093547821,0.45442888140678406,0.6952714920043945,-0.007356611080467701
0.4730267822742462,0.25282368063926697,-0.6335131525993347,0.9999645948410034,0.4851452708244324,0.22131510078907013,-0.5951225161552429,0.9999512434005737,0.49316802620887756,0.2221047580242157,-0.5951988697052002,0.9999421834945679,0.5010335445404053,0.22319389879703522,-0.5950413942337036,0.9999391436576843,0.4619661867618561,0.2207254022359848,-0.5996766686439514,0.9999585747718811,0.452811062335968,0.22095699608325958,-0.5997645258903503,0.9999587535858154,0.44377487897872925,0.22143150866031647,-0.599984884262085,0.9999625086784363,0.5118940472602844,0.24660958349704742,-0.3354322612285614,0.999923825263977,0.4330274760723114,0.24508008360862732,-0.35706827044487,0.9999557137489319,0.48732537031173706,0.2959815263748169,-0.5362346172332764,0.9999862313270569,0.45797574520111084,0.2942700684070587,-0.5429224371910095,0.9999879002571106,0.5673387050628662,0.4675734341144562,-0.16986098885536194,0.9999236464500427,0.37501060962677,0.46647101640701294,-0.17280001938343048,0.9998731017112732,0.6262653470039368,0.7499438524246216,-0.33151519298553467,0.996828019618988,0.30318766832351685,0.7331475019454956,-0.3464376628398895,0.9963980913162231,0.5280258059501648,0.6935295462608337,-0.7854169011116028,0.9932010173797607,0.40529462695121765,0.6983906626701355,-0.8305687308311462,0.9881508946418762,0.49068576097488403,0.6892627477645874,-0.8872964382171631,0.9688807725906372,0.4367971122264862,0.6989656090736389,-0.9283825159072876,0.9494699239730835,0.4805189371109009,0.6461677551269531,-0.8695098757743835,0.9675373435020447,0.44798406958580017,0.6626644730567932,-0.918865978717804,0.9467674493789673,0.49004459381103516,0.6436850428581238,-0.7853559255599976,0.9592623114585876,0.44013136625289917,0.6575576663017273,-0.8331699371337891,0.9372327923774719,0.5301908850669861,0.9727081060409546,-0.011095180176198483,0.9143645167350769,0.4074917435646057,0.9668954610824585,0.012376073747873306,0.9121405482292175,0.5396589040756226,1.3537739515304565,0.11526873707771301,0.05685043707489967,0.40225908160209656,1.3504809141159058,0.10737800598144531,0.05234605446457863,0.5418020486831665,1.6886953115463257,0.4874076247215271,0.002942102262750268,0.4106411039829254,1.688504934310913,0.4054096043109894,0.0032892031595110893,0.5446702241897583,1.739489197731018,0.5074595212936401,0.001683884533122182,0.40838101506233215,1.7384196519851685,0.4248887896537781,0.004316014237701893,0.522890031337738,1.8034307956695557,0.21486759185791016,0.0011887737782672048,0.43458548188209534,1.8058358430862427,0.11094290763139725,0.0048155104741454124,0.0,0.0,0.0,0.0,0.0,0.0,0.0,0.0,0.0,0.0,0.0,0.0,0.0,0.0,0.0,0.0,0.0,0.0,0.0,0.0,0.0,0.0,0.0,0.0,0.0,0.0,0.0,0.0,0.0,0.0,0.0,0.0,0.0,0.0,0.0,0.0,0.0,0.0,0.0,0.0,0.0,0.0,0.0,0.0,0.0,0.0,0.0,0.0,0.0,0.0,0.0,0.0,0.0,0.0,0.0,0.0,0.0,0.0,0.0,0.0,0.0,0.0,0.0,0.3984706997871399,0.6977993845939636,-1.913257250407696e-07,0.41589200496673584,0.6554001569747925,-0.007470664568245411,0.43877455592155457,0.6397469639778137,-0.01188040990382433,0.4611371159553528,0.6419939994812012,-0.014920482411980629,0.47538670897483826,0.6504782438278198,-0.01679234392940998,0.4445447325706482,0.7020283937454224,-0.013324438594281673,0.4712907075881958,0.6756262183189392,-0.018513085320591927,0.46231961250305176,0.6563793420791626,-0.020645063370466232,0.4521358907222748,0.6579678058624268,-0.021450506523251534,0.44699642062187195,0.723438560962677,-0.011082585901021957,0.47438129782676697,0.6935642957687378,-0.015565839596092701,0.4668320119380951,0.6746786236763,-0.01635660044848919,0.4561520516872406,0.6779935359954834,-0.016658904030919075,0.44755712151527405,0.7368026971817017,-0.008842842653393745,0.47328096628189087,0.7068798542022705,-0.01283684466034174,0.4662100374698639,0.6903919577598572,-0.010997381992638111,0.4554506242275238,0.6938968300819397,-0.009269554167985916,0.44761329889297485,0.7430082559585571,-0.006887619383633137,0.4665358066558838,0.7188889384269714,-0.01020732056349516,0.46152156591415405,0.7055310010910034,-0.008635480888187885,0.4532606601715088,0.7086221575737,-0.006798618473112583
0.4737504720687866,0.25293707847595215,-0.5626637935638428,0.9999669790267944,0.4855431616306305,0.2211814522743225,-0.523943305015564,0.9999547004699707,0.4935683012008667,0.22200599312782288,-0.5240455269813538,0.999946117401123,0.5011249780654907,0.22314146161079407,-0.5239077210426331,0.9999435544013977,0.4628708064556122,0.22048123180866241,-0.5281961560249329,0.9999613165855408,0.4540926516056061,0.22065280377864838,-0.5282243490219116,0.9999613165855408,0.44472554326057434,0.22117987275123596,-0.5284571051597595,0.999964714050293,0.5115801095962524,0.2465790957212448,-0.2717054784297943,0.9999287128448486,0.43395549058914185,0.2450706511735916,-0.2916460335254669,0.9999586939811707,0.4873793423175812,0.2959124445915222,-0.46897271275520325,0.9999872446060181,0.45890340209007263,0.2941136360168457,-0.4754214584827423,0.9999886751174927,0.5668855905532837,0.46618661284446716,-0.12080498039722443,0.9999314546585083,0.37506261467933655,0.4668563902378082,-0.12021009624004364,0.9998777508735657,0.6267171502113342,0.7465782165527344,-0.3034159541130066,0.9970618486404419,0.30366960167884827,0.7322484850883484,-0.2827930450439453,0.9963093400001526,0.5278717279434204,0.6771701574325562,-0.7779958844184875,0.9939180016517639,0.3973945379257202,0.6949962973594666,-0.7527506947517395,0.9882709980010986,0.489888459444046,0.6804623603820801,-0.8832195997238159,0.9719457030296326,0.4264991581439972,0.7052200436592102,-0.8468791246414185,0.9515106081962585,0.4818761944770813,0.6358201503753662,-0.8638133406639099,0.9707896113395691,0.43756619095802307,0.6709365248680115,-0.8422563076019287,0.9492018818855286,0.4898994266986847,0.6303581595420837,-0.7781118154525757,0.963153600692749,0.42968034744262695,0.6613510251045227,-0.7571867108345032,0.9401480555534363,0.527176558971405,0.9717320203781128,-0.010749200358986855,0.9048141837120056,0.4068787395954132,0.9658829569816589,0.012123464606702328,0.9002660512924194,0.537382960319519,1.3535337448120117,0.09106690436601639,0.05122518166899681,0.4004252851009369,1.34770929813385,0.06606560945510864,0.04683483764529228,0.537695586681366,1.6889866590499878,0.43623507022857666,0.00256143044680357,0.4068126976490021,1.6865339279174805,0.3321772813796997,0.0028646960854530334,0.5407069325447083,1.738516092300415,0.45310038328170776,0.0014698592713102698,0.40360650420188904,1.7359833717346191,0.3479844331741333,0.0037549245171248913,0.516798734664917,1.8032057285308838,0.1606091558933258,0.0010556649649515748,0.43097469210624695,1.8012288808822632,0.03438468649983406,0.0042574298568069935,0.0,0.0,0.0,0.0,0.0,0.0,0.0,0.0,0.0,0.0,0.0,0.0,0.0,0.0,0.0,0.0,0.0,0.0,0.0,0.0,0.0,0.0,0.0,0.0,0.0,0.0,0.0,0.0,0.0,0.0,0.0,0.0,0.0,0.0,0.0,0.0,0.0,0.0,0.0,0.0,0.0,0.0,0.0,0.0,0.0,0.0,0.0,0.0,0.0,0.0,0.0,0.0,0.0,0.0,0.0,0.0,0.0,0.0,0.0,0.0,0.0,0.0,0.0,0.39482542872428894,0.7117332220077515,-2.1012988327129278e-07,0.413357138633728,0.6705623865127563,-0.010089896619319916,0.43791458010673523,0.656561553478241,-0.014328567311167717,0.46197429299354553,0.659488320350647,-0.016615942120552063,0.47657737135887146,0.6685076355934143,-0.017477262765169144,0.4422171413898468,0.7268534898757935,-0.014415756799280643,0.47129470109939575,0.6967833638191223,-0.019413014873862267,0.4642256498336792,0.6739346385002136,-0.021409394219517708,0.45436713099479675,0.6726824045181274,-0.022228524088859558,0.44540780782699585,0.7464156150817871,-0.01072983630001545,0.47423484921455383,0.7136331796646118,-0.015481161884963512,0.4682842791080475,0.6925674080848694,-0.016613909974694252,0.4575121998786926,0.6916947364807129,-0.017100701108574867,0.4467446506023407,0.7556471824645996,-0.007285726722329855,0.4736347496509552,0.7230241894721985,-0.012416980229318142,0.46735167503356934,0.7047265768051147,-0.011569943279027939,0.4563080966472626,0.7045647501945496,-0.010241729207336903,0.44741642475128174,0.7571893334388733,-0.004284506198018789,0.46780672669410706,0.7302616834640503,-0.009302021935582161,0.4634304344654083,0.7158560156822205,-0.008812811225652695,0.45475924015045166,0.7167089581489563,-0.007444165647029877
0.4739381670951843,0.2541375458240509,-0.5499330759048462,0.9999698400497437,0.48632633686065674,0.22149698436260223,-0.5106244683265686,0.9999581575393677,0.49428635835647583,0.2221907526254654,-0.5107074975967407,0.9999505877494812,0.5021308660507202,0.22322140634059906,-0.5105271935462952,0.9999478459358215,0.463070809841156,0.22092872858047485,-0.5148186087608337,0.99996417760849,0.4539151191711426,0.22115874290466309,-0.5148673057556152,0.9999642968177795,0.4448108673095703,0.221763476729393,-0.5151190161705017,0.9999670386314392,0.5134437680244446,0.24672944843769073,-0.2607414424419403,0.9999338388442993,0.43449220061302185,0.24536937475204468,-0.27949610352516174,0.9999622702598572,0.48816776275634766,0.2963687777519226,-0.45733240246772766,0.9999880194664001,0.45866304636001587,0.29476723074913025,-0.4634663164615631,0.9999894499778748,0.5676621198654175,0.46657752990722656,-0.11163720488548279,0.9999350905418396,0.37685930728912354,0.4656582772731781,-0.12282820791006088,0.9998813271522522,0.6272464394569397,0.7440429329872131,-0.31582990288734436,0.9970589280128479,0.30343326926231384,0.7340893745422363,-0.28896209597587585,0.9961128234863281,0.510613203048706,0.6373228430747986,-0.7687467932701111,0.9943749904632568,0.4060550332069397,0.6953397989273071,-0.7259610891342163,0.9871071577072144,0.4806448817253113,0.6367236375808716,-0.8711578249931335,0.9740453362464905,0.4407705068588257,0.7086590528488159,-0.8174970746040344,0.9499085545539856,0.4736357033252716,0.5924044847488403,-0.8449840545654297,0.9730550646781921,0.4513545036315918,0.6773042678833008,-0.8076107501983643,0.9480434656143188,0.4799785614013672,0.591625988483429,-0.7676277756690979,0.9658563137054443,0.4418104588985443,0.6654548645019531,-0.7278845906257629,0.9389811158180237,0.5284355282783508,0.9694387912750244,-0.008417496457695961,0.8945454359054565,0.409483402967453,0.9655143618583679,0.009878057055175304,0.8883845210075378,0.5399619936943054,1.3527759313583374,0.091006800532341,0.046016838401556015,0.40233930945396423,1.3471671342849731,0.06722605973482132,0.04177103191614151,0.541904091835022,1.686917781829834,0.4326864778995514,0.0022820911835879087,0.4101317524909973,1.685572624206543,0.331275075674057,0.0025175046175718307,0.5457565188407898,1.7357069253921509,0.4500046670436859,0.0013227022718638182,0.40733349323272705,1.7344878911972046,0.3469862937927246,0.0032947855070233345,0.5195953249931335,1.800986647605896,0.15965943038463593,0.0009751679026521742,0.4348391592502594,1.8011610507965088,0.0339079275727272,0.0038642596919089556,0.4988175630569458,0.6291983127593994,-7.763809861671689e-08,0.4858836531639099,0.5794800519943237,-0.0012405086308717728,0.4659956097602844,0.5470061302185059,-0.0032192403450608253,0.44854918122291565,0.5335596799850464,-0.006256143096834421,0.43627747893333435,0.5324410200119019,-0.008674515411257744,0.4433932304382324,0.5702570080757141,-0.0019023182103410363,0.4250711500644684,0.5401161313056946,-0.010298524983227253,0.43735820055007935,0.533258318901062,-0.016023701056838036,0.4499695301055908,0.5401899218559265,-0.01798611879348755,0.4408203959465027,0.5956906676292419,-0.003809098619967699,0.4254603981971741,0.5668846368789673,-0.008797773160040379,0.4379987120628357,0.5617700815200806,-0.011497949250042439,0.45001357793807983,0.5696706175804138,-0.012661473825573921,0.44108060002326965,0.6189535856246948,-0.006321877706795931,0.42774584889411926,0.5928913950920105,-0.009415294043719769,0.4386999011039734,0.587493896484375,-0.007034494075924158,0.44983407855033875,0.5936841368675232,-0.004935380071401596,0.4431423246860504,0.6396397948265076,-0.00899735651910305,0.43124285340309143,0.6199846267700195,-0.009609237313270569,0.44045162200927734,0.6124784350395203,-0.00506796408444643,0.45052990317344666,0.615586519241333,-0.0009926039492711425,0.3912324011325836,0.7261636257171631,-2.3726526876544085e-07,0.4124651253223419,0.6834923624992371,-0.01068311557173729,0.43718793988227844,0.6715600490570068,-0.015431179665029049,0.46132659912109375,0.6766936182975769,-0.018121972680091858,0.4774646461009979,0.6851620674133301,-0.01935405097901821,0.4420515298843384,0.7444462180137634,-0.015734409913420677,0.47325849533081055,0.7101391553878784,-0.020512476563453674,0.4637596607208252,0.6888273358345032,-0.022121388465166092,0.4520590007305145,0.6906969547271729,-0.0226216372102499,0.44451889395713806,0.763961911201477,-0.011537101119756699,0.4747067093849182,0.72645103931427,-0.016654353588819504,0.46670252084732056,0.7058525085449219,-0.017629841342568398,0.4546119272708893,0.7076455950737,-0.01790526881814003,0.4452193081378937,0.7724484205245972,-0.007444511633366346,0.4731943905353546,0.7365934252738953,-0.013282286003232002,0.4655469059944153,0.7183390855789185,-0.012243840843439102,0.45342105627059937,0.7206436395645142,-0.010629406198859215,0.44596782326698303,0.7726126909255981,-0.0037244746927171946,0.4680960774421692,0.7430840730667114,-0.00988405104726553,0.4617161452770233,0.7291733622550964,-0.009293611161410809,0.4513567388057709,0.7325344681739807,-0.007504692301154137
0.47537171840667725,0.25452476739883423,-0.564318835735321,0.9999725818634033,0.48678719997406006,0.2215690016746521,-0.5266087055206299,0.9999617338180542,0.4944683015346527,0.22221963107585907,-0.5266808867454529,0.999954879283905,0.5021535754203796,0.22327181696891785,-0.5264961123466492,0.9999521970748901,0.46303874254226685,0.22107763588428497,-0.5294665098190308,0.9999672770500183,0.45364800095558167,0.22131115198135376,-0.529507040977478,0.9999674558639526,0.44475916028022766,0.22193610668182373,-0.5297493934631348,0.9999697804450989,0.5127044320106506,0.24630872905254364,-0.27721408009529114,0.9999392032623291,0.43358615040779114,0.2453010231256485,-0.28915825486183167,0.9999662637710571,0.4889405071735382,0.29643964767456055,-0.47149407863616943,0.999988853931427,0.4597913920879364,0.2948977053165436,-0.4757004976272583,0.9999903440475464,0.5676316618919373,0.4657835066318512,-0.11688747256994247,0.9999362826347351,0.376767098903656,0.46034759283065796,-0.1313810497522354,0.9998869895935059,0.6297799944877625,0.742250919342041,-0.2802594006061554,0.9969091415405273,0.30149194598197937,0.735247015953064,-0.29157954454421997,0.9960693120956421,0.5195204615592957,0.6244549751281738,-0.7573713064193726,0.9945475459098816,0.4075707793235779,0.6950746178627014,-0.715482771396637,0.986121416091919,0.49463483691215515,0.6103586554527283,-0.8592803478240967,0.9749246835708618,0.4458285868167877,0.7098610997200012,-0.8036318421363831,0.947683572769165,0.48974886536598206,0.569225013256073,-0.8286733031272888,0.9740286469459534,0.4570181965827942,0.6754018664360046,-0.7917347550392151,0.9461603760719299,0.49503201246261597,0.5767917633056641,-0.7552093267440796,0.9670822620391846,0.4475896954536438,0.6616297960281372,-0.7161737680435181,0.9376001358032227,0.5302192568778992,0.9699718356132507,-0.00452151894569397,0.8897833228111267,0.41028642654418945,0.9664372205734253,0.005910110659897327,0.8842861652374268,0.5442286729812622,1.3535025119781494,0.11293535679578781,0.04144022613763809,0.40564900636672974,1.3489681482315063,0.07339619845151901,0.03762495145201683,0.5487838387489319,1.6866333484649658,0.4813016355037689,0.002039748476818204,0.4184991419315338,1.6842174530029297,0.3675397038459778,0.002238566055893898,0.552808403968811,1.7361680269241333,0.5014501214027405,0.0012091780081391335,0.4156564176082611,1.7327631711959839,0.3873360753059387,0.0029474287293851376,0.5287491083145142,1.8011574745178223,0.20808635652065277,0.0009054172551259398,0.4453948736190796,1.8019828796386719,0.044212885200977325,0.003547221887856722,0.49703121185302734,0.6141137480735779,6.995428236677981e-08,0.48949503898620605,0.56154465675354,0.0004004488291684538,0.47024914622306824,0.5260937213897705,6.521304021589458e-05,0.4528321325778961,0.5061651468276978,-0.0010023649083450437,0.43873780965805054,0.503595769405365,-0.001457949518226087,0.44873297214508057,0.546027421951294,0.00010330058285035193,0.43218138813972473,0.5167125463485718,-0.004585125017911196,0.4420299828052521,0.513625979423523,-0.008261598646640778,0.4518337845802307,0.5217058062553406,-0.009212983772158623,0.4440547227859497,0.571238100528717,-0.0011527113383635879,0.4306057095527649,0.5411145091056824,-0.002074346411973238,0.43990954756736755,0.5364688634872437,-0.0027943928726017475,0.4489521086215973,0.5451269745826721,-0.003423303598538041,0.44253838062286377,0.5940115451812744,-0.002599222119897604,0.4319283068180084,0.5648182034492493,-0.00200446299277246,0.4397127032279968,0.5604683756828308,0.0007331989472731948,0.4476260244846344,0.5679324865341187,0.002189852762967348,0.44295668601989746,0.6133243441581726,-0.004163089208304882,0.43472132086753845,0.5878239274024963,-0.0027173382695764303,0.4416458308696747,0.5831283926963806,0.0012757215881720185,0.4486803710460663,0.5895888209342957,0.004415432922542095,0.38904327154159546,0.7372201681137085,-2.2971664748183684e-07,0.4127393066883087,0.697734534740448,-0.008154839277267456,0.43769770860671997,0.6902480125427246,-0.012656486593186855,0.461784690618515,0.6958523988723755,-0.016003629192709923,0.47815069556236267,0.7047079205513,-0.017950616776943207,0.44514182209968567,0.7612212896347046,-0.011216036975383759,0.4746667146682739,0.7298319935798645,-0.016512958332896233,0.46398672461509705,0.7101160287857056,-0.01909230649471283,0.4520963132381439,0.7131051421165466,-0.020062612369656563,0.44642430543899536,0.7788731455802917,-0.008616543374955654,0.4758206009864807,0.7436679005622864,-0.013849695213139057,0.467112272977829,0.7241520881652832,-0.01550509687513113,0.4550305902957916,0.7278591990470886,-0.016186529770493507,0.44588157534599304,0.7862511873245239,-0.006240077782422304,0.47308820486068726,0.752266526222229,-0.011532245203852654,0.4653436243534088,0.7348089814186096,-0.010385624133050442,0.45379096269607544,0.7390298843383789,-0.008702095597982407,0.4458283483982086,0.7855085134506226,-0.0041519710794091225,0.4673585295677185,0.7578576803207397,-0.008394117467105389,0.46118706464767456,0.74504154920578,-0.00668098172172904,0.4513426125049591,0.7500483393669128,-0.00441591814160347
0.4744355082511902,0.2545420229434967,-0.5579046607017517,0.9999740719795227,0.48677167296409607,0.22155462205410004,-0.5181558132171631,0.9999634027481079,0.4948672950267792,0.222173273563385,-0.5182312726974487,0.9999570846557617,0.5027223825454712,0.22316724061965942,-0.5180151462554932,0.9999544024467468,0.4632195234298706,0.2209719568490982,-0.5214870572090149,0.9999685883522034,0.45373275876045227,0.2211732268333435,-0.5215805172920227,0.9999687075614929,0.44460275769233704,0.22180047631263733,-0.521857500076294,0.9999708533287048,0.5135850310325623,0.24629510939121246,-0.27192503213882446,0.9999417662620544,0.43390941619873047,0.2448127418756485,-0.2828137278556824,0.9999681711196899,0.48819729685783386,0.29636210203170776,-0.465797483921051,0.9999891519546509,0.4590364396572113,0.294741690158844,-0.47055989503860474,0.999990701675415,0.5687829852104187,0.4646564722061157,-0.11622198671102524,0.999937891960144,0.3763278126716614,0.4598841667175293,-0.12495002895593643,0.9998908042907715,0.6278565526008606,0.7421556711196899,-0.30609840154647827,0.9970220327377319,0.3002818524837494,0.7362654805183411,-0.2840399146080017,0.996195912361145,0.5229858160018921,0.6280256509780884,-0.7790370583534241,0.9950625896453857,0.4077956974506378,0.6943316459655762,-0.6890276670455933,0.9860434532165527,0.5006092190742493,0.6017888784408569,-0.8788781762123108,0.9771000742912292,0.4438481628894806,0.7074017524719238,-0.7738044857978821,0.9472290277481079,0.4958215653896332,0.5487982034683228,-0.8492936491966248,0.9762650728225708,0.45578286051750183,0.673011302947998,-0.7590815424919128,0.9458344578742981,0.4937540590763092,0.5604064464569092,-0.7763095498085022,0.9698096513748169,0.44727233052253723,0.6612998843193054,-0.6877506971359253,0.9378573298454285,0.5351685881614685,0.96980220079422,-0.003596970345824957,0.8940269947052002,0.4124891459941864,0.9656698703765869,0.0050095245242118835,0.8895742297172546,0.5463626384735107,1.3510946035385132,0.1153598204255104,0.03880435228347778,0.408017098903656,1.3449914455413818,0.07872811704874039,0.03562464565038681,0.5493565797805786,1.6854214668273926,0.4822603762149811,0.0018483411986380816,0.4176064133644104,1.6820943355560303,0.3701067864894867,0.0020343696232885122,0.5532900094985962,1.735033392906189,0.5026893019676208,0.0011158558772876859,0.4141544997692108,1.7309242486953735,0.3892337679862976,0.0026833058800548315,0.529167652130127,1.8006809949874878,0.21310099959373474,0.0008478880627080798,0.4437096416950226,1.799911618232727,0.06776963919401169,0.0032868271227926016,0.501290500164032,0.6028785705566406,9.794725741585353e-08,0.4966064989566803,0.5466712713241577,0.0009840457933023572,0.4775702953338623,0.5073208808898926,0.0006166821112856269,0.4600256085395813,0.4894031584262848,-3.0227156457840465e-05,0.4466019570827484,0.49130749702453613,-0.00022608476865570992,0.45704615116119385,0.5288143754005432,-0.0028662835247814655,0.43818721175193787,0.49928104877471924,-0.0068153808824718,0.4475261867046356,0.49431657791137695,-0.009631854481995106,0.45729881525039673,0.5007001161575317,-0.01019881572574377,0.4502107799053192,0.5549907684326172,-0.0038878750056028366,0.434945672750473,0.5227996706962585,-0.0034100159537047148,0.44427818059921265,0.5165473222732544,-0.0031333656515926123,0.4529360830783844,0.5251731276512146,-0.0036376442294567823,0.4474615752696991,0.5775877833366394,-0.004639346618205309,0.43499448895454407,0.5476062893867493,-0.0022116524633020163,0.44260188937187195,0.5410934090614319,0.0005242634797468781,0.45030614733695984,0.5480378270149231,0.0013239503605291247,0.44770053029060364,0.5957558751106262,-0.005381991621106863,0.43689876794815063,0.5702512264251709,-0.00260299164801836,0.4432181119918823,0.5643253922462463,0.0013123115058988333,0.4500637948513031,0.5709831714630127,0.003857332281768322,0.3914279639720917,0.7451030611991882,-2.1622916790420277e-07,0.41461968421936035,0.7088921666145325,-0.010957643389701843,0.4392113983631134,0.7042617797851562,-0.015289606526494026,0.462923526763916,0.7106820344924927,-0.01753818616271019,0.4783310294151306,0.7194250822067261,-0.01823263056576252,0.44322824478149414,0.7772245407104492,-0.014856809750199318,0.4736020565032959,0.7445005774497986,-0.018902109935879707,0.4641978442668915,0.7241814136505127,-0.019826192408800125,0.45261135697364807,0.7264055013656616,-0.019848374649882317,0.44521215558052063,0.7928763031959534,-0.010180335491895676,0.474871426820755,0.7574072480201721,-0.01538469735532999,0.46729934215545654,0.7374309301376343,-0.016567034646868706,0.4556046426296234,0.739309549331665,-0.016856109723448753,0.4457370936870575,0.7975247502326965,-0.005668675526976585,0.47369474172592163,0.7644761204719543,-0.011303063482046127,0.4669376015663147,0.7465789914131165,-0.010676656849682331,0.455495148897171,0.7492355704307556,-0.009211672469973564,0.44702237844467163,0.7941645383834839,-0.0015804240247234702,0.469516396522522,0.768303394317627,-0.006992022972553968,0.4642084538936615,0.7543366551399231,-0.0066056945361196995,0.4544662535190582,0.7571605443954468,-0.005109220743179321
0.4742751717567444,0.25443485379219055,-0.5497620701789856,0.9999758005142212,0.48593246936798096,0.22145912051200867,-0.5117743015289307,0.9999653697013855,0.4941188395023346,0.2219190001487732,-0.5118227601051331,0.9999596476554871,0.5016993284225464,0.22275236248970032,-0.511620819568634,0.9999569654464722,0.4627360701560974,0.22094078361988068,-0.5137104988098145,0.9999702572822571,0.45385634899139404,0.2211352288722992,-0.51376873254776,0.9999704957008362,0.4443836212158203,0.22178009152412415,-0.5140268802642822,0.999972403049469,0.5125366449356079,0.24555599689483643,-0.26936981081962585,0.9999451637268066,0.43447205424308777,0.24476094543933868,-0.27830955386161804,0.9999703764915466,0.4888877868652344,0.29608750343322754,-0.4601801633834839,0.9999895691871643,0.46042147278785706,0.2945190370082855,-0.4633123576641083,0.9999911189079285,0.5686318874359131,0.4627324044704437,-0.11961762607097626,0.9999402761459351,0.3767409324645996,0.4617728888988495,-0.11798114329576492,0.9998946785926819,0.6266863346099854,0.7428659796714783,-0.30821624398231506,0.9971702694892883,0.30148348212242126,0.7359161972999573,-0.2608124911785126,0.9961881637573242,0.525077223777771,0.6240155696868896,-0.77704256772995,0.995494544506073,0.40343183279037476,0.7207793593406677,-0.6596354842185974,0.9852191805839539,0.4979892075061798,0.5912008881568909,-0.8758531212806702,0.9788698554039001,0.44517314434051514,0.7385686039924622,-0.7433761358261108,0.945340096950531,0.4948817789554596,0.5436615943908691,-0.848042905330658,0.9780927300453186,0.4580284357070923,0.7072659730911255,-0.7307389378547668,0.9442565441131592,0.49633634090423584,0.5543949604034424,-0.7750449776649475,0.972005307674408,0.44977128505706787,0.6956409811973572,-0.6593831777572632,0.9362481236457825,0.5355874300003052,0.9682733416557312,-0.0067155128344893456,0.8895984888076782,0.413656085729599,0.9614704251289368,0.008057470433413982,0.8854020237922668,0.5475972294807434,1.3484305143356323,0.08523847907781601,0.03594804182648659,0.4107697904109955,1.342428207397461,0.05129871144890785,0.032740578055381775,0.5505926012992859,1.685031771659851,0.40773922204971313,0.0016861024778336287,0.4200765788555145,1.6830607652664185,0.31162068247795105,0.0018501098966225982,0.5549623966217041,1.7328976392745972,0.423852801322937,0.0010179429082199931,0.41753119230270386,1.7316622734069824,0.32734814286231995,0.0024143599439412355,0.5281161665916443,1.8013136386871338,0.1361091136932373,0.0008039301028475165,0.44528496265411377,1.8005326986312866,0.014138511382043362,0.0030523142777383327,0.5032434463500977,0.5904356837272644,4.5625544231597814e-08,0.4982754588127136,0.5361929535865784,0.001592567772604525,0.48164135217666626,0.5006517171859741,0.0003000308061018586,0.4645998775959015,0.4819979965686798,-0.0013816336868330836,0.4504341781139374,0.48563459515571594,-0.002564904047176242,0.4661426842212677,0.5118199586868286,-0.005804590415209532,0.44338157773017883,0.4800221920013428,-0.009920419193804264,0.4498131573200226,0.479522168636322,-0.011349582113325596,0.45889073610305786,0.48917680978775024,-0.010808833874762058,0.45769450068473816,0.5387265086174011,-0.007520679384469986,0.43923914432525635,0.5079635381698608,-0.007357195485383272,0.44681674242019653,0.5055863261222839,-0.00582157401368022,0.45524299144744873,0.5144335031509399,-0.005586814135313034,0.45165255665779114,0.5647760629653931,-0.00876913033425808,0.4381791353225708,0.535520076751709,-0.006751089822500944,0.44486382603645325,0.5317404866218567,-0.0029404142405837774,0.4525899887084961,0.5396578311920166,-0.001630718819797039,0.44771769642829895,0.5870950222015381,-0.009909585118293762,0.4388667941093445,0.5607064962387085,-0.006975939963012934,0.4450759291648865,0.5576277375221252,-0.002247208496555686,0.4516059458255768,0.5653161406517029,0.0007273565279319882,0.3916689157485962,0.7539697289466858,-2.3278656158254307e-07,0.414677232503891,0.7198235392570496,-0.011537188664078712,0.4398546516895294,0.7175448536872864,-0.01594598777592182,0.4636693596839905,0.7256399989128113,-0.01826944760978222,0.4793766140937805,0.7334251403808594,-0.019096646457910538,0.44529569149017334,0.7887354493141174,-0.013185426592826843,0.47492074966430664,0.7591541409492493,-0.01780814491212368,0.4655396640300751,0.7377544641494751,-0.02011379413306713,0.4541308581829071,0.7393831014633179,-0.021148551255464554,0.4462440311908722,0.8042662739753723,-0.008183234371244907,0.4745868146419525,0.7707765102386475,-0.013682383112609386,0.4665672779083252,0.7497984766960144,-0.015601208433508873,0.4552030861377716,0.751947283744812,-0.01639409549534321,0.4454367458820343,0.8083871603012085,-0.0035490989685058594,0.47213900089263916,0.7770987153053284,-0.009642807766795158,0.4653569459915161,0.7577399611473083,-0.009263498708605766,0.4543386995792389,0.7603054642677307,-0.0079313013702631,0.44566914439201355,0.8045268654823303,0.0005994393141008914,0.46726104617118835,0.7793768048286438,-0.004815146327018738,0.4613704979419708,0.7642554640769958,-0.004187461920082569,0.4515402019023895,0.7674477100372314,-0.00251206592656672
0.47461217641830444,0.25380077958106995,-0.5411400198936462,0.9999773502349854,0.48586922883987427,0.221181258559227,-0.5045989155769348,0.9999671578407288,0.49396446347236633,0.22165034711360931,-0.5046473145484924,0.9999619722366333,0.50149005651474,0.22237129509449005,-0.5044746994972229,0.9999592900276184,0.4632944166660309,0.2204151451587677,-0.5061594247817993,0.9999717473983765,0.45478782057762146,0.22059056162834167,-0.5062031149864197,0.9999720454216003,0.4454667866230011,0.22120341658592224,-0.5064404606819153,0.999973714351654,0.5120388865470886,0.24480567872524261,-0.2673504650592804,0.9999480843544006,0.43543556332588196,0.24422042071819305,-0.2755478024482727,0.9999722838401794,0.4893830418586731,0.2955392599105835,-0.4537353217601776,0.999989926815033,0.46067237854003906,0.2936882972717285,-0.45634692907333374,0.9999915361404419,0.5682954788208008,0.4613931179046631,-0.11614277958869934,0.9999415874481201,0.37753787636756897,0.46078938245773315,-0.11467049270868301,0.9998980164527893,0.6253232359886169,0.7419734597206116,-0.28039419651031494,0.997178852558136,0.30143463611602783,0.7373660802841187,-0.23960095643997192,0.9961099624633789,0.5250451564788818,0.6211563348770142,-0.7382804751396179,0.99588942527771,0.40473729372024536,0.7345201373100281,-0.6215609312057495,0.9845038652420044,0.5004497766494751,0.5872294306755066,-0.8349499106407166,0.9804589152336121,0.44454339146614075,0.7595443725585938,-0.701624870300293,0.9435039758682251,0.4976655840873718,0.5443065762519836,-0.8057407736778259,0.9797139763832092,0.45797669887542725,0.7250611782073975,-0.6906853914260864,0.9428068995475769,0.5023494362831116,0.5567975044250488,-0.7358900904655457,0.9739616513252258,0.44983047246932983,0.7137921452522278,-0.6216124892234802,0.9350813627243042,0.5332999229431152,0.96662437915802,-0.009068969637155533,0.8894745707511902,0.4142651855945587,0.9606550335884094,0.010379195213317871,0.8847757577896118,0.5479890704154968,1.3485896587371826,0.10775870829820633,0.03390556201338768,0.4089478552341461,1.344857096672058,0.07161363214254379,0.031031934544444084,0.5520325303077698,1.6853907108306885,0.4628359079360962,0.0015518066938966513,0.4217826724052429,1.6839462518692017,0.33819839358329773,0.001722484827041626,0.5564691424369812,1.733391523361206,0.4829695522785187,0.0009360922267660499,0.4198704659938812,1.732149600982666,0.35348162055015564,0.0022012635599821806,0.5309195518493652,1.8024399280548096,0.1998548060655594,0.0007570705492980778,0.44853195548057556,1.802769660949707,0.04972481727600098,0.002828497439622879,0.5031684637069702,0.5810145735740662,4.850347679052902e-08,0.49934229254722595,0.5298017859458923,0.001409276039339602,0.4829058051109314,0.49169084429740906,0.00040410770452581346,0.4660305380821228,0.46845149993896484,-0.001003714744001627,0.4523088335990906,0.46863117814064026,-0.0019027934176847339,0.46606481075286865,0.5055589079856873,-0.004823470022529364,0.4444958567619324,0.4750954806804657,-0.009163938462734222,0.4527972340583801,0.47374624013900757,-0.0113906878978014,0.4620862901210785,0.48320266604423523,-0.011486236937344074,0.45885008573532104,0.5308300852775574,-0.006556727923452854,0.4403560757637024,0.500493049621582,-0.0066025517880916595,0.44886812567710876,0.49656611680984497,-0.005580970551818609,0.45721209049224854,0.5050997734069824,-0.005600224249064922,0.4539461135864258,0.5549877285957336,-0.00791408121585846,0.43970897793769836,0.5265839099884033,-0.006242550443857908,0.4473942220211029,0.5218514800071716,-0.002546398900449276,0.45518431067466736,0.5287930965423584,-0.0011410304578021169,0.4510645568370819,0.5760199427604675,-0.009217306040227413,0.44183969497680664,0.5511775016784668,-0.006923299748450518,0.44827505946159363,0.5468410849571228,-0.0025641790125519037,0.4547789692878723,0.5535954833030701,0.00029918894870206714,0.39251232147216797,0.7602618932723999,-2.1567835517544154e-07,0.41727226972579956,0.729722797870636,-0.011574536561965942,0.4424501955509186,0.7298092842102051,-0.015757543966174126,0.46577703952789307,0.7381196618080139,-0.017723839730024338,0.481191486120224,0.7462968826293945,-0.01818818785250187,0.44738391041755676,0.7995814085006714,-0.012843293137848377,0.476444274187088,0.7699937224388123,-0.0164059828966856,0.46765702962875366,0.7476981282234192,-0.017983850091695786,0.4561866223812103,0.7478023171424866,-0.018614770844578743,0.4472411274909973,0.8129913210868835,-0.007378343027085066,0.47521093487739563,0.7804102897644043,-0.012097630649805069,0.46799978613853455,0.758772611618042,-0.013900581747293472,0.4566248059272766,0.7586379051208496,-0.01475624181330204,0.4455567002296448,0.8151041269302368,-0.002208180958405137,0.47262081503868103,0.7858749032020569,-0.00793150532990694,0.4665153920650482,0.7660878896713257,-0.007965071126818657,0.4550883173942566,0.7664262652397156,-0.006933610886335373,0.44533219933509827,0.8098121285438538,0.002534739673137665,0.4670749008655548,0.786245584487915,-0.0029287042561918497,0.4621741771697998,0.7708883285522461,-0.0028323661535978317,0.4527001976966858,0.7723656892776489,-0.001489275717176497
0.4750598073005676,0.25309327244758606,-0.5658803582191467,0.9999785423278809,0.48603880405426025,0.2207435518503189,-0.5247477293014526,0.9999686479568481,0.4941737949848175,0.22110848128795624,-0.5248209238052368,0.9999640583992004,0.5015936493873596,0.22173263132572174,-0.5246151089668274,0.999961256980896,0.46333199739456177,0.22000369429588318,-0.5300907492637634,0.9999728798866272,0.45487841963768005,0.22017408907413483,-0.5301787853240967,0.9999732971191406,0.44556182622909546,0.22079229354858398,-0.5304399728775024,0.9999746084213257,0.5115777254104614,0.24371272325515747,-0.2749522030353546,0.9999507665634155,0.4349767565727234,0.24381139874458313,-0.29915744066238403,0.9999735355377197,0.489601731300354,0.2947923243045807,-0.47362804412841797,0.9999901056289673,0.461136132478714,0.29271671175956726,-0.481341689825058,0.9999917149543762,0.5675542950630188,0.4604967534542084,-0.10957542061805725,0.999940812587738,0.3782084286212921,0.46043187379837036,-0.14027725160121918,0.9998965859413147,0.6248248815536499,0.7422885894775391,-0.2972033619880676,0.9971244931221008,0.3001905083656311,0.7381988167762756,-0.26347213983535767,0.9959465265274048,0.5374071598052979,0.6282747983932495,-0.7667515277862549,0.9961931705474854,0.40269705653190613,0.7397258877754211,-0.6444483995437622,0.9840669631958008,0.51127690076828,0.5991128087043762,-0.8644863367080688,0.9817744493484497,0.4427240788936615,0.7616246342658997,-0.725053608417511,0.9428085088729858,0.5084251165390015,0.5552193522453308,-0.8373394012451172,0.9810802936553955,0.4547085165977478,0.7256099581718445,-0.7142249345779419,0.9423097968101501,0.5119741559028625,0.5621792674064636,-0.765670657157898,0.9755906462669373,0.44614654779434204,0.7155064344406128,-0.6441105008125305,0.9345688819885254,0.5334840416908264,0.9643636345863342,-0.00495573366060853,0.8808979988098145,0.4143751561641693,0.959551990032196,0.006290887948125601,0.8755505681037903,0.5458999872207642,1.3477686643600464,0.0943870097398758,0.0310563612729311,0.408206969499588,1.3431838750839233,0.052102431654930115,0.028283271938562393,0.5492132306098938,1.6852072477340698,0.4293069541454315,0.001413877122104168,0.4184756278991699,1.685057520866394,0.3094736337661743,0.0015731723979115486,0.5536091923713684,1.7324068546295166,0.4465765357017517,0.0008475700160488486,0.41602805256843567,1.7339158058166504,0.32546189427375793,0.0019804430194199085,0.5273824334144592,1.801619529724121,0.16121935844421387,0.000708613486494869,0.4458369016647339,1.8013578653335571,0.016424890607595444,0.002624388551339507,0.5110769867897034,0.5859357714653015,8.924889272066139e-08,0.5046212077140808,0.5302959084510803,0.0017675848212093115,0.48617154359817505,0.49142250418663025,0.0015036585973575711,0.4684985280036926,0.4663189649581909,0.0009030485525727272,0.4543309807777405,0.46209388971328735,0.0008166413172148168,0.4705888330936432,0.505970299243927,-0.002488679951056838,0.4501226842403412,0.47428736090660095,-0.005155771505087614,0.4569338858127594,0.47125881910324097,-0.00644246069714427,0.4655742049217224,0.47827011346817017,-0.006016502622514963,0.46286308765411377,0.5308589339256287,-0.0036378914956003428,0.4444127082824707,0.49869534373283386,-0.0025595645420253277,0.451651394367218,0.4939546585083008,-0.0017133033834397793,0.45998623967170715,0.5023387670516968,-0.0017504937713965774,0.45742183923721313,0.5541960597038269,-0.004319492727518082,0.4425247609615326,0.5250136256217957,-0.0014477481599897146,0.44984400272369385,0.5198804140090942,0.001787001034244895,0.45807868242263794,0.5276289582252502,0.00287222140468657,0.4543503522872925,0.574585497379303,-0.004904032684862614,0.4443768560886383,0.5500743389129639,-0.0019993940368294716,0.45055750012397766,0.54585862159729,0.001987809082493186,0.45719480514526367,0.5527804493904114,0.004715400747954845,0.39587149024009705,0.76637864112854,-2.161163621394735e-07,0.4189790189266205,0.7358661890029907,-0.013404927216470242,0.4445946514606476,0.7376269102096558,-0.01815061643719673,0.4677357077598572,0.7468942403793335,-0.01976802386343479,0.482749879360199,0.7544773817062378,-0.019841326400637627,0.44860246777534485,0.8070628643035889,-0.017404865473508835,0.47783297300338745,0.774055540561676,-0.020664161071181297,0.4686543643474579,0.7535316348075867,-0.02121827006340027,0.45704618096351624,0.7540121078491211,-0.021032748743891716,0.4483979642391205,0.8209454417228699,-0.010416913777589798,0.4764486253261566,0.7856398224830627,-0.014785263687372208,0.46904003620147705,0.7657372951507568,-0.015660323202610016,0.4581519663333893,0.7651754021644592,-0.015981392934918404,0.44696974754333496,0.823307991027832,-0.003468091366812587,0.47368159890174866,0.7920356392860413,-0.00888211838901043,0.4668963551521301,0.774121880531311,-0.008550712838768959,0.4558601975440979,0.7742059826850891,-0.007496562320739031,0.447003573179245,0.8185173273086548,0.002998682204633951,0.46796637773513794,0.7936670780181885,-0.0029969133902341127,0.4622802138328552,0.7794426679611206,-0.0033124226611107588,0.45322829484939575,0.7808054089546204,-0.0021996330469846725
0.47639936208724976,0.25194311141967773,-0.5562500357627869,0.9999791979789734,0.48715856671333313,0.21991898119449615,-0.5162000060081482,0.9999692440032959,0.4952912926673889,0.2203153371810913,-0.5162584781646729,0.9999651312828064,0.5026659965515137,0.22104136645793915,-0.5160500407218933,0.9999620318412781,0.46443885564804077,0.21910418570041656,-0.5201993584632874,0.9999734163284302,0.45606744289398193,0.21932172775268555,-0.5202718377113342,0.9999739527702332,0.44652849435806274,0.21988138556480408,-0.5205406546592712,0.9999750852584839,0.5126175284385681,0.24293452501296997,-0.2690262794494629,0.9999518990516663,0.43577301502227783,0.24336810410022736,-0.2866928279399872,0.9999745488166809,0.4911186993122101,0.29402098059654236,-0.46476972103118896,0.9999899864196777,0.46212339401245117,0.29171887040138245,-0.4706110954284668,0.9999916553497314,0.5680886507034302,0.4596419334411621,-0.1044558733701706,0.9999372959136963,0.3793410062789917,0.45974087715148926,-0.13089871406555176,0.9998959302902222,0.6253217458724976,0.7434694766998291,-0.28995028138160706,0.9969019889831543,0.29952436685562134,0.7405213117599487,-0.25735118985176086,0.995840847492218,0.5370329022407532,0.6163628101348877,-0.7564913630485535,0.9963207244873047,0.41218870878219604,0.7392711639404297,-0.6367810964584351,0.9837930202484131,0.5105165243148804,0.5904306173324585,-0.8537032604217529,0.9823330640792847,0.44998419284820557,0.7639176249504089,-0.7169384360313416,0.9424987435340881,0.508496880531311,0.5485474467277527,-0.8240786790847778,0.9816510677337646,0.46092620491981506,0.7255325317382812,-0.704491376876831,0.9422540664672852,0.5123538374900818,0.5559552907943726,-0.7548115849494934,0.9763610363006592,0.4518924653530121,0.7150854468345642,-0.6359120011329651,0.934654176235199,0.533540666103363,0.9641966819763184,-0.005030116531997919,0.8719399571418762,0.41576042771339417,0.9593053460121155,0.006399789359420538,0.8671055436134338,0.5477656722068787,1.350762128829956,0.10490191727876663,0.027942396700382233,0.4085882306098938,1.3474829196929932,0.07387921959161758,0.025595773011446,0.5519995093345642,1.6873507499694824,0.45961102843284607,0.0012688544811680913,0.4210924506187439,1.6878629922866821,0.34304744005203247,0.0014182281447574496,0.556339681148529,1.735409140586853,0.4791199266910553,0.0007612145273014903,0.4189857542514801,1.736847996711731,0.36022356152534485,0.0017555465456098318,0.5310674905776978,1.8038703203201294,0.192646324634552,0.0006557700107805431,0.4484836161136627,1.8055949211120605,0.05167587473988533,0.002403534948825836,0.5098302960395813,0.5822528600692749,1.1682257650136307e-07,0.5048147439956665,0.5300523638725281,-0.0006093750125728548,0.48673003911972046,0.489872008562088,-0.0015864813467487693,0.46972140669822693,0.4623497426509857,-0.0021493344102054834,0.4554150402545929,0.46148985624313354,-0.0022042621858417988,0.46953266859054565,0.515354573726654,-0.006025750655680895,0.4511646330356598,0.481582373380661,-0.008537117391824722,0.4576895236968994,0.47251784801483154,-0.009258277714252472,0.4654834568500519,0.47551265358924866,-0.008561177179217339,0.4622873365879059,0.5399758219718933,-0.005967055447399616,0.4455297887325287,0.5044803619384766,-0.005397355649620295,0.452943354845047,0.49533456563949585,-0.004377664998173714,0.46045032143592834,0.5016364455223083,-0.004219598136842251,0.4578804075717926,0.5615636110305786,-0.005452181212604046,0.4431973993778229,0.5292277336120605,-0.003519403049722314,0.4507720172405243,0.5207913517951965,-0.0006554387509822845,0.4587209224700928,0.5266672968864441,0.00035278231371194124,0.4561202824115753,0.5785736441612244,-0.004934239666908979,0.44549208879470825,0.552112877368927,-0.0030814548954367638,0.45130932331085205,0.5460594296455383,0.00023712326947133988,0.4577576518058777,0.551733136177063,0.0025105206295847893,0.3971915543079376,0.7679160237312317,-2.0146902102169406e-07,0.41994261741638184,0.7411885857582092,-0.01311338972300291,0.4452252686023712,0.7442694902420044,-0.017157522961497307,0.4682576656341553,0.7527582049369812,-0.018234191462397575,0.483649343252182,0.7587496638298035,-0.017755484208464622,0.450984925031662,0.8116617202758789,-0.014769311062991619,0.4781101644039154,0.7799627780914307,-0.017169423401355743,0.4704526960849762,0.7576179504394531,-0.017745258286595345,0.4596131443977356,0.7565107941627502,-0.017759796231985092,0.4508383572101593,0.8232914805412292,-0.007828738540410995,0.4768422544002533,0.7896728515625,-0.011083986610174179,0.4709361791610718,0.7686602473258972,-0.012634595856070518,0.46043163537979126,0.7658479809761047,-0.013667388819158077,0.4492504894733429,0.8243321180343628,-0.0010756539413705468,0.4743407070636749,0.7931540012359619,-0.005212394520640373,0.4686451554298401,0.7740660309791565,-0.00552532309666276,0.4581969976425171,0.7721760869026184,-0.005162618588656187,0.4490971267223358,0.8187181949615479,0.00513348076492548,0.4689428210258484,0.7945246696472168,0.0005873955669812858,0.4646660387516022,0.7790219187736511,0.00026161197456531227,0.4568912386894226,0.7784708738327026,0.0010225471341982484
0.4770719110965729,0.2511653006076813,-0.5801064968109131,0.9999805092811584,0.487782746553421,0.21943455934524536,-0.5402262210845947,0.9999709129333496,0.4958985447883606,0.2198549211025238,-0.540277898311615,0.9999672770500183,0.5033082365989685,0.22056184709072113,-0.5400650501251221,0.9999640583992004,0.4650302827358246,0.2183963507413864,-0.5447078347206116,0.9999748468399048,0.45659857988357544,0.21862013638019562,-0.5447843074798584,0.9999754428863525,0.44715726375579834,0.21909992396831512,-0.5450416803359985,0.9999762773513794,0.5131539106369019,0.24232366681098938,-0.2891535460948944,0.9999547004699707,0.43663424253463745,0.24297118186950684,-0.30891746282577515,0.9999762177467346,0.49201714992523193,0.29353174567222595,-0.4871453046798706,0.9999902844429016,0.46304237842559814,0.2910897135734558,-0.4933479428291321,0.9999920129776001,0.5702311396598816,0.46043291687965393,-0.11764609068632126,0.9999375343322754,0.37929004430770874,0.4603736698627472,-0.1491588056087494,0.9998964667320251,0.627133309841156,0.7470837831497192,-0.28744786977767944,0.9968366622924805,0.29850345849990845,0.7439038753509521,-0.2850967049598694,0.9957817196846008,0.5396058559417725,0.636327862739563,-0.7615042328834534,0.9965635538101196,0.411080926656723,0.741152286529541,-0.6812512278556824,0.9839332103729248,0.5115021467208862,0.6089189648628235,-0.8608687520027161,0.9833782911300659,0.4491664469242096,0.7676385045051575,-0.7638022899627686,0.9432946443557739,0.5079072713851929,0.5631943941116333,-0.8331661224365234,0.9827304482460022,0.46161991357803345,0.7295055389404297,-0.7530590891838074,0.9432166814804077,0.5118473172187805,0.5703393220901489,-0.7604175209999084,0.9777082800865173,0.4529896080493927,0.7178497910499573,-0.6812299489974976,0.9358677268028259,0.5339997410774231,0.9640113115310669,-0.0020327798556536436,0.864059567451477,0.415219247341156,0.959981381893158,0.003466798458248377,0.8593426942825317,0.5496323704719543,1.3520448207855225,0.10159167647361755,0.025335537269711494,0.40948486328125,1.347479224205017,0.06453824788331985,0.023213984444737434,0.5530493855476379,1.6889880895614624,0.4542039930820465,0.0011408420978114009,0.42047351598739624,1.6881589889526367,0.3369274139404297,0.00128831434994936,0.5572808980941772,1.7377783060073853,0.4728078246116638,0.0006854749517515302,0.4172297418117523,1.7381200790405273,0.35457557439804077,0.0015664666425436735,0.5327850580215454,1.8055410385131836,0.18393221497535706,0.0006021079607307911,0.44953081011772156,1.8045655488967896,0.04356101527810097,0.0021979310549795628,0.5167354345321655,0.5929890871047974,7.216362263307019e-08,0.5089784860610962,0.5364231467247009,0.00368887628428638,0.49088767170906067,0.4988326132297516,0.003573943395167589,0.47233402729034424,0.47421202063560486,0.0028019484598189592,0.4576050937175751,0.4718077778816223,0.002398853888735175,0.47858476638793945,0.5064243078231812,-0.003628263482823968,0.455434113740921,0.4714701473712921,-0.0063314978033304214,0.45722824335098267,0.4680864214897156,-0.006557206157594919,0.4637112617492676,0.47688165307044983,-0.005171779543161392,0.46975335478782654,0.5327520966529846,-0.005961143411695957,0.4481014311313629,0.5003025531768799,-0.005103379487991333,0.45340901613235474,0.4958973526954651,-0.003122254041954875,0.4617948830127716,0.5039322972297668,-0.0022864157799631357,0.462911456823349,0.5589463114738464,-0.007518028374761343,0.4456726908683777,0.5293333530426025,-0.004508382175117731,0.45177724957466125,0.5246766805648804,-0.00025006261421367526,0.46012818813323975,0.5320910215377808,0.0013637623051181436,0.45834270119667053,0.5823774337768555,-0.008792861364781857,0.44720715284347534,0.5572181940078735,-0.005513708107173443,0.45346081256866455,0.5536317229270935,-0.0006459522410295904,0.4607487916946411,0.5603769421577454,0.0026791696436703205,0.39945948123931885,0.7699695229530334,-2.0448125326311128e-07,0.42136767506599426,0.7431558966636658,-0.014066680334508419,0.4461492598056793,0.7464317679405212,-0.018512479960918427,0.4690687656402588,0.755268931388855,-0.01972644217312336,0.48458659648895264,0.7618470788002014,-0.019339904189109802,0.4509354531764984,0.8132169842720032,-0.016660237684845924,0.4794155955314636,0.7806774377822876,-0.019754815846681595,0.47151780128479004,0.7592923641204834,-0.020197471603751183,0.4603418707847595,0.7588381171226501,-0.01986684463918209,0.4512077569961548,0.8245381116867065,-0.009271257556974888,0.4784902334213257,0.7905642986297607,-0.013460795395076275,0.4720122814178467,0.769805908203125,-0.01475774310529232,0.4613436162471771,0.7678520679473877,-0.015308849513530731,0.45015373826026917,0.8253418803215027,-0.0021133332047611475,0.476184219121933,0.7944014668464661,-0.0075134714134037495,0.4698825478553772,0.7753498554229736,-0.007839654572308064,0.45916569232940674,0.7743791341781616,-0.007104208692908287,0.4505433440208435,0.8197339773178101,0.004502707626670599,0.47130087018013,0.7951630353927612,-0.0014513034839183092,0.4661531448364258,0.7799651622772217,-0.0021667247638106346,0.457411527633667,0.7804097533226013,-0.0013173276092857122
0.47772738337516785,0.2506312429904938,-0.5954267978668213,0.999982476234436,0.4883359968662262,0.2189529687166214,-0.5569632649421692,0.9999738335609436,0.49656665325164795,0.21920685470104218,-0.5570010542869568,0.9999706745147705,0.5039860606193542,0.21976874768733978,-0.5568020343780518,0.9999676942825317,0.4654775559902191,0.21801696717739105,-0.5604798197746277,0.9999773502349854,0.4572316110134125,0.21830184757709503,-0.5604793429374695,0.9999778270721436,0.4477486312389374,0.21877622604370117,-0.5606769919395447,0.9999784827232361,0.5139160752296448,0.240896075963974,-0.30056139826774597,0.9999597668647766,0.4365693926811218,0.24252265691757202,-0.319091260433197,0.9999785423278809,0.49280938506126404,0.29282400012016296,-0.5025315880775452,0.999991238117218,0.46338319778442383,0.2904602587223053,-0.5064989328384399,0.9999927282333374,0.5702460408210754,0.4604939818382263,-0.1263813078403473,0.9999426603317261,0.3792720437049866,0.46106165647506714,-0.1500244289636612,0.9999001026153564,0.6283330917358398,0.7501648664474487,-0.303474098443985,0.9969618320465088,0.2960173785686493,0.7487158179283142,-0.2977461814880371,0.9958184957504272,0.5459868907928467,0.6510342955589294,-0.8010232448577881,0.9968432784080505,0.40987077355384827,0.7396033406257629,-0.7189090251922607,0.984370231628418,0.5186535120010376,0.6228203773498535,-0.9035251140594482,0.9846274256706238,0.4525547921657562,0.7608863115310669,-0.8038132190704346,0.945296049118042,0.51386958360672,0.5762132406234741,-0.8773313760757446,0.9840364456176758,0.4630020260810852,0.7258266806602478,-0.7925600409507751,0.9452489018440247,0.518132746219635,0.5835496187210083,-0.8006877899169922,0.9793033003807068,0.4536881744861603,0.7147385478019714,-0.7188637852668762,0.9381026029586792,0.5350392460823059,0.9649505615234375,-0.007371899671852589,0.8530135154724121,0.41671162843704224,0.9610326886177063,0.00892168004065752,0.8471782803535461,0.5479538440704346,1.352919101715088,0.07232068479061127,0.023044060915708542,0.40913480520248413,1.3457926511764526,0.05655119568109512,0.020937062799930573,0.5481882691383362,1.6893364191055298,0.41720864176750183,0.001026500598527491,0.41664937138557434,1.6847200393676758,0.31913048028945923,0.0011504720896482468,0.551945149898529,1.737160086631775,0.4336293339729309,0.0006159280892461538,0.4127044975757599,1.7337009906768799,0.33573922514915466,0.0013974738540127873,0.527747392654419,1.8047118186950684,0.13579267263412476,0.000549871358089149,0.4442533254623413,1.8006675243377686,0.018819155171513557,0.0019948347471654415,0.51902174949646,0.600993812084198,9.068633488595879e-08,0.5093974471092224,0.543205976486206,0.0013643114361912012,0.49056413769721985,0.5020256042480469,0.0009786036098375916,0.47156035900115967,0.4723871052265167,0.00048305169912055135,0.4561835527420044,0.47185057401657104,0.0006549300742335618,0.47341054677963257,0.5236621499061584,-0.001993913436308503,0.45381227135658264,0.49229496717453003,-0.003863126505166292,0.46087586879730225,0.48837709426879883,-0.004540043883025646,0.4686737060546875,0.4945899248123169,-0.003806648775935173,0.4663918912410736,0.54925137758255,-0.002918325364589691,0.44839566946029663,0.5169427990913391,-0.0013266761088743806,0.4560663104057312,0.5122297406196594,-0.0003062674368266016,0.4640079140663147,0.5196630358695984,-0.00021387595916166902,0.4617820382118225,0.5728805065155029,-0.0033890928607434034,0.4472164511680603,0.5448486804962158,1.4055461178941187e-05,0.4545891582965851,0.5400649905204773,0.003456196514889598,0.46270573139190674,0.5465971231460571,0.004554555285722017,0.45933470129966736,0.5934067964553833,-0.003845448838546872,0.4505925178527832,0.5720600485801697,-3.263474582126946e-06,0.45703956484794617,0.568971574306488,0.004302073270082474,0.4636211395263672,0.5745171904563904,0.00707783130928874,0.39898931980133057,0.7688156366348267,-2.076635183811959e-07,0.42300286889076233,0.7419322729110718,-0.013675008900463581,0.44864311814308167,0.7446107268333435,-0.01786477491259575,0.4715680778026581,0.7533523440361023,-0.019115963950753212,0.4861600697040558,0.760730504989624,-0.01872224360704422,0.4540824294090271,0.8137354850769043,-0.013058405369520187,0.4816170334815979,0.7818191051483154,-0.015458730980753899,0.4728148281574249,0.7600983381271362,-0.01643957383930683,0.4618401825428009,0.7608014345169067,-0.01676430180668831,0.4534527659416199,0.8241661190986633,-0.005844778381288052,0.4795973002910614,0.7906438112258911,-0.009524832479655743,0.47244274616241455,0.7702240943908691,-0.011508655734360218,0.46189039945602417,0.7698670029640198,-0.012605234049260616,0.451537162065506,0.8243274688720703,0.000992660177871585,0.4769110381603241,0.7945612668991089,-0.003770775394514203,0.47059938311576843,0.776106059551239,-0.004630712326616049,0.4600714445114136,0.7764078378677368,-0.0043769883923232555,0.45139986276626587,0.8188853859901428,0.007234858814626932,0.471793532371521,0.7947505116462708,0.002076896373182535,0.4665408432483673,0.7805103063583374,0.001336058136075735,0.4578239917755127,0.7823823094367981,0.0020071249455213547
0.47735926508903503,0.24959753453731537,-0.6074008345603943,0.999983549118042,0.4880363643169403,0.21806855499744415,-0.5731673836708069,0.9999754428863525,0.49625441431999207,0.2181747406721115,-0.5731643438339233,0.9999726414680481,0.5036032795906067,0.2186015397310257,-0.5731362700462341,0.9999696612358093,0.4652612805366516,0.21739250421524048,-0.5727217793464661,0.9999786615371704,0.45725443959236145,0.2177981734275818,-0.5727271437644958,0.9999791383743286,0.4479042887687683,0.2183099389076233,-0.5729145407676697,0.999979555606842,0.5138964056968689,0.23916077613830566,-0.3174198269844055,0.9999627470970154,0.43698006868362427,0.24214830994606018,-0.33040082454681396,0.9999797940254211,0.4925983250141144,0.2918887734413147,-0.5174278020858765,0.999991774559021,0.4631347060203552,0.2896460294723511,-0.5182608366012573,0.999993085861206,0.569939374923706,0.46097037196159363,-0.14248473942279816,0.9999452233314514,0.3782615661621094,0.4621388614177704,-0.15648508071899414,0.9998998045921326,0.6278365850448608,0.751641035079956,-0.3119281232357025,0.9970089793205261,0.2983230948448181,0.7497022151947021,-0.3134082853794098,0.9957654476165771,0.5373755097389221,0.6603758931159973,-0.7916700839996338,0.9969750642776489,0.41015803813934326,0.7401584982872009,-0.7405051589012146,0.9843799471855164,0.5112196207046509,0.6363388299942017,-0.8927566409111023,0.9851523041725159,0.452560693025589,0.7592115998268127,-0.8271944522857666,0.9451026320457458,0.5065510869026184,0.58713299036026,-0.8674713373184204,0.9845988154411316,0.45986253023147583,0.7243294715881348,-0.8174696564674377,0.9450021982192993,0.5111299157142639,0.5952974557876587,-0.7911908626556396,0.9799398183822632,0.45198971033096313,0.7121416926383972,-0.7411489486694336,0.937933623790741,0.5357786417007446,0.9659227132797241,-0.00970493070781231,0.8415884375572205,0.415323942899704,0.9606726765632629,0.011218080297112465,0.8357464671134949,0.5496946573257446,1.3549869060516357,0.07770910114049911,0.02168451063334942,0.4103280007839203,1.3477319478988647,0.04425514489412308,0.01953715831041336,0.55156010389328,1.6943048238754272,0.4272180497646332,0.0009408831829205155,0.41813525557518005,1.6900131702423096,0.31163880228996277,0.0010591776808723807,0.5557486414909363,1.7428021430969238,0.4439324736595154,0.0005598843563348055,0.41471898555755615,1.740262746810913,0.3288762867450714,0.001274328213185072,0.530165433883667,1.8117926120758057,0.14613084495067596,0.0005060479161329567,0.4448016881942749,1.8070915937423706,0.008871519938111305,0.0018560538301244378,0.5185768604278564,0.6071252822875977,9.081391283416451e-08,0.5100658535957336,0.5520654916763306,0.0006381056155078113,0.4906971752643585,0.5119133591651917,-0.00041237162076868117,0.47227269411087036,0.4831281900405884,-0.0015860130079090595,0.45760881900787354,0.4827207028865814,-0.0022462650667876005,0.47533756494522095,0.5387763381004333,-0.004456792958080769,0.45432040095329285,0.5048152804374695,-0.008195944130420685,0.46150869131088257,0.4959844946861267,-0.010056660510599613,0.46977686882019043,0.5005933046340942,-0.009885704144835472,0.468901664018631,0.5642811059951782,-0.005478777922689915,0.449114054441452,0.5282386541366577,-0.005550364963710308,0.4570769965648651,0.5191712975502014,-0.005002024117857218,0.46553805470466614,0.5260156393051147,-0.005136958789080381,0.4645098149776459,0.5866953730583191,-0.006142883561551571,0.4479976296424866,0.5534934997558594,-0.004237945191562176,0.4554719030857086,0.5454778075218201,-0.0008771378779783845,0.4637693166732788,0.5518878698348999,0.00042249573743902147,0.46216049790382385,0.6048665642738342,-0.006849557626992464,0.4503594934940338,0.5778059363365173,-0.004445357713848352,0.4565175771713257,0.5712029337882996,-0.0004924150416627526,0.4635709822177887,0.5772974491119385,0.0021389282774180174,0.4026527404785156,0.7677703499794006,-1.9736853573704138e-07,0.4258281886577606,0.741219162940979,-0.013121026568114758,0.45081353187561035,0.7430117726325989,-0.016835302114486694,0.473324716091156,0.7501577734947205,-0.017586518079042435,0.4875788986682892,0.7568424344062805,-0.016708003357052803,0.45488837361335754,0.8088163733482361,-0.013487882912158966,0.48156896233558655,0.7781174182891846,-0.015279179438948631,0.4736751317977905,0.7568106651306152,-0.015458877198398113,0.46349257230758667,0.7564377784729004,-0.015297438018023968,0.45436468720436096,0.819871723651886,-0.006378557533025742,0.479977548122406,0.7870035767555237,-0.0095058623701334,0.4736756980419159,0.7668749690055847,-0.010953833349049091,0.463951975107193,0.765198826789856,-0.011817392893135548,0.452862948179245,0.8208296298980713,0.00046992424177005887,0.4779577851295471,0.7912899255752563,-0.003840900957584381,0.4722672700881958,0.7731497883796692,-0.004612843971699476,0.46209046244621277,0.7721359729766846,-0.004403730854392052,0.45302295684814453,0.815974771976471,0.006777120288461447,0.4730874300003052,0.7926368713378906,0.0017735499422997236,0.46880578994750977,0.7787405848503113,0.0008130557253025472,0.46078479290008545,0.7795498371124268,0.0012589815305545926
0.47831302881240845,0.24894841015338898,-0.6285461187362671,0.9999849796295166,0.48895660042762756,0.2175401896238327,-0.606557309627533,0.9999775886535645,0.4968796968460083,0.21764487028121948,-0.6064803600311279,0.9999750852584839,0.5040236711502075,0.21802011132240295,-0.606713056564331,0.9999723434448242,0.4663143455982208,0.21692442893981934,-0.5965878963470459,0.9999804496765137,0.4583931863307953,0.21740171313285828,-0.5965140461921692,0.9999809265136719,0.44917890429496765,0.21786583960056305,-0.5966455936431885,0.9999812245368958,0.5141589641571045,0.23845025897026062,-0.337792307138443,0.9999662041664124,0.4379604756832123,0.2417372465133667,-0.35235869884490967,0.9999814033508301,0.4937867820262909,0.29142823815345764,-0.5483614802360535,0.9999924898147583,0.46440389752388,0.2890247404575348,-0.5380118489265442,0.9999936819076538,0.570769727230072,0.4620831310749054,-0.16437558829784393,0.9999488592147827,0.3770543038845062,0.4633432924747467,-0.17096397280693054,0.9999032020568848,0.6280364394187927,0.7519481778144836,-0.3254879415035248,0.9970306158065796,0.29819217324256897,0.7504832744598389,-0.31063878536224365,0.9957610964775085,0.5352552533149719,0.6609331965446472,-0.811275064945221,0.9970659613609314,0.4063464105129242,0.7385491728782654,-0.7315836548805237,0.9844043254852295,0.5097923874855042,0.6390716433525085,-0.9138320684432983,0.985562801361084,0.44785717129707336,0.756249189376831,-0.8195962905883789,0.9451358914375305,0.5034151077270508,0.5889428853988647,-0.8934767842292786,0.9850678443908691,0.4575226604938507,0.7216578722000122,-0.8094130158424377,0.9451770782470703,0.5082882642745972,0.5960497260093689,-0.8126188516616821,0.9804801940917969,0.44851207733154297,0.7113972902297974,-0.732332170009613,0.9380788207054138,0.5350592136383057,0.966242253780365,-0.008242820389568806,0.8422471880912781,0.41432619094848633,0.9605225920677185,0.009736239910125732,0.8364870548248291,0.5481006503105164,1.3558504581451416,0.10852780193090439,0.02048533968627453,0.40958327054977417,1.3500384092330933,0.07825089991092682,0.018120352178812027,0.5516878366470337,1.6938704252243042,0.4729735255241394,0.0008864099509082735,0.41897067427635193,1.6909492015838623,0.3689638078212738,0.0009665247634984553,0.5558326840400696,1.7423862218856812,0.4923308193683624,0.0005314099253155291,0.4160395562648773,1.740332841873169,0.3886168301105499,0.0011656652204692364,0.5301836133003235,1.8110496997833252,0.19762589037418365,0.0004816040745936334,0.44520002603530884,1.809872031211853,0.06824319809675217,0.0017439333023503423,0.5173066854476929,0.6175245046615601,8.414323104943833e-08,0.509909451007843,0.5626252293586731,-0.0003595241578295827,0.4906572997570038,0.5225086808204651,-0.0020226254127919674,0.4707533121109009,0.4963805377483368,-0.003535940544679761,0.45496997237205505,0.49896949529647827,-0.0044112070463597775,0.47721195220947266,0.5480309724807739,-0.007341661024838686,0.45431187748908997,0.510881781578064,-0.011641024611890316,0.46035414934158325,0.5042569637298584,-0.013096403330564499,0.46805712580680847,0.5110208988189697,-0.012414160184562206,0.46986275911331177,0.5758956074714661,-0.008050127886235714,0.44936758279800415,0.5376288294792175,-0.008202435448765755,0.4569482207298279,0.5303173661231995,-0.006823391653597355,0.46512967348098755,0.5386789441108704,-0.00648577231913805,0.464670330286026,0.6001229286193848,-0.008409975096583366,0.44775986671447754,0.5642195343971252,-0.006655935198068619,0.4550640881061554,0.5572717785835266,-0.0027490234933793545,0.46320971846580505,0.565054714679718,-0.0012250393629074097,0.4614163339138031,0.6192030906677246,-0.008833494037389755,0.4490382969379425,0.5890303254127502,-0.006388174369931221,0.4554921090602875,0.5836172103881836,-0.0019075589952990413,0.46279409527778625,0.5914271473884583,0.0009645929094403982,0.4039265215396881,0.7686659097671509,-1.8633656395650178e-07,0.4264064133167267,0.740216851234436,-0.01314646564424038,0.4521763324737549,0.7409805655479431,-0.01671927608549595,0.4749908745288849,0.7469913959503174,-0.017103204503655434,0.48879820108413696,0.7510464787483215,-0.01586819253861904,0.45751190185546875,0.8063575029373169,-0.014676555059850216,0.48400381207466125,0.7713279128074646,-0.016228066757321358,0.47568997740745544,0.7506102919578552,-0.015945853665471077,0.4658542573451996,0.7513373494148254,-0.015414000488817692,0.4572139084339142,0.817399799823761,-0.007272716611623764,0.4826814532279968,0.7813341617584229,-0.010367488488554955,0.47603216767311096,0.7612969279289246,-0.011519292369484901,0.4660510718822479,0.7608214616775513,-0.012052015401422977,0.4557138681411743,0.8182891607284546,4.590234675561078e-05,0.48028764128685,0.7856248021125793,-0.004141214769333601,0.4742444157600403,0.7678454518318176,-0.00469495402649045,0.4642358124256134,0.7684504389762878,-0.004277491942048073,0.455703467130661,0.8132761716842651,0.006866085343062878,0.4750862121582031,0.7875369787216187,0.0019564207177609205,0.4703039526939392,0.7735415697097778,0.0011669921223074198,0.4623696208000183,0.7754653096199036,0.0017920351820066571
0.4789050817489624,0.24825818836688995,-0.6328582763671875,0.9999850988388062,0.4891533851623535,0.21707648038864136,-0.6011568307876587,0.9999779462814331,0.4969427287578583,0.21732014417648315,-0.6011440753936768,0.9999755024909973,0.5041618943214417,0.21772518754005432,-0.6011403799057007,0.9999728202819824,0.46652403473854065,0.21632561087608337,-0.5992499589920044,0.999980628490448,0.4585379958152771,0.21680687367916107,-0.5992662906646729,0.9999809265136719,0.4496927559375763,0.2172010838985443,-0.5994359850883484,0.9999811053276062,0.5141413807868958,0.23829877376556396,-0.34705403447151184,0.9999666810035706,0.4377122223377228,0.24140754342079163,-0.3573116064071655,0.9999816417694092,0.4941214621067047,0.29119646549224854,-0.5453688502311707,0.9999925494194031,0.46531015634536743,0.28853675723075867,-0.5432079434394836,0.9999936819076538,0.5713061094284058,0.4635573625564575,-0.1608392745256424,0.9999489784240723,0.37676993012428284,0.46471038460731506,-0.17729786038398743,0.9998977780342102,0.6285420060157776,0.7535600662231445,-0.32032570242881775,0.996932327747345,0.2964876890182495,0.7518337965011597,-0.3119261562824249,0.9956256151199341,0.5431400537490845,0.6840997934341431,-0.7944403290748596,0.997075080871582,0.40444356203079224,0.7391558885574341,-0.7263234257698059,0.9840053915977478,0.5200258493423462,0.6743616461753845,-0.894530713558197,0.985655665397644,0.4469650387763977,0.7578223347663879,-0.8129429221153259,0.9433752298355103,0.5111413598060608,0.6244006752967834,-0.8756445050239563,0.9852250814437866,0.45671454071998596,0.7220089435577393,-0.8046204447746277,0.9434782266616821,0.5149785280227661,0.6235686540603638,-0.7958818674087524,0.980583906173706,0.4480627775192261,0.7115576863288879,-0.7273992300033569,0.9359473586082458,0.5342841744422913,0.9689365029335022,-0.003290268825367093,0.8438987135887146,0.4140552878379822,0.9617140889167786,0.0047456673346459866,0.8373512625694275,0.5438582897186279,1.359183430671692,0.11503436416387558,0.019882306456565857,0.40309709310531616,1.3526175022125244,0.07959813624620438,0.017278028652071953,0.544613242149353,1.6974979639053345,0.48210299015045166,0.0008418887155130506,0.411081999540329,1.6938475370407104,0.3704163730144501,0.0009105594945140183,0.5484426617622375,1.7477773427963257,0.502012312412262,0.0005089581245556474,0.40787220001220703,1.7442165613174438,0.389896959066391,0.0011050535831600428,0.5241532921791077,1.813161849975586,0.21086661517620087,0.0004666103923227638,0.43941399455070496,1.8131130933761597,0.07644116878509521,0.0016937314067035913,0.5305337905883789,0.6392233371734619,2.1166168551189912e-07,0.5177282094955444,0.5908055901527405,0.00024023884907364845,0.4988855719566345,0.5546838641166687,-0.0008971294155344367,0.48150506615638733,0.5326430797576904,-0.00240148208104074,0.4674754738807678,0.5206765532493591,-0.004008474759757519,0.4896426200866699,0.5753355026245117,-0.0030672550201416016,0.46859171986579895,0.5530999302864075,-0.00764400465413928,0.45836299657821655,0.5339013338088989,-0.010683261789381504,0.452796071767807,0.5208176374435425,-0.011564687825739384,0.48269352316856384,0.5995994806289673,-0.004114102106541395,0.4606150984764099,0.5759592652320862,-0.007264832966029644,0.4531153440475464,0.5552132725715637,-0.008693438954651356,0.45176997780799866,0.5415102243423462,-0.00908350758254528,0.47669705748558044,0.6201704144477844,-0.004930826835334301,0.45601874589920044,0.5962963104248047,-0.006182772107422352,0.4513971507549286,0.5772168636322021,-0.004756193142384291,0.4523237943649292,0.5648937821388245,-0.003375112544745207,0.47297146916389465,0.6365770101547241,-0.0057632168754935265,0.4556097388267517,0.6168967485427856,-0.005736862309277058,0.4530261754989624,0.598740816116333,-0.0030765081755816936,0.45472049713134766,0.5871951580047607,-0.0003650247526820749,0.40701156854629517,0.7638983130455017,-1.8002366175551288e-07,0.42828381061553955,0.7354298233985901,-0.013334175571799278,0.453106552362442,0.7361023426055908,-0.01718413643538952,0.4756748378276825,0.7421377301216125,-0.017701048403978348,0.48960059881210327,0.7457395195960999,-0.01675347238779068,0.45872247219085693,0.8002225756645203,-0.01659914292395115,0.48443564772605896,0.7634615302085876,-0.018391313031315804,0.4763203561306,0.7440353631973267,-0.01794130727648735,0.46675390005111694,0.7453003525733948,-0.01724519580602646,0.45871439576148987,0.8115262985229492,-0.009141024202108383,0.48360031843185425,0.7751192450523376,-0.012542719952762127,0.4769669771194458,0.7561946511268616,-0.01358128897845745,0.4670170247554779,0.755919337272644,-0.014019791036844254,0.4573030471801758,0.812825620174408,-0.0016543652163818479,0.48128780722618103,0.7797945737838745,-0.006083570420742035,0.47514238953590393,0.7626185417175293,-0.006586664821952581,0.46509766578674316,0.7632396817207336,-0.006083779036998749,0.457280695438385,0.8082014322280884,0.0053627025336027145,0.47638756036758423,0.7822612524032593,0.0002656120341271162,0.47134527564048767,0.7685056328773499,-0.0005643189651891589,0.46335917711257935,0.7704639434814453,1.0830958672158886e-05
0.47861796617507935,0.24816462397575378,-0.6302432417869568,0.9999849796295166,0.4890105128288269,0.21698161959648132,-0.5956054925918579,0.9999776482582092,0.4967822730541229,0.21728238463401794,-0.5956133008003235,0.9999755024909973,0.5040584802627563,0.21771304309368134,-0.5955511331558228,0.9999725818634033,0.4664352536201477,0.21611391007900238,-0.5971360802650452,0.9999801516532898,0.4584377110004425,0.21662133932113647,-0.597182035446167,0.9999805688858032,0.44963985681533813,0.21700847148895264,-0.5973694920539856,0.9999804496765137,0.5137563347816467,0.23890940845012665,-0.347781777381897,0.9999665021896362,0.43771517276763916,0.24142023921012878,-0.3597751557826996,0.9999815225601196,0.493158757686615,0.29114118218421936,-0.5399343371391296,0.9999925494194031,0.4645504653453827,0.2884696424007416,-0.5420137643814087,0.999993622303009,0.5712438225746155,0.46573230624198914,-0.16291217505931854,0.9999503493309021,0.3774200975894928,0.4668794572353363,-0.18598529696464539,0.9998956918716431,0.6303457617759705,0.7543461322784424,-0.30474168062210083,0.9967862367630005,0.29890528321266174,0.7524577975273132,-0.3230636715888977,0.995479166507721,0.556559145450592,0.7056872844696045,-0.7792822122573853,0.9969459176063538,0.40361112356185913,0.7389249801635742,-0.7420538067817688,0.9839503169059753,0.5358850359916687,0.7015098333358765,-0.8799248337745667,0.9852404594421387,0.4460228681564331,0.7569389939308167,-0.8299325108528137,0.9430808424949646,0.5283758640289307,0.6562695503234863,-0.865675687789917,0.9848796129226685,0.45600271224975586,0.7222707867622375,-0.823980987071991,0.9430574178695679,0.5298564434051514,0.650532066822052,-0.7829858660697937,0.9801284670829773,0.44724762439727783,0.7114471793174744,-0.7440884709358215,0.9354320168495178,0.5345748066902161,0.9706756472587585,-0.0002116884134011343,0.8395953178405762,0.4125482141971588,0.9621356129646301,0.0016214606584981084,0.8310298919677734,0.542149543762207,1.3622287511825562,0.12892097234725952,0.019543837755918503,0.4030631482601166,1.3557283878326416,0.08305340260267258,0.01686279848217964,0.5427936911582947,1.7006149291992188,0.49566537141799927,0.00083571532741189,0.4099936783313751,1.6979436874389648,0.36894065141677856,0.0008819726062938571,0.5463659167289734,1.7516764402389526,0.515356183052063,0.0005143138696439564,0.40610751509666443,1.7483701705932617,0.388290137052536,0.0010853264247998595,0.5237926244735718,1.8150969743728638,0.2270393818616867,0.00046468048822134733,0.4400920569896698,1.8176676034927368,0.0756254568696022,0.0016830757958814502,0.0,0.0,0.0,0.0,0.0,0.0,0.0,0.0,0.0,0.0,0.0,0.0,0.0,0.0,0.0,0.0,0.0,0.0,0.0,0.0,0.0,0.0,0.0,0.0,0.0,0.0,0.0,0.0,0.0,0.0,0.0,0.0,0.0,0.0,0.0,0.0,0.0,0.0,0.0,0.0,0.0,0.0,0.0,0.0,0.0,0.0,0.0,0.0,0.0,0.0,0.0,0.0,0.0,0.0,0.0,0.0,0.0,0.0,0.0,0.0,0.0,0.0,0.0,0.40882885456085205,0.7582951188087463,-1.8490916886548803e-07,0.42904040217399597,0.7305817008018494,-0.012709333561360836,0.4534353017807007,0.7296454310417175,-0.016208328306674957,0.4758155345916748,0.7331941723823547,-0.01660727523267269,0.49022889137268066,0.7341107130050659,-0.015497976914048195,0.45982426404953003,0.7932642698287964,-0.016032692044973373,0.48561063408851624,0.7560943365097046,-0.018220970407128334,0.47717785835266113,0.7372124791145325,-0.017788264900445938,0.4672901928424835,0.7386282086372375,-0.016969624906778336,0.4605728089809418,0.8036157488822937,-0.009109568782150745,0.48521897196769714,0.7666271924972534,-0.012651638127863407,0.4781559705734253,0.7487308979034424,-0.013581907376646996,0.4685741662979126,0.7488702535629272,-0.013920100405812263,0.4597678482532501,0.8043185472488403,-0.002212204970419407,0.48340216279029846,0.7704052329063416,-0.006732174661010504,0.4768463671207428,0.7543243169784546,-0.007074812892824411,0.46738654375076294,0.7552993893623352,-0.0065138679929077625,0.46007031202316284,0.7992693185806274,0.004245870281010866,0.4789232015609741,0.7719828486442566,-0.0009238604106940329,0.473402738571167,0.7591930031776428,-0.001622066251002252,0.46552610397338867,0.7613068222999573,-0.0009646429680287838
0.4790593683719635,0.24818776547908783,-0.6163588762283325,0.9999854564666748,0.48910677433013916,0.21698981523513794,-0.5773200988769531,0.9999783635139465,0.49687594175338745,0.21739061176776886,-0.5773985981941223,0.9999762773513794,0.5042341351509094,0.21802671253681183,-0.5772574543952942,0.9999735355377197,0.46661797165870667,0.21617422997951508,-0.5840485095977783,0.999980628490448,0.4586259722709656,0.21668103337287903,-0.5841189622879028,0.9999810457229614,0.4502488672733307,0.2171122133731842,-0.5843140482902527,0.9999808669090271,0.5140404105186462,0.23989927768707275,-0.3220048248767853,0.9999678730964661,0.4379461109638214,0.2418624311685562,-0.3537772297859192,0.9999818205833435,0.49464941024780273,0.2912738621234894,-0.5219303369522095,0.9999929070472717,0.4656733572483063,0.28868958353996277,-0.5308286547660828,0.9999938011169434,0.5718414187431335,0.46782857179641724,-0.14879806339740753,0.9999536871910095,0.37667518854141235,0.4692261815071106,-0.17890562117099762,0.9998950958251953,0.6304872632026672,0.7553282976150513,-0.30039945244789124,0.9967820644378662,0.29720965027809143,0.7568072080612183,-0.30855581164360046,0.9953281879425049,0.5557535886764526,0.7163149118423462,-0.7637137770652771,0.9968302249908447,0.39950859546661377,0.7344909906387329,-0.743058979511261,0.9841185808181763,0.531818687915802,0.7177482843399048,-0.8644424676895142,0.9848202466964722,0.4400445222854614,0.7475264668464661,-0.8312438726425171,0.9442142248153687,0.5209755897521973,0.6688649654388428,-0.8524678945541382,0.9845453500747681,0.45003822445869446,0.7166345715522766,-0.8263395428657532,0.9442204833030701,0.5254291296005249,0.6634396910667419,-0.7678966522216797,0.9796749949455261,0.44182613492012024,0.7070158123970032,-0.745937168598175,0.9364360570907593,0.5330673456192017,0.9702023267745972,-0.003191871102899313,0.8313559889793396,0.4110279083251953,0.962618350982666,0.004586182534694672,0.819780707359314,0.539249837398529,1.3605233430862427,0.10248742252588272,0.019425472244620323,0.4011807441711426,1.3541228771209717,0.08060666173696518,0.016672946512699127,0.53858882188797,1.6976455450057983,0.45016878843307495,0.0008296233136206865,0.4086451530456543,1.693806529045105,0.347402960062027,0.0008687422377988696,0.5412193536758423,1.7476505041122437,0.46768325567245483,0.0005109374760650098,0.4046892821788788,1.7430497407913208,0.36382243037223816,0.0010786526836454868,0.5218655467033386,1.8105113506317139,0.18309548497200012,0.00046128727262839675,0.4385731518268585,1.8109700679779053,0.05818088725209236,0.0016659446991980076,0.5270316004753113,0.66754150390625,1.4787769941904116e-07,0.5140712261199951,0.6226635575294495,-0.003603645833209157,0.4927586615085602,0.5862061977386475,-0.005607008934020996,0.4731237292289734,0.565452516078949,-0.007182210683822632,0.4561581015586853,0.5615614056587219,-0.008353011682629585,0.4787752032279968,0.6223803162574768,-0.0057240636087954044,0.4581489861011505,0.6007704734802246,-0.01041825208812952,0.45612281560897827,0.5850793123245239,-0.013403313234448433,0.4580674171447754,0.5777365565299988,-0.014167423360049725,0.47433558106422424,0.6481885313987732,-0.004668882116675377,0.4530631899833679,0.6243739128112793,-0.0076441350392997265,0.4534164071083069,0.608410120010376,-0.009384994395077229,0.45810630917549133,0.6028664708137512,-0.01015486940741539,0.47133609652519226,0.6681149005889893,-0.0036545952316373587,0.4510369598865509,0.643608033657074,-0.004795586224645376,0.45245224237442017,0.6296452283859253,-0.003567173145711422,0.45677703619003296,0.6252194046974182,-0.0025449050590395927,0.4696061909198761,0.6819736361503601,-0.0029039180371910334,0.45177268981933594,0.6622518301010132,-0.002832723082974553,0.4521646201610565,0.6480948328971863,-0.00036501482827588916,0.45591747760772705,0.6431228518486023,0.0020279784221202135,0.4101082384586334,0.7509432435035706,-1.7279232622513518e-07,0.4294598698616028,0.7234436869621277,-0.012816895730793476,0.4529644846916199,0.7219334244728088,-0.016234267503023148,0.4748135209083557,0.7257861495018005,-0.01663939282298088,0.48967602849006653,0.7272279858589172,-0.015333270654082298,0.4612217843532562,0.7840679883956909,-0.013642173260450363,0.4880293607711792,0.7470783591270447,-0.01546567864716053,0.4789530634880066,0.7281666398048401,-0.015069719403982162,0.4686647355556488,0.7300620675086975,-0.014172152616083622,0.46229827404022217,0.7937507033348083,-0.0062432377599179745,0.4867788851261139,0.7563674449920654,-0.009217334911227226,0.4788147807121277,0.7384759783744812,-0.010248183272778988,0.46924924850463867,0.7398285269737244,-0.010529210790991783,0.4615519344806671,0.794463038444519,0.000959674478508532,0.4849576950073242,0.760130763053894,-0.0031426921486854553,0.4775868058204651,0.7435896396636963,-0.0037253566551953554,0.46767473220825195,0.7451190948486328,-0.0032237409614026546,0.4620078206062317,0.7899686098098755,0.007704015821218491,0.48014751076698303,0.7620835900306702,0.0027195545844733715,0.474328875541687,0.7489316463470459,0.0017475049244239926,0.4662107229232788,0.7516534924507141,0.002409355714917183
0.4796578288078308,0.24794703722000122,-0.6427930593490601,0.9999860525131226,0.48957809805870056,0.21688158810138702,-0.601985514163971,0.9999792575836182,0.49740058183670044,0.217211052775383,-0.6020711064338684,0.9999772906303406,0.5047392845153809,0.2177937775850296,-0.6019154191017151,0.9999746084213257,0.466966837644577,0.21615101397037506,-0.609539806842804,0.9999813437461853,0.45901501178741455,0.21670019626617432,-0.6096256375312805,0.9999816417694092,0.45058175921440125,0.21720032393932343,-0.6098248958587646,0.9999813437461853,0.514503538608551,0.23952269554138184,-0.3414386212825775,0.9999693036079407,0.4385990798473358,0.24219781160354614,-0.3737401068210602,0.9999822974205017,0.49559882283210754,0.2910606563091278,-0.5455343127250671,0.9999932646751404,0.4664948582649231,0.2886940538883209,-0.5555405020713806,0.9999940991401672,0.5739173293113708,0.47052791714668274,-0.16739821434020996,0.999955952167511,0.3773248791694641,0.4716537892818451,-0.1974540799856186,0.9998941421508789,0.6300964951515198,0.7575255036354065,-0.31594786047935486,0.9967849254608154,0.29806336760520935,0.7585055232048035,-0.3345394432544708,0.9952254891395569,0.5546090602874756,0.7220508456230164,-0.7740196585655212,0.9965097308158875,0.40251412987709045,0.7311370968818665,-0.7755307555198669,0.9841445088386536,0.5300549864768982,0.7266037464141846,-0.874009907245636,0.9834190011024475,0.44228723645210266,0.7406830787658691,-0.865003764629364,0.9447076916694641,0.5198608636856079,0.6815685033798218,-0.864353358745575,0.9831913113594055,0.4508139491081238,0.7111155390739441,-0.8595155477523804,0.9446941018104553,0.5244844555854797,0.6749018430709839,-0.7786757349967957,0.9780822992324829,0.4423845112323761,0.7036951184272766,-0.778348982334137,0.9367871880531311,0.5322328209877014,0.9707239270210266,-0.005790351424366236,0.8192121386528015,0.40910860896110535,0.9629871249198914,0.0071915858425199986,0.8057724833488464,0.5389769673347473,1.3592126369476318,0.09804623574018478,0.01943056471645832,0.4010162651538849,1.3524651527404785,0.0770990177989006,0.016710659489035606,0.5402588248252869,1.6961692571640015,0.4488007128238678,0.000841412867885083,0.4084945619106293,1.6926405429840088,0.3471308648586273,0.000873168115504086,0.5430972576141357,1.7460960149765015,0.4662120044231415,0.0005168576026335359,0.4049675762653351,1.74210524559021,0.36376044154167175,0.0010921598877757788,0.5228021740913391,1.8093388080596924,0.17789769172668457,0.0004650488554034382,0.4367942214012146,1.809183120727539,0.053343527019023895,0.0016844529891386628,0.0,0.0,0.0,0.0,0.0,0.0,0.0,0.0,0.0,0.0,0.0,0.0,0.0,0.0,0.0,0.0,0.0,0.0,0.0,0.0,0.0,0.0,0.0,0.0,0.0,0.0,0.0,0.0,0.0,0.0,0.0,0.0,0.0,0.0,0.0,0.0,0.0,0.0,0.0,0.0,0.0,0.0,0.0,0.0,0.0,0.0,0.0,0.0,0.0,0.0,0.0,0.0,0.0,0.0,0.0,0.0,0.0,0.0,0.0,0.0,0.0,0.0,0.0,0.410320520401001,0.7428309321403503,-1.5448560475306294e-07,0.43131202459335327,0.7135387063026428,-0.009623833000659943,0.45462289452552795,0.7134743928909302,-0.011416672728955746,0.47581323981285095,0.7188515663146973,-0.010751738213002682,0.4908321499824524,0.7174711227416992,-0.008672338910400867,0.46427664160728455,0.7722011208534241,-0.008839934132993221,0.4896933138370514,0.7437876462936401,-0.009489445947110653,0.48701012134552,0.7216797471046448,-0.009523726999759674,0.48035928606987,0.7150061130523682,-0.009129715152084827,0.46442195773124695,0.784089982509613,-0.0029870844446122646,0.48769670724868774,0.7535848021507263,-0.003591042710468173,0.4856365919113159,0.7331880331039429,-0.00482005812227726,0.47937753796577454,0.725450336933136,-0.005946083925664425,0.46292731165885925,0.7859979867935181,0.0026829419657588005,0.4845736622810364,0.7576438784599304,0.0007654048968106508,0.4828898310661316,0.7396416068077087,-0.0002065174630843103,0.4767937958240509,0.7324166893959045,-0.0006929462542757392,0.46222251653671265,0.7821958661079407,0.008009192533791065,0.47951674461364746,0.7600113153457642,0.005154428072273731,0.4791566729545593,0.7452008724212646,0.004584748297929764,0.47564828395843506,0.7388877868652344,0.005016668699681759
0.48006671667099,0.24734346568584442,-0.7015019655227661,0.9999846816062927,0.48973700404167175,0.2165626883506775,-0.66346675157547,0.9999776482582092,0.49750465154647827,0.21679367125034332,-0.6635282039642334,0.9999754428863525,0.5044883489608765,0.21731002628803253,-0.6634229421615601,0.9999727010726929,0.46753600239753723,0.2160252034664154,-0.6678282618522644,0.9999797940254211,0.45959341526031494,0.2165832668542862,-0.6679486036300659,0.9999800324440002,0.45064669847488403,0.21709765493869781,-0.6681428551673889,0.9999798536300659,0.5140731334686279,0.2389104813337326,-0.40542131662368774,0.9999670386314392,0.43875229358673096,0.24218258261680603,-0.4233826696872711,0.9999801516532898,0.49550771713256836,0.2908072769641876,-0.6046980619430542,0.9999927282333374,0.46655523777008057,0.2884863018989563,-0.610486626625061,0.9999935626983643,0.5755802392959595,0.4741770923137665,-0.22712275385856628,0.9999518990516663,0.3774532973766327,0.4736330509185791,-0.23221491277217865,0.9998806715011597,0.6308338642120361,0.7642664313316345,-0.3684157729148865,0.9964708685874939,0.2983972728252411,0.7610901594161987,-0.3832341432571411,0.9949867129325867,0.5602242946624756,0.7369135022163391,-0.8274058699607849,0.9955909252166748,0.3984488844871521,0.7310577034950256,-0.8467538952827454,0.9836850762367249,0.5364654660224915,0.7444689273834229,-0.9262353777885437,0.9797373414039612,0.4326184093952179,0.7291864156723022,-0.9401629567146301,0.9429436326026917,0.5336145162582397,0.7099897265434265,-0.9204811453819275,0.9795896410942078,0.4416974186897278,0.6966448426246643,-0.9329315423965454,0.9428891539573669,0.5391106009483337,0.7033406496047974,-0.8331819772720337,0.9737827181816101,0.4329138994216919,0.6942436695098877,-0.849973738193512,0.9344420433044434,0.5342477560043335,0.9737300276756287,-0.009304584003984928,0.8164318203926086,0.41067764163017273,0.9659889340400696,0.01064360048621893,0.8042594194412231,0.5411602854728699,1.3594458103179932,0.1161310151219368,0.020230500027537346,0.4036410450935364,1.3527231216430664,0.11420384794473648,0.01746201328933239,0.5443161725997925,1.696360468864441,0.5031586289405823,0.0008877749205566943,0.41271069645881653,1.6916987895965576,0.41293269395828247,0.0009274185285903513,0.5470302104949951,1.7473227977752686,0.5243575572967529,0.0005437901127152145,0.4108671545982361,1.7416820526123047,0.4336548149585724,0.0011532835196703672,0.5266379714012146,1.8104362487792969,0.23135796189308167,0.0004852243873756379,0.4360215961933136,1.8086858987808228,0.12433198094367981,0.0017952820053324103,0.0,0.0,0.0,0.0,0.0,0.0,0.0,0.0,0.0,0.0,0.0,0.0,0.0,0.0,0.0,0.0,0.0,0.0,0.0,0.0,0.0,0.0,0.0,0.0,0.0,0.0,0.0,0.0,0.0,0.0,0.0,0.0,0.0,0.0,0.0,0.0,0.0,0.0,0.0,0.0,0.0,0.0,0.0,0.0,0.0,0.0,0.0,0.0,0.0,0.0,0.0,0.0,0.0,0.0,0.0,0.0,0.0,0.0,0.0,0.0,0.0,0.0,0.0,0.0,0.0,0.0,0.0,0.0,0.0,0.0,0.0,0.0,0.0,0.0,0.0,0.0,0.0,0.0,0.0,0.0,0.0,0.0,0.0,0.0,0.0,0.0,0.0,0.0,0.0,0.0,0.0,0.0,0.0,0.0,0.0,0.0,0.0,0.0,0.0,0.0,0.0,0.0,0.0,0.0,0.0,0.0,0.0,0.0,0.0,0.0,0.0,0.0,0.0,0.0,0.0,0.0,0.0,0.0,0.0,0.0,0.0,0.0,0.0,0.0,0.0,0.0
0.48100677132606506,0.24724137783050537,-0.6977178454399109,0.9999830722808838,0.4904298186302185,0.21660026907920837,-0.6607800722122192,0.9999760985374451,0.4980737566947937,0.21695426106452942,-0.660808265209198,0.9999735355377197,0.505205512046814,0.21754178404808044,-0.6607076525688171,0.9999708533287048,0.46793463826179504,0.2160906195640564,-0.6650896668434143,0.9999785423278809,0.4598504900932312,0.21667098999023438,-0.6651937961578369,0.99997878074646,0.4512382447719574,0.21721024811267853,-0.6653989553451538,0.9999789595603943,0.5143545866012573,0.23934154212474823,-0.40574583411216736,0.9999643564224243,0.439272403717041,0.24293732643127441,-0.42313799262046814,0.9999787211418152,0.496928334236145,0.2911733090877533,-0.6020432710647583,0.9999922513961792,0.46762606501579285,0.2887439727783203,-0.6075133681297302,0.9999931454658508,0.5748144388198853,0.4754103422164917,-0.22817260026931763,0.9999480247497559,0.3782467246055603,0.4758895933628082,-0.243848979473114,0.9998784065246582,0.6317360997200012,0.7655453681945801,-0.3488868176937103,0.9961879849433899,0.30281245708465576,0.7646077871322632,-0.390471488237381,0.9950874447822571,0.565887451171875,0.7453656196594238,-0.7827189564704895,0.9945035576820374,0.41177642345428467,0.735481321811676,-0.8391173481941223,0.9828364253044128,0.5398696064949036,0.7477463483810425,-0.8765626549720764,0.9757815599441528,0.44923269748687744,0.7371438145637512,-0.9256884455680847,0.9391419291496277,0.5412806272506714,0.7174683213233948,-0.8887595534324646,0.9757763147354126,0.45746904611587524,0.7079139947891235,-0.9187060594558716,0.9389263391494751,0.547049880027771,0.7121893763542175,-0.7952889800071716,0.968975841999054,0.45045921206474304,0.7008093595504761,-0.8401614427566528,0.9295329451560974,0.5369390249252319,0.9780055284500122,-0.004884490743279457,0.8270027041435242,0.4122485816478729,0.9682163000106812,0.006088880356401205,0.8178611397743225,0.5391426682472229,1.361374855041504,0.12474633753299713,0.02303907833993435,0.40207186341285706,1.3559106588363647,0.12120494991540909,0.019646672531962395,0.5423117876052856,1.6992356777191162,0.5025494694709778,0.0011338653275743127,0.4111618101596832,1.6984959840774536,0.42047345638275146,0.0011702724732458591,0.5451841354370117,1.7507081031799316,0.5231075286865234,0.0006906811031512916,0.40848788619041443,1.7492883205413818,0.44108185172080994,0.0014466813299804926,0.5260805487632751,1.8129345178604126,0.23401089012622833,0.0006192733417265117,0.4358136057853699,1.815271258354187,0.13005739450454712,0.0022521100472658873,0.0,0.0,0.0,0.0,0.0,0.0,0.0,0.0,0.0,0.0,0.0,0.0,0.0,0.0,0.0,0.0,0.0,0.0,0.0,0.0,0.0,0.0,0.0,0.0,0.0,0.0,0.0,0.0,0.0,0.0,0.0,0.0,0.0,0.0,0.0,0.0,0.0,0.0,0.0,0.0,0.0,0.0,0.0,0.0,0.0,0.0,0.0,0.0,0.0,0.0,0.0,0.0,0.0,0.0,0.0,0.0,0.0,0.0,0.0,0.0,0.0,0.0,0.0,0.0,0.0,0.0,0.0,0.0,0.0,0.0,0.0,0.0,0.0,0.0,0.0,0.0,0.0,0.0,0.0,0.0,0.0,0.0,0.0,0.0,0.0,0.0,0.0,0.0,0.0,0.0,0.0,0.0,0.0,0.0,0.0,0.0,0.0,0.0,0.0,0.0,0.0,0.0,0.0,0.0,0.0,0.0,0.0,0.0,0.0,0.0,0.0,0.0,0.0,0.0,0.0,0.0,0.0,0.0,0.0,0.0,0.0,0.0,0.0,0.0,0.0,0.0
0.4799581468105316,0.24682249128818512,-0.68620765209198,0.9999791979789734,0.48961371183395386,0.2163919061422348,-0.6496745347976685,0.9999716877937317,0.4974309802055359,0.2166503518819809,-0.6497207880020142,0.9999679327011108,0.5048117637634277,0.21712319552898407,-0.6496390104293823,0.9999653100967407,0.4670411944389343,0.21604350209236145,-0.6540523171424866,0.9999755024909973,0.4589255452156067,0.21660901606082916,-0.6541547775268555,0.9999758005142212,0.45083680748939514,0.21717895567417145,-0.6543626189231873,0.9999767541885376,0.5142256021499634,0.23908233642578125,-0.3972921371459961,0.999956488609314,0.4393104314804077,0.24320779740810394,-0.4163799285888672,0.9999759197235107,0.496415913105011,0.291034072637558,-0.5910823345184326,0.9999908804893494,0.46711981296539307,0.2886074483394623,-0.5969200730323792,0.9999922513961792,0.5741786956787109,0.4745663106441498,-0.2193436175584793,0.9999406337738037,0.37830448150634766,0.47779643535614014,-0.2370423525571823,0.9998762011528015,0.6302890181541443,0.76326984167099,-0.32997438311576843,0.9958465099334717,0.3057435154914856,0.7654883861541748,-0.37846797704696655,0.9950730204582214,0.5683131814002991,0.7530597448348999,-0.7468758821487427,0.9924561381340027,0.40558865666389465,0.7353103756904602,-0.8096354007720947,0.9819462895393372,0.5414305329322815,0.7557501196861267,-0.8376719355583191,0.967644453048706,0.43785297870635986,0.7348657250404358,-0.8977944850921631,0.9350681304931641,0.5458005666732788,0.7267637252807617,-0.8443044424057007,0.9676299691200256,0.44563087821006775,0.70365971326828,-0.8916124701499939,0.9344749450683594,0.5510240197181702,0.7219237685203552,-0.7562541365623474,0.9597009420394897,0.437800794839859,0.70005863904953,-0.8119803071022034,0.9241543412208557,0.5357974767684937,0.979942262172699,-0.0038629849441349506,0.8366705775260925,0.41252338886260986,0.9693849682807922,0.005001188721507788,0.8302419185638428,0.5405462384223938,1.3610446453094482,0.13534359633922577,0.026001228019595146,0.40399667620658875,1.3564441204071045,0.11510232090950012,0.02214844897389412,0.547107994556427,1.699133276939392,0.5117800235748291,0.0013795503182336688,0.4168442189693451,1.7000961303710938,0.41199034452438354,0.001500251586548984,0.5505169630050659,1.750284194946289,0.5329962968826294,0.000822860689368099,0.41555503010749817,1.7504336833953857,0.4317125976085663,0.0017534783110022545,0.5298218727111816,1.8132312297821045,0.24951580166816711,0.0007594587514176965,0.43949759006500244,1.8173614740371704,0.12258925288915634,0.0027168849483132362,0.0,0.0,0.0,0.0,0.0,0.0,0.0,0.0,0.0,0.0,0.0,0.0,0.0,0.0,0.0,0.0,0.0,0.0,0.0,0.0,0.0,0.0,0.0,0.0,0.0,0.0,0.0,0.0,0.0,0.0,0.0,0.0,0.0,0.0,0.0,0.0,0.0,0.0,0.0,0.0,0.0,0.0,0.0,0.0,0.0,0.0,0.0,0.0,0.0,0.0,0.0,0.0,0.0,0.0,0.0,0.0,0.0,0.0,0.0,0.0,0.0,0.0,0.0,0.0,0.0,0.0,0.0,0.0,0.0,0.0,0.0,0.0,0.0,0.0,0.0,0.0,0.0,0.0,0.0,0.0,0.0,0.0,0.0,0.0,0.0,0.0,0.0,0.0,0.0,0.0,0.0,0.0,0.0,0.0,0.0,0.0,0.0,0.0,0.0,0.0,0.0,0.0,0.0,0.0,0.0,0.0,0.0,0.0,0.0,0.0,0.0,0.0,0.0,0.0,0.0,0.0,0.0,0.0,0.0,0.0,0.0,0.0,0.0,0.0,0.0,0.0
0.47937506437301636,0.24678872525691986,-0.6770201921463013,0.999976634979248,0.4888249337673187,0.21636906266212463,-0.6410824656486511,0.9999682307243347,0.49673327803611755,0.21660974621772766,-0.6411342024803162,0.9999641180038452,0.5040829181671143,0.2170943170785904,-0.6410402655601501,0.9999610781669617,0.4663514792919159,0.21605853736400604,-0.6456648707389832,0.9999728798866272,0.4585268795490265,0.2166835516691208,-0.6457777619361877,0.9999735951423645,0.45020854473114014,0.21730630099773407,-0.645991325378418,0.9999746680259705,0.5140485763549805,0.23936891555786133,-0.39059528708457947,0.999950647354126,0.43905746936798096,0.2435324788093567,-0.4099397659301758,0.999973475933075,0.4957372546195984,0.29105445742607117,-0.5827426910400391,0.9999898672103882,0.46653538942337036,0.2885912358760834,-0.5886361002922058,0.9999914169311523,0.5732376575469971,0.4735819101333618,-0.21530386805534363,0.9999365210533142,0.37937217950820923,0.47752127051353455,-0.23161090910434723,0.9998745918273926,0.630293607711792,0.7671278119087219,-0.3243957459926605,0.9956682920455933,0.3070421516895294,0.7620054483413696,-0.3709108233451843,0.9950242638587952,0.5487349629402161,0.7510393261909485,-0.7357764840126038,0.9913713335990906,0.4096129238605499,0.731188952922821,-0.8017966747283936,0.9812835454940796,0.5199981331825256,0.7565591931343079,-0.8261802196502686,0.9633521437644958,0.44285112619400024,0.7297112941741943,-0.8886212706565857,0.9320018291473389,0.5213919281959534,0.7261022925376892,-0.8271427154541016,0.9632892608642578,0.45222991704940796,0.6967615485191345,-0.8842346668243408,0.9309228658676147,0.5291669368743896,0.7195277214050293,-0.7427051663398743,0.9548003077507019,0.44398894906044006,0.6919675469398499,-0.8044682145118713,0.9203829765319824,0.5392258763313293,0.9777143597602844,-0.0034120501950383186,0.8422626256942749,0.4149654805660248,0.9694029688835144,0.004518128000199795,0.8379343152046204,0.5473313927650452,1.359194040298462,0.11774811148643494,0.028049353510141373,0.4131680130958557,1.3565994501113892,0.10424771159887314,0.023561231791973114,0.5537538528442383,1.6985310316085815,0.48545074462890625,0.0017011150484904647,0.4253678023815155,1.700842022895813,0.38509872555732727,0.0017973706126213074,0.5572282671928406,1.7489756345748901,0.5053141713142395,0.0010044296504929662,0.4238975942134857,1.7504348754882812,0.403065949678421,0.002180678304284811,0.5364402532577515,1.8136080503463745,0.21743124723434448,0.0008695508004166186,0.44701746106147766,1.8178297281265259,0.09524432569742203,0.003133695339784026,0.0,0.0,0.0,0.0,0.0,0.0,0.0,0.0,0.0,0.0,0.0,0.0,0.0,0.0,0.0,0.0,0.0,0.0,0.0,0.0,0.0,0.0,0.0,0.0,0.0,0.0,0.0,0.0,0.0,0.0,0.0,0.0,0.0,0.0,0.0,0.0,0.0,0.0,0.0,0.0,0.0,0.0,0.0,0.0,0.0,0.0,0.0,0.0,0.0,0.0,0.0,0.0,0.0,0.0,0.0,0.0,0.0,0.0,0.0,0.0,0.0,0.0,0.0,0.0,0.0,0.0,0.0,0.0,0.0,0.0,0.0,0.0,0.0,0.0,0.0,0.0,0.0,0.0,0.0,0.0,0.0,0.0,0.0,0.0,0.0,0.0,0.0,0.0,0.0,0.0,0.0,0.0,0.0,0.0,0.0,0.0,0.0,0.0,0.0,0.0,0.0,0.0,0.0,0.0,0.0,0.0,0.0,0.0,0.0,0.0,0.0,0.0,0.0,0.0,0.0,0.0,0.0,0.0,0.0,0.0,0.0,0.0,0.0,0.0,0.0,0.0
0.4800659418106079,0.24694770574569702,-0.6554010510444641,0.9999720454216003,0.489338219165802,0.21647430956363678,-0.6200506687164307,0.9999622106552124,0.49716460704803467,0.2168131321668625,-0.6201056838035583,0.9999570846557617,0.5043449401855469,0.21743249893188477,-0.620046079158783,0.9999533295631409,0.4667530059814453,0.21624420583248138,-0.6259547472000122,0.9999683499336243,0.4588659107685089,0.21700458228588104,-0.626079261302948,0.9999693632125854,0.4505120515823364,0.21774490177631378,-0.6263214349746704,0.9999710917472839,0.5136868357658386,0.2400943636894226,-0.3739240765571594,0.9999412894248962,0.43879178166389465,0.24402135610580444,-0.39285796880722046,0.9999696016311646,0.4966379404067993,0.29121437668800354,-0.5604636669158936,0.9999881386756897,0.46712571382522583,0.2887157201766968,-0.5677841901779175,0.9999901652336121,0.57243812084198,0.4725984036922455,-0.20129308104515076,0.9999275207519531,0.37843143939971924,0.4779062867164612,-0.22486598789691925,0.9998716115951538,0.626850962638855,0.7691975831985474,-0.3125895857810974,0.9953406453132629,0.3069118857383728,0.7674401998519897,-0.39335086941719055,0.9950960278511047,0.5337277054786682,0.7528274655342102,-0.7047102451324463,0.9896611571311951,0.42289942502975464,0.7131573557853699,-0.8234056830406189,0.9807915091514587,0.501142680644989,0.7626402974128723,-0.7900403738021851,0.9568580389022827,0.46176406741142273,0.7154176235198975,-0.9110113978385925,0.9288733005523682,0.49810758233070374,0.7286626696586609,-0.7870715260505676,0.9565667510032654,0.4728104770183563,0.6816889643669128,-0.9007810354232788,0.9271947741508484,0.5086495280265808,0.7197659015655518,-0.7096299529075623,0.946966290473938,0.4651392996311188,0.6764597296714783,-0.8238574266433716,0.9162955284118652,0.5395590662956238,0.9763874411582947,-0.003159827319905162,0.8537665605545044,0.41539302468299866,0.9697797894477844,0.004250560887157917,0.851525604724884,0.5447443127632141,1.3596774339675903,0.10687527060508728,0.03210782632231712,0.4100475609302521,1.357450246810913,0.11097266525030136,0.026830948889255524,0.550716757774353,1.6989797353744507,0.464668869972229,0.0020584622398018837,0.4220518469810486,1.7006841897964478,0.39336299896240234,0.0021692258305847645,0.554219126701355,1.7488491535186768,0.483523428440094,0.001213593757711351,0.4202031195163727,1.7499562501907349,0.41214239597320557,0.0026846625842154026,0.5332149267196655,1.8153467178344727,0.19395428895950317,0.0009784839348867536,0.4436005651950836,1.8181180953979492,0.11448243260383606,0.0035605363082140684,0.5130270719528198,0.7659647464752197,6.984659250974801e-08,0.4999541938304901,0.7316290140151978,-0.01258176751434803,0.4775586724281311,0.7144452333450317,-0.018023934215307236,0.4575718939304352,0.7080114483833313,-0.020467421039938927,0.44461676478385925,0.7142801284790039,-0.02077530324459076,0.46375513076782227,0.7712010145187378,-0.017860354855656624,0.4410519301891327,0.7331885099411011,-0.024534305557608604,0.4490962326526642,0.7173249125480652,-0.026714671403169632,0.45904213190078735,0.7177339792251587,-0.026605643332004547,0.4618564248085022,0.7911229729652405,-0.012276966124773026,0.4401073455810547,0.7508232593536377,-0.01670917123556137,0.44789430499076843,0.7351049780845642,-0.016748735681176186,0.457033634185791,0.7370972037315369,-0.016449760645627975,0.4613015055656433,0.8001343607902527,-0.0072416760958731174,0.44127321243286133,0.7626927495002747,-0.009759768843650818,0.44900426268577576,0.7501550912857056,-0.0073043666779994965,0.4580807387828827,0.7526500225067139,-0.005504335276782513,0.46120309829711914,0.8021416664123535,-0.003142334520816803,0.4443572759628296,0.772068202495575,-0.00429112184792757,0.44961613416671753,0.7599505186080933,-0.0022755067329853773,0.4571515619754791,0.7600565552711487,-0.0004537437343969941,0.0,0.0,0.0,0.0,0.0,0.0,0.0,0.0,0.0,0.0,0.0,0.0,0.0,0.0,0.0,0.0,0.0,0.0,0.0,0.0,0.0,0.0,0.0,0.0,0.0,0.0,0.0,0.0,0.0,0.0,0.0,0.0,0.0,0.0,0.0,0.0,0.0,0.0,0.0,0.0,0.0,0.0,0.0,0.0,0.0,0.0,0.0,0.0,0.0,0.0,0.0,0.0,0.0,0.0,0.0,0.0,0.0,0.0,0.0,0.0,0.0,0.0,0.0
0.4799318015575409,0.24732021987438202,-0.6671187877655029,0.9999712705612183,0.48940327763557434,0.2168181985616684,-0.6320227384567261,0.9999611377716064,0.49741804599761963,0.21738991141319275,-0.6320578455924988,0.9999558329582214,0.5047395825386047,0.21836715936660767,-0.6319500207901001,0.9999517798423767,0.46659642457962036,0.216617614030838,-0.6360528469085693,0.999967634677887,0.4588240385055542,0.21759973466396332,-0.6361685395240784,0.9999688267707825,0.4504469037055969,0.21852369606494904,-0.6363707184791565,0.999970555305481,0.5147138237953186,0.24150942265987396,-0.38125547766685486,0.9999399185180664,0.439748078584671,0.24503645300865173,-0.39685365557670593,0.999968945980072,0.49678000807762146,0.29164108633995056,-0.5723761320114136,0.9999879598617554,0.46708279848098755,0.28919342160224915,-0.5774977803230286,0.9999900460243225,0.574157178401947,0.4731753468513489,-0.21205003559589386,0.9999271035194397,0.3792659044265747,0.47900915145874023,-0.22047828137874603,0.999875545501709,0.6263350248336792,0.7706926465034485,-0.3156884014606476,0.9953457713127136,0.30822426080703735,0.7679603099822998,-0.3888070285320282,0.9952260255813599,0.5344921350479126,0.760351836681366,-0.7170868515968323,0.9895526766777039,0.4126335382461548,0.7157095670700073,-0.8470718264579773,0.9816088080406189,0.5019338726997375,0.772628128528595,-0.8051060438156128,0.9564251899719238,0.4519587457180023,0.7196299433708191,-0.9401913285255432,0.9309384822845459,0.5007864832878113,0.7356629371643066,-0.8013629913330078,0.9560148119926453,0.46097347140312195,0.6792970299720764,-0.9305757284164429,0.9290422201156616,0.5109569430351257,0.7263844013214111,-0.7216067910194397,0.9463886618614197,0.4524431824684143,0.6733036041259766,-0.8486785888671875,0.9184432625770569,0.538135290145874,0.9763832092285156,-0.00447026826441288,0.8640852570533752,0.4145740270614624,0.9698633551597595,0.005598692689090967,0.8628314733505249,0.5459076762199402,1.3609520196914673,0.1189972460269928,0.03319382667541504,0.41136598587036133,1.3592242002487183,0.11893096566200256,0.027286777272820473,0.5510393381118774,1.699445128440857,0.4939970374107361,0.002275200793519616,0.42299315333366394,1.7007406949996948,0.4241275191307068,0.002230494748800993,0.5544947981834412,1.7487155199050903,0.5145156979560852,0.0013676253147423267,0.42125779390335083,1.749022364616394,0.44470277428627014,0.0028295102529227734,0.533893346786499,1.8159457445144653,0.22346074879169464,0.001031926367431879,0.4443903863430023,1.8190516233444214,0.13579325377941132,0.003666921053081751,0.5112977623939514,0.7799512147903442,4.110126994305574e-08,0.49466782808303833,0.7411606907844543,-0.011484702117741108,0.47023385763168335,0.7245488166809082,-0.016090204939246178,0.4501643776893616,0.7229944467544556,-0.018323196098208427,0.43988192081451416,0.7373473048210144,-0.01844741404056549,0.45887085795402527,0.7891914248466492,-0.013837665319442749,0.4372822940349579,0.749481201171875,-0.020990997552871704,0.44969093799591064,0.7389038801193237,-0.024345148354768753,0.4606201648712158,0.7444328665733337,-0.025180645287036896,0.4587428867816925,0.8088774681091309,-0.009369959123432636,0.43730756640434265,0.7652477025985718,-0.015056057833135128,0.4483729898929596,0.7540271878242493,-0.016017572954297066,0.4585808515548706,0.7608646750450134,-0.015895549207925797,0.4595974385738373,0.8158971071243286,-0.005640774499624968,0.4398675262928009,0.7752798199653625,-0.008809222839772701,0.4496803879737854,0.7668032646179199,-0.006128760986030102,0.45895954966545105,0.772839367389679,-0.003862526500597596,0.4608096182346344,0.8160711526870728,-0.002928077010437846,0.44418951869010925,0.7842658162117004,-0.0036253740545362234,0.45177143812179565,0.7761349678039551,-0.0008557387045584619,0.4600434899330139,0.7793214917182922,0.001346837030723691,0.4052308201789856,0.6983751058578491,-1.7223113957243186e-07,0.42292481660842896,0.6619105935096741,-0.010457776486873627,0.4479238986968994,0.6469337344169617,-0.012290076352655888,0.4708062708377838,0.6390151381492615,-0.012346470728516579,0.48679834604263306,0.6366787552833557,-0.010650538839399815,0.4677477180957794,0.6936129331588745,-0.0021938481368124485,0.48914825916290283,0.6606844067573547,-0.004107974469661713,0.4785537123680115,0.6432359218597412,-0.006439464166760445,0.46788811683654785,0.6465278267860413,-0.007468524854630232,0.46824949979782104,0.701615571975708,0.0035916445776820183,0.48855164647102356,0.6672130227088928,0.0011509822215884924,0.4793475568294525,0.6503301858901978,-0.00220470386557281,0.4686080515384674,0.6530200242996216,-0.003863553749397397,0.46603670716285706,0.7024703621864319,0.008459494449198246,0.48566263914108276,0.6697621941566467,0.004924488719552755,0.4774516224861145,0.6546674966812134,0.0028862536419183016,0.46683773398399353,0.6581799983978271,0.0026881550438702106,0.46358469128608704,0.6984744668006897,0.012864760123193264,0.48000842332839966,0.6691197752952576,0.01020723581314087,0.4744396507740021,0.6580185294151306,0.010160581208765507,0.46650782227516174,0.6626394391059875,0.01134785171598196
0.47928979992866516,0.24724383652210236,-0.6795922517776489,0.9999717473983765,0.48910707235336304,0.21675404906272888,-0.6436367630958557,0.9999619722366333,0.4971471428871155,0.2172275334596634,-0.6436665654182434,0.9999566674232483,0.5047415494918823,0.21804066002368927,-0.643558919429779,0.9999526739120483,0.465890109539032,0.21663407981395721,-0.6473363637924194,0.9999682903289795,0.45786985754966736,0.2176647186279297,-0.64743971824646,0.999969482421875,0.44931161403656006,0.21866115927696228,-0.6476582288742065,0.9999711513519287,0.5154544115066528,0.24100686609745026,-0.38434311747550964,0.9999417066574097,0.4391748607158661,0.2453574538230896,-0.3995200991630554,0.9999696612358093,0.4967334568500519,0.2916148900985718,-0.5818731188774109,0.9999884366989136,0.46652424335479736,0.2892063558101654,-0.5866702198982239,0.9999903440475464,0.5759576559066772,0.47299548983573914,-0.205731600522995,0.9999304413795471,0.37983718514442444,0.47666892409324646,-0.21949107944965363,0.9998819231987,0.6243449449539185,0.7678250074386597,-0.3141259551048279,0.9954766631126404,0.3114749491214752,0.7640206813812256,-0.3991069793701172,0.9954361915588379,0.5377767086029053,0.764893114566803,-0.711121678352356,0.9896476864814758,0.4040173590183258,0.7121649384498596,-0.8772285580635071,0.9824474453926086,0.5085341930389404,0.787470817565918,-0.7984389066696167,0.9567793011665344,0.43990376591682434,0.7147402763366699,-0.9726492166519165,0.9332701563835144,0.5074054002761841,0.7517367005348206,-0.7993667721748352,0.9564028382301331,0.4496927261352539,0.6704164743423462,-0.9658830761909485,0.9312675595283508,0.5178508162498474,0.7388308644294739,-0.7172048091888428,0.9466694593429565,0.44084277749061584,0.6662265062332153,-0.8805606961250305,0.9210629463195801,0.5405380725860596,0.9753255248069763,-0.004793462343513966,0.87493497133255,0.416220098733902,0.9703188538551331,0.0059065124951303005,0.8746042251586914,0.5493771433830261,1.3610299825668335,0.1148199513554573,0.034862905740737915,0.4149373471736908,1.3593775033950806,0.11873046308755875,0.028471849858760834,0.5533155798912048,1.6996947526931763,0.49258172512054443,0.0024567649234086275,0.4255627989768982,1.700867772102356,0.4315808117389679,0.0023701596073806286,0.5565282702445984,1.748801350593567,0.5126838088035583,0.00146833888720721,0.4238467812538147,1.7491422891616821,0.45279091596603394,0.003064049407839775,0.5358695983886719,1.8161247968673706,0.2159063071012497,0.0010795423295348883,0.4463234543800354,1.8186734914779663,0.1382647156715393,0.003827745793387294,0.5101603269577026,0.7902422547340393,1.8628981024448876e-07,0.4958137571811676,0.7607715725898743,-0.011463179253041744,0.4740719795227051,0.7465910911560059,-0.014959707856178284,0.4538794159889221,0.7417598962783813,-0.015820758417248726,0.44075921177864075,0.7504593729972839,-0.015325423330068588,0.46205225586891174,0.8039760589599609,-0.010866185650229454,0.442721426486969,0.7779244184494019,-0.014823487028479576,0.4427269697189331,0.7599215507507324,-0.017569461837410927,0.44537073373794556,0.7518453001976013,-0.018519366160035133,0.45967328548431396,0.8204035758972168,-0.004967838525772095,0.4414511024951935,0.7930641770362854,-0.006956647150218487,0.4426004886627197,0.7726456522941589,-0.008494245819747448,0.4471733570098877,0.7636081576347351,-0.009350703097879887,0.4594078063964844,0.8265688419342041,0.0003839677956420928,0.44269466400146484,0.8013944625854492,-0.0010027081007137895,0.44505956768989563,0.784044623374939,-0.0011642895406112075,0.45063528418540955,0.7773727774620056,-0.000892039795871824,0.4598221182823181,0.8267533779144287,0.004888607654720545,0.44559481739997864,0.8072720766067505,0.003688882337883115,0.44668465852737427,0.7924098968505859,0.004115869756788015,0.4518403112888336,0.7858458757400513,0.00527843926101923,0.410970002412796,0.6897644400596619,-1.623568834929756e-07,0.42660969495773315,0.649131715297699,-0.010287200100719929,0.44952765107154846,0.6328849792480469,-0.013251451775431633,0.4715380072593689,0.6251773834228516,-0.013919277116656303,0.4873807728290558,0.6241777539253235,-0.012953180819749832,0.46551254391670227,0.6903764605522156,-0.009211518801748753,0.48624980449676514,0.651920735836029,-0.010387822054326534,0.47627925872802734,0.6359927654266357,-0.010524195618927479,0.46683797240257263,0.6403768658638,-0.01031044963747263,0.4671458303928375,0.7037436962127686,-0.0034301739651709795,0.48506709933280945,0.6610132455825806,-0.005251723807305098,0.4762377440929413,0.6462023258209229,-0.006568107288330793,0.46707838773727417,0.6506257653236389,-0.007480398286134005,0.466246098279953,0.7078325748443604,0.002120319288223982,0.4837064743041992,0.6672648787498474,-0.00031612670863978565,0.47602570056915283,0.6535053253173828,-0.0005863503902219236,0.46656763553619385,0.6579869389533997,-0.00041603005956858397,0.4654497802257538,0.7048773169517517,0.007278260309249163,0.4787730872631073,0.6728757619857788,0.004403143655508757,0.47320321202278137,0.6619898080825806,0.004234048072248697,0.4661003053188324,0.6661827564239502,0.004907089751213789
0.47811079025268555,0.2470501959323883,-0.6839438676834106,0.9999728202819824,0.48802343010902405,0.21649378538131714,-0.6497144103050232,0.9999637007713318,0.49629324674606323,0.21677811443805695,-0.6497282385826111,0.9999586343765259,0.5039300322532654,0.21731404960155487,-0.6496063470840454,0.9999548196792603,0.46435898542404175,0.2165703922510147,-0.6515306234359741,0.9999696016311646,0.45647671818733215,0.21757787466049194,-0.651618242263794,0.9999706745147705,0.44754087924957275,0.2185620367527008,-0.6518145203590393,0.9999722242355347,0.5152561664581299,0.23951925337314606,-0.3965918719768524,0.9999447464942932,0.4380117654800415,0.2453133761882782,-0.4033180773258209,0.9999707937240601,0.4953947961330414,0.29137593507766724,-0.5886405110359192,0.9999890327453613,0.4648716151714325,0.2890527844429016,-0.5910805463790894,0.9999907612800598,0.5761668682098389,0.47239720821380615,-0.22475223243236542,0.999933660030365,0.38033542037010193,0.4731864035129547,-0.22093133628368378,0.9998884797096252,0.6234145760536194,0.7716270685195923,-0.32894212007522583,0.9956914782524109,0.3124784827232361,0.7611628174781799,-0.40274256467819214,0.9956777095794678,0.5307918190956116,0.7659680247306824,-0.7323744297027588,0.9901683330535889,0.4104996621608734,0.6981331706047058,-0.8915720582008362,0.983500063419342,0.4968297779560089,0.7841853499412537,-0.8200840353965759,0.9584218263626099,0.44792869687080383,0.6945332884788513,-0.9891823530197144,0.936070442199707,0.5011882781982422,0.7363998889923096,-0.8196112513542175,0.9579364061355591,0.45603930950164795,0.6530919671058655,-0.9790782332420349,0.9338943958282471,0.5084444284439087,0.7334558963775635,-0.7369571924209595,0.9485995173454285,0.44797125458717346,0.6500945091247559,-0.8939592838287354,0.9241871237754822,0.5398563146591187,0.9721969962120056,-0.007647754158824682,0.8876307606697083,0.4150899648666382,0.9705237746238708,0.008763940073549747,0.8876110315322876,0.5465423464775085,1.3611881732940674,0.12050154060125351,0.036445505917072296,0.41216978430747986,1.3596075773239136,0.1387007087469101,0.030122829601168633,0.5496379137039185,1.700393795967102,0.5034498572349548,0.0025912888813763857,0.42277273535728455,1.701090931892395,0.46541330218315125,0.002404875122010708,0.5529912114143372,1.7496594190597534,0.5243698358535767,0.001567714149132371,0.42104238271713257,1.749604344367981,0.4882616698741913,0.0031907239463180304,0.5318750143051147,1.8169405460357666,0.22686327993869781,0.0010947647970169783,0.44350939989089966,1.8189228773117065,0.17340731620788574,0.003870499087497592,0.0,0.0,0.0,0.0,0.0,0.0,0.0,0.0,0.0,0.0,0.0,0.0,0.0,0.0,0.0,0.0,0.0,0.0,0.0,0.0,0.0,0.0,0.0,0.0,0.0,0.0,0.0,0.0,0.0,0.0,0.0,0.0,0.0,0.0,0.0,0.0,0.0,0.0,0.0,0.0,0.0,0.0,0.0,0.0,0.0,0.0,0.0,0.0,0.0,0.0,0.0,0.0,0.0,0.0,0.0,0.0,0.0,0.0,0.0,0.0,0.0,0.0,0.0,0.40742814540863037,0.68434077501297,-1.7751544589827972e-07,0.4242084324359894,0.6418308615684509,-0.011083236895501614,0.44778120517730713,0.6256393194198608,-0.014434094540774822,0.4702474772930145,0.617882251739502,-0.015015175566077232,0.48582425713539124,0.6152448058128357,-0.013962766155600548,0.46477800607681274,0.6852477192878723,-0.01240609958767891,0.4858296513557434,0.6418131589889526,-0.01308054942637682,0.4751068949699402,0.6261464357376099,-0.012492788024246693,0.4656071662902832,0.631176233291626,-0.011886482127010822,0.4662456810474396,0.6990596055984497,-0.005896415561437607,0.4847555160522461,0.6524118185043335,-0.007742052897810936,0.4750397205352783,0.6381326913833618,-0.008647496812045574,0.46532490849494934,0.6432601809501648,-0.009348071180284023,0.46477484703063965,0.7028597593307495,0.0006877835257910192,0.4821547567844391,0.65958172082901,-0.0020399459172040224,0.47368982434272766,0.6464697122573853,-0.0021312921307981014,0.4634430706501007,0.6518312692642212,-0.0018510946538299322,0.4632425606250763,0.6992194056510925,0.006949291564524174,0.4766210615634918,0.6653258204460144,0.003357581328600645,0.4701179265975952,0.6563177108764648,0.0032349617686122656,0.4621259272098541,0.6624653339385986,0.004096255637705326
0.47649478912353516,0.2464686930179596,-0.6817907691001892,0.999972403049469,0.4869788587093353,0.21603389084339142,-0.6506946682929993,0.9999632239341736,0.4953119456768036,0.21614006161689758,-0.6506878733634949,0.9999580383300781,0.5030984282493591,0.21648433804512024,-0.6505793929100037,0.9999541640281677,0.4630476236343384,0.21637938916683197,-0.6496012210845947,0.9999694228172302,0.45518648624420166,0.21730321645736694,-0.6497032642364502,0.999970555305481,0.4464886784553528,0.218275785446167,-0.6498972773551941,0.9999722838401794,0.5147691965103149,0.23864276707172394,-0.41411644220352173,0.9999446868896484,0.4371587932109833,0.24517036974430084,-0.40671199560165405,0.9999704360961914,0.4939172565937042,0.29110386967658997,-0.5925735831260681,0.9999890923500061,0.4635043144226074,0.2888278365135193,-0.5910614132881165,0.9999907612800598,0.576844334602356,0.4727809429168701,-0.25930044054985046,0.999931275844574,0.379510760307312,0.4742202162742615,-0.22477735579013824,0.9998925924301147,0.6210248470306396,0.7830960154533386,-0.37329086661338806,0.9956825375556946,0.31441444158554077,0.7687553763389587,-0.3996175527572632,0.9957367777824402,0.5077696442604065,0.7511662244796753,-0.7526422142982483,0.9896889925003052,0.4066825807094574,0.6990630030632019,-0.8709393739700317,0.9835014939308167,0.4680032730102539,0.7578446269035339,-0.8333985805511475,0.956356406211853,0.4437965750694275,0.6891882419586182,-0.9656820893287659,0.9351633787155151,0.46867889165878296,0.7184301614761353,-0.8250740766525269,0.9556527733802795,0.450373113155365,0.6477971076965332,-0.9504991173744202,0.9326208233833313,0.47786372900009155,0.7091349959373474,-0.7525222301483154,0.9458573460578918,0.44002002477645874,0.6484358310699463,-0.871529221534729,0.922722339630127,0.5404094457626343,0.9722517132759094,-0.01236015371978283,0.895902693271637,0.4145141839981079,0.9698857069015503,0.013423348776996136,0.8971685171127319,0.5423347353935242,1.3612335920333862,0.1117536723613739,0.040354564785957336,0.40877649188041687,1.3602224588394165,0.1442212164402008,0.03393908217549324,0.546424925327301,1.7006516456604004,0.48281729221343994,0.003155149519443512,0.41920801997184753,1.7010581493377686,0.4594002366065979,0.0027304338291287422,0.5500011444091797,1.750065803527832,0.5034953355789185,0.001893415697850287,0.41784897446632385,1.7495286464691162,0.48132970929145813,0.003703898983076215,0.5284785628318787,1.817406415939331,0.21262231469154358,0.0012371590128168464,0.43810635805130005,1.819598913192749,0.1759711652994156,0.00430504372343421,0.0,0.0,0.0,0.0,0.0,0.0,0.0,0.0,0.0,0.0,0.0,0.0,0.0,0.0,0.0,0.0,0.0,0.0,0.0,0.0,0.0,0.0,0.0,0.0,0.0,0.0,0.0,0.0,0.0,0.0,0.0,0.0,0.0,0.0,0.0,0.0,0.0,0.0,0.0,0.0,0.0,0.0,0.0,0.0,0.0,0.0,0.0,0.0,0.0,0.0,0.0,0.0,0.0,0.0,0.0,0.0,0.0,0.0,0.0,0.0,0.0,0.0,0.0,0.40749624371528625,0.6802762150764465,-1.821045572114599e-07,0.4231868386268616,0.6357727646827698,-0.011277629993855953,0.4463404417037964,0.6175900101661682,-0.014979121275246143,0.46848538517951965,0.6085633635520935,-0.01583465002477169,0.48397836089134216,0.6052531599998474,-0.015046067535877228,0.46457958221435547,0.6769475936889648,-0.013129397295415401,0.4843515455722809,0.6325250267982483,-0.013618191704154015,0.4731585383415222,0.6179118156433105,-0.012714781798422337,0.4635944068431854,0.6231634616851807,-0.011964160948991776,0.46661829948425293,0.6922014355659485,-0.006545177660882473,0.4836026430130005,0.6435850858688354,-0.008229287341237068,0.4733649790287018,0.6307548880577087,-0.00886402279138565,0.4637494683265686,0.6366478800773621,-0.009487571194767952,0.4653388559818268,0.697576105594635,0.0001864508813014254,0.48137882351875305,0.6521610021591187,-0.0023096411023288965,0.4724547564983368,0.6400845050811768,-0.0020976392552256584,0.46223172545433044,0.6460751891136169,-0.0017659513978287578,0.46363547444343567,0.6950069665908813,0.00657473923638463,0.47576406598091125,0.6599501967430115,0.003063309472054243,0.46898239850997925,0.6511126160621643,0.002959608333185315,0.46135279536247253,0.6576325297355652,0.0037502378690987825
0.47666579484939575,0.24520769715309143,-0.6962317824363708,0.9999716877937317,0.48768553137779236,0.2153817117214203,-0.6643845438957214,0.9999626874923706,0.4959256947040558,0.21538211405277252,-0.6643827557563782,0.9999570846557617,0.503994345664978,0.21566151082515717,-0.6642754077911377,0.9999533295631409,0.46379736065864563,0.21587498486042023,-0.6627025604248047,0.9999691247940063,0.45517492294311523,0.2166765034198761,-0.6628108620643616,0.9999700784683228,0.4467278718948364,0.21747986972332,-0.6630132794380188,0.9999721050262451,0.5154101848602295,0.23795866966247559,-0.42350512742996216,0.9999436736106873,0.4364991784095764,0.24456340074539185,-0.4139108955860138,0.9999696016311646,0.4941694140434265,0.29070180654525757,-0.6046105027198792,0.9999889731407166,0.4630841314792633,0.28849056363105774,-0.6028056740760803,0.9999905824661255,0.5763890147209167,0.4716063141822815,-0.2626265585422516,0.9999274611473083,0.37974783778190613,0.47221365571022034,-0.2308114469051361,0.9998925924301147,0.6194336414337158,0.7871360182762146,-0.3736113905906677,0.9956634044647217,0.3150085210800171,0.7694228291511536,-0.40711888670921326,0.9958624839782715,0.5111126899719238,0.7561648488044739,-0.7571145296096802,0.9893898367881775,0.40749719738960266,0.6983256340026855,-0.8979863524436951,0.9834981560707092,0.47071635723114014,0.768112063407898,-0.8399059772491455,0.9547265768051147,0.4442516267299652,0.690537691116333,-0.994843602180481,0.9340669512748718,0.4751998484134674,0.7307643294334412,-0.8339906334877014,0.9537390470504761,0.452357679605484,0.6485857367515564,-0.9828576445579529,0.9312105178833008,0.48383045196533203,0.7207387685775757,-0.7582708597183228,0.9435948729515076,0.44168442487716675,0.648555338382721,-0.9001185297966003,0.9210664629936218,0.5387827754020691,0.9719381928443909,-0.01902146078646183,0.9047790765762329,0.4147782325744629,0.9688770174980164,0.0200799610465765,0.9062361717224121,0.5422032475471497,1.3609158992767334,0.10580899566411972,0.0442982092499733,0.40790489315986633,1.359519600868225,0.1636396050453186,0.03805537894368172,0.544918417930603,1.6995702981948853,0.4937158524990082,0.003447921248152852,0.4187524914741516,1.6994894742965698,0.5020188093185425,0.0029517156071960926,0.5478794574737549,1.749216079711914,0.5152754187583923,0.0019984727259725332,0.41755780577659607,1.7479866743087769,0.5262612104415894,0.00404983339831233,0.5277683734893799,1.8158904314041138,0.21650083363056183,0.0013204733841121197,0.43784910440444946,1.8175116777420044,0.21677561104297638,0.004608151037245989,0.0,0.0,0.0,0.0,0.0,0.0,0.0,0.0,0.0,0.0,0.0,0.0,0.0,0.0,0.0,0.0,0.0,0.0,0.0,0.0,0.0,0.0,0.0,0.0,0.0,0.0,0.0,0.0,0.0,0.0,0.0,0.0,0.0,0.0,0.0,0.0,0.0,0.0,0.0,0.0,0.0,0.0,0.0,0.0,0.0,0.0,0.0,0.0,0.0,0.0,0.0,0.0,0.0,0.0,0.0,0.0,0.0,0.0,0.0,0.0,0.0,0.0,0.0,0.4101324677467346,0.6723794937133789,-1.667538072069874e-07,0.4243572950363159,0.6293651461601257,-0.009786693379282951,0.4449021518230438,0.6101785898208618,-0.013656191527843475,0.46574974060058594,0.6005045175552368,-0.01542297750711441,0.4816281199455261,0.597270667552948,-0.015593022108078003,0.4625149071216583,0.666728138923645,-0.011017109267413616,0.48230719566345215,0.6257550120353699,-0.012879731133580208,0.4716835021972656,0.6125671863555908,-0.013163773342967033,0.46232521533966064,0.6185949444770813,-0.013034052215516567,0.4654443562030792,0.6819245219230652,-0.006127998232841492,0.4830639362335205,0.6374550461769104,-0.008325993083417416,0.4739340841770172,0.6253920793533325,-0.009287925437092781,0.4647024869918823,0.6315523982048035,-0.010039085522294044,0.46512657403945923,0.6887570023536682,-0.0013192914193496108,0.4812316596508026,0.6467172503471375,-0.003882304998114705,0.47307002544403076,0.635570228099823,-0.003367182333022356,0.46369218826293945,0.6417034268379211,-0.002840648405253887,0.4641822874546051,0.6882148385047913,0.003090571379289031,0.476348340511322,0.6562003493309021,-1.541998608445283e-05,0.47013944387435913,0.647646963596344,0.00034941468038596213,0.46302545070648193,0.6536568999290466,0.0013357336865738034
0.4739331007003784,0.24430055916309357,-0.6900156736373901,0.9999704360961914,0.4856571555137634,0.21481846272945404,-0.6566212177276611,0.9999616146087646,0.4942745566368103,0.21462461352348328,-0.6566234230995178,0.999955415725708,0.5026023387908936,0.21491125226020813,-0.6565107703208923,0.9999518394470215,0.4616551995277405,0.215145543217659,-0.6565829515457153,0.9999682903289795,0.45349031686782837,0.21550911664962769,-0.6566857695579529,0.9999691247940063,0.44508448243141174,0.21581244468688965,-0.6568965315818787,0.9999715685844421,0.5156243443489075,0.2374798208475113,-0.4127868413925171,0.9999415278434753,0.4360000789165497,0.2424352616071701,-0.4110492169857025,0.9999688863754272,0.49116620421409607,0.2902904450893402,-0.5979139804840088,0.9999886155128479,0.460204541683197,0.28758639097213745,-0.5980126261711121,0.9999902844429016,0.5763078331947327,0.4708445966243744,-0.25435349345207214,0.999923825263977,0.3797154724597931,0.4723181128501892,-0.22909194231033325,0.9998923540115356,0.6197964549064636,0.7894680500030518,-0.37545865774154663,0.9956997632980347,0.3178616166114807,0.7674508690834045,-0.39929983019828796,0.9959723353385925,0.5076838731765747,0.7538307905197144,-0.7560872435569763,0.9892551898956299,0.4083089828491211,0.696792483329773,-0.883330225944519,0.9832495450973511,0.4694630801677704,0.7657553553581238,-0.840682327747345,0.9538918137550354,0.4459649324417114,0.6905121803283691,-0.9805763959884644,0.9323792457580566,0.4708910882472992,0.7311902642250061,-0.8351457118988037,0.9527328610420227,0.45258429646492004,0.6487115025520325,-0.9687711000442505,0.9293964505195618,0.48206326365470886,0.7197145819664001,-0.758068323135376,0.9423969984054565,0.44227391481399536,0.647680938243866,-0.8856226801872253,0.9191884398460388,0.5394226312637329,0.9733362197875977,-0.017041414976119995,0.9128220677375793,0.4152434170246124,0.969866156578064,0.018183737993240356,0.9143632054328918,0.5443863272666931,1.362237572669983,0.11892097443342209,0.04687408730387688,0.410305917263031,1.3618545532226562,0.154971644282341,0.04096950590610504,0.5490128993988037,1.7025552988052368,0.5067226886749268,0.0035415482707321644,0.42311593890190125,1.700499415397644,0.48452335596084595,0.003001755103468895,0.5526010990142822,1.753111720085144,0.5285671353340149,0.0020455748308449984,0.42206746339797974,1.7489972114562988,0.5079606175422668,0.00416670273989439,0.5313475131988525,1.8188626766204834,0.23169727623462677,0.0013435593573376536,0.44319671392440796,1.8200396299362183,0.19695374369621277,0.004670376889407635,0.0,0.0,0.0,0.0,0.0,0.0,0.0,0.0,0.0,0.0,0.0,0.0,0.0,0.0,0.0,0.0,0.0,0.0,0.0,0.0,0.0,0.0,0.0,0.0,0.0,0.0,0.0,0.0,0.0,0.0,0.0,0.0,0.0,0.0,0.0,0.0,0.0,0.0,0.0,0.0,0.0,0.0,0.0,0.0,0.0,0.0,0.0,0.0,0.0,0.0,0.0,0.0,0.0,0.0,0.0,0.0,0.0,0.0,0.0,0.0,0.0,0.0,0.0,0.40972909331321716,0.6701125502586365,-1.667669948801631e-07,0.42248624563217163,0.624674379825592,-0.010251389816403389,0.44326701760292053,0.605147659778595,-0.014275004155933857,0.4644888937473297,0.5954090356826782,-0.015943344682455063,0.4801206886768341,0.5907067060470581,-0.016020042821764946,0.46135973930358887,0.6624466180801392,-0.013567788526415825,0.4815921187400818,0.6191062927246094,-0.01525978185236454,0.4704831540584564,0.6065443754196167,-0.014713248237967491,0.46129298210144043,0.6137704253196716,-0.014066968113183975,0.4643481969833374,0.6781354546546936,-0.008389260619878769,0.4827457070350647,0.6313095092773438,-0.011521671898663044,0.4728725254535675,0.6184401512145996,-0.01210062112659216,0.46365422010421753,0.625586748123169,-0.012362136505544186,0.464131623506546,0.6838913559913635,-0.0031086746603250504,0.4816829562187195,0.6399832367897034,-0.0070264930836856365,0.47361424565315247,0.6280137300491333,-0.006626433692872524,0.4642735719680786,0.6353925466537476,-0.0057692076079547405,0.46360069513320923,0.6813409924507141,0.0018887619953602552,0.47711673378944397,0.6465902924537659,-0.0028041230980306864,0.4706655442714691,0.6379296183586121,-0.0028976809699088335,0.46285414695739746,0.6457135081291199,-0.001900387811474502
0.47400596737861633,0.24340882897377014,-0.7169169187545776,0.9999696016311646,0.48569634556770325,0.21404796838760376,-0.6854905486106873,0.9999608993530273,0.49436476826667786,0.21365533769130707,-0.6854497194290161,0.9999541640281677,0.5027514696121216,0.2139335721731186,-0.6853139400482178,0.999950647354126,0.4615006744861603,0.21445339918136597,-0.6822258830070496,0.9999678730964661,0.45331403613090515,0.2144770324230194,-0.6823163628578186,0.9999685883522034,0.4447233974933624,0.21453158557415009,-0.682519793510437,0.9999713897705078,0.5156501531600952,0.23661111295223236,-0.43877071142196655,0.9999399781227112,0.43554842472076416,0.24064292013645172,-0.42505204677581787,0.9999685883522034,0.49154117703437805,0.2897703945636749,-0.6247531771659851,0.999988317489624,0.46020376682281494,0.2867727279663086,-0.6206201314926147,0.9999899864196777,0.5757269263267517,0.46957409381866455,-0.27071693539619446,0.9999188780784607,0.37938621640205383,0.47012031078338623,-0.23756669461727142,0.9998920559883118,0.6167064309120178,0.7878842949867249,-0.3678306043148041,0.9955803155899048,0.31760260462760925,0.765127420425415,-0.42024168372154236,0.9960834980010986,0.5061322450637817,0.7626852989196777,-0.7059815526008606,0.9881839156150818,0.40768542885780334,0.7004925608634949,-0.9110146164894104,0.9826318621635437,0.4661761224269867,0.7750117778778076,-0.7831834554672241,0.949341356754303,0.4440182149410248,0.6938365697860718,-1.008028507232666,0.9291009306907654,0.4687131941318512,0.7335211038589478,-0.7761285305023193,0.9479548335075378,0.4500347375869751,0.6489416360855103,-0.9964610934257507,0.9258601665496826,0.47810086607933044,0.727229654788971,-0.7064534425735474,0.9368211627006531,0.43998900055885315,0.6482888460159302,-0.9134130477905273,0.9153975248336792,0.5393446087837219,0.9726758003234863,-0.018088024109601974,0.9174400568008423,0.41541343927383423,0.9704082608222961,0.019269388169050217,0.9197633862495422,0.5439992547035217,1.364039421081543,0.12536361813545227,0.04680091515183449,0.4081302583217621,1.3640401363372803,0.16054947674274445,0.04143408313393593,0.5478420853614807,1.7045317888259888,0.5287452936172485,0.003528668312355876,0.4204464256763458,1.7026511430740356,0.5059292912483215,0.002984120510518551,0.5514453053474426,1.7552181482315063,0.5517461895942688,0.002034340053796768,0.41941654682159424,1.7516512870788574,0.53095942735672,0.004227417521178722,0.5298956036567688,1.8221418857574463,0.24834640324115753,0.0013432215200737119,0.4405631124973297,1.8235819339752197,0.21197928488254547,0.004692536313086748,0.0,0.0,0.0,0.0,0.0,0.0,0.0,0.0,0.0,0.0,0.0,0.0,0.0,0.0,0.0,0.0,0.0,0.0,0.0,0.0,0.0,0.0,0.0,0.0,0.0,0.0,0.0,0.0,0.0,0.0,0.0,0.0,0.0,0.0,0.0,0.0,0.0,0.0,0.0,0.0,0.0,0.0,0.0,0.0,0.0,0.0,0.0,0.0,0.0,0.0,0.0,0.0,0.0,0.0,0.0,0.0,0.0,0.0,0.0,0.0,0.0,0.0,0.0,0.4114297330379486,0.6649589538574219,-1.438773438167118e-07,0.42301008105278015,0.6202811598777771,-0.010472956113517284,0.44241365790367126,0.6010677814483643,-0.014599593356251717,0.46342095732688904,0.5915252566337585,-0.0163029283285141,0.4791198670864105,0.5853868126869202,-0.016422942280769348,0.46033987402915955,0.6575730443000793,-0.013904452323913574,0.48071128129959106,0.616030216217041,-0.015434901230037212,0.4706692695617676,0.6027335524559021,-0.014608403667807579,0.4615083336830139,0.6095119714736938,-0.0137483524158597,0.463547945022583,0.6730504631996155,-0.008577943779528141,0.4817739725112915,0.6282401084899902,-0.01123637706041336,0.47291839122772217,0.6144270300865173,-0.011618193238973618,0.4639817476272583,0.6209046244621277,-0.011956622824072838,0.4635266065597534,0.6790280938148499,-0.003214295255020261,0.48109492659568787,0.637031078338623,-0.006709076929837465,0.4738032817840576,0.6243416666984558,-0.00633191829547286,0.4646424949169159,0.630994975566864,-0.005692599341273308,0.46338075399398804,0.6770334243774414,0.001840669079683721,0.4768466651439667,0.6436339616775513,-0.0023997705429792404,0.470976322889328,0.6344163417816162,-0.002484227530658245,0.4636160433292389,0.641555666923523,-0.001689279917627573
0.4734590947628021,0.24238857626914978,-0.688620388507843,0.9999686479568481,0.4851588010787964,0.21321424841880798,-0.6562889218330383,0.99996018409729,0.4937893748283386,0.2127065360546112,-0.6562685370445251,0.9999529719352722,0.5021448135375977,0.21283285319805145,-0.6561322808265686,0.9999496340751648,0.4608907997608185,0.21344618499279022,-0.6545731425285339,0.9999672770500183,0.4528263807296753,0.21319662034511566,-0.6546480059623718,0.9999677538871765,0.44416362047195435,0.21323131024837494,-0.6548665165901184,0.9999709129333496,0.5152512192726135,0.23557475209236145,-0.4137064218521118,0.9999388456344604,0.43515926599502563,0.23913514614105225,-0.4035666286945343,0.9999679327011108,0.49125251173973083,0.28908994793891907,-0.597156286239624,0.9999881982803345,0.4599151611328125,0.28561264276504517,-0.5952215790748596,0.9999898672103882,0.5755591988563538,0.4694851338863373,-0.2552342712879181,0.9999174475669861,0.37834009528160095,0.46944287419319153,-0.2238890379667282,0.9998931288719177,0.6139499545097351,0.7838335633277893,-0.35158219933509827,0.9955477118492126,0.3169766366481781,0.7637961506843567,-0.4082353413105011,0.9961550235748291,0.5084728598594666,0.7706071734428406,-0.6964020133018494,0.9875686168670654,0.4049779772758484,0.6994102001190186,-0.896955132484436,0.9820072054862976,0.47204461693763733,0.7880896329879761,-0.774490475654602,0.9473000168800354,0.4420671761035919,0.6934491991996765,-0.9935049414634705,0.9269764423370361,0.4716372787952423,0.7626904249191284,-0.7710942029953003,0.9457997679710388,0.44897523522377014,0.65204256772995,-0.9821736216545105,0.9237077236175537,0.482692152261734,0.742002546787262,-0.6986287236213684,0.9345329403877258,0.43946313858032227,0.65062016248703,-0.899679958820343,0.9135027527809143,0.5383699536323547,0.9765386581420898,-0.01699686422944069,0.9240262508392334,0.41479170322418213,0.9724895358085632,0.018209684640169144,0.9262699484825134,0.5434533357620239,1.3642197847366333,0.12374747544527054,0.04656008258461952,0.4082241654396057,1.3633919954299927,0.16716240346431732,0.04196495935320854,0.5464316606521606,1.7050894498825073,0.5227721929550171,0.003374923951923847,0.41981756687164307,1.7023106813430786,0.5218673944473267,0.002890931908041239,0.5498586893081665,1.7556664943695068,0.5455678105354309,0.0019512138096615672,0.418575257062912,1.7511518001556396,0.5479834675788879,0.004127866122871637,0.5283747911453247,1.8219640254974365,0.2453256994485855,0.0013013503048568964,0.4397052228450775,1.8227918148040771,0.2335328608751297,0.004552592523396015,0.4981202781200409,0.8187723159790039,6.302188992890478e-09,0.4769577980041504,0.7947039008140564,-0.014444327913224697,0.4507690370082855,0.7847898602485657,-0.018832342699170113,0.4293453097343445,0.7765734195709229,-0.020053455606102943,0.4172056019306183,0.7804754376411438,-0.018263282254338264,0.4369073808193207,0.8518503308296204,-0.012539413757622242,0.41517603397369385,0.8040359020233154,-0.01783054880797863,0.4284099340438843,0.7903928756713867,-0.019999565556645393,0.4387933015823364,0.7958862781524658,-0.020512627437710762,0.4370526075363159,0.8615756034851074,-0.0057366075925529,0.4179138243198395,0.8094416260719299,-0.010593882761895657,0.4298892021179199,0.7974554300308228,-0.011413156054913998,0.43984338641166687,0.8032426238059998,-0.011423653922975063,0.43863797187805176,0.8592635989189148,-0.00010627430310705677,0.420835942029953,0.8125256299972534,-0.0032709091901779175,0.4317120313644409,0.804800271987915,-0.0017551390919834375,0.44135957956314087,0.810911238193512,-0.00029467049171216786,0.4409911632537842,0.8521949052810669,0.004268850665539503,0.4261258840560913,0.8166165947914124,0.0034171841107308865,0.4344770312309265,0.811039924621582,0.004861786495894194,0.44231709837913513,0.8156670928001404,0.006162484176456928,0.40975961089134216,0.6631878614425659,-1.4690475325096486e-07,0.42219990491867065,0.6165334582328796,-0.010056808590888977,0.4422096908092499,0.5970109105110168,-0.013620281592011452,0.4635598957538605,0.5881053805351257,-0.014935227110981941,0.4792567193508148,0.5833269953727722,-0.014610638841986656,0.45966145396232605,0.6548653244972229,-0.011335290037095547,0.48060497641563416,0.6151700615882874,-0.012744012288749218,0.47019752860069275,0.6014516353607178,-0.012369466945528984,0.46082669496536255,0.6085443496704102,-0.011860995553433895,0.46263206005096436,0.6705406308174133,-0.006161782890558243,0.4808177947998047,0.6260033845901489,-0.008585547097027302,0.4716685116291046,0.6128427982330322,-0.009165841154754162,0.46303361654281616,0.6204513907432556,-0.009628970175981522,0.4626953899860382,0.6764967441558838,-0.0011390246218070388,0.4801578223705292,0.6342650055885315,-0.004563100636005402,0.47239717841148376,0.6220988631248474,-0.004274367354810238,0.4632706344127655,0.6296506524085999,-0.0036494359374046326,0.4624406099319458,0.674671471118927,0.0035332641564309597,0.47587472200393677,0.6410102844238281,-0.0006521682371385396,0.4696773886680603,0.6319829225540161,-0.0007789524970576167,0.46209993958473206,0.6395536065101624,1.4023191397427581e-05
0.4758538007736206,0.24162620306015015,-0.6901810169219971,0.999964714050293,0.4880880117416382,0.21253091096878052,-0.6561151146888733,0.9999551177024841,0.49627307057380676,0.2118808478116989,-0.6561057567596436,0.9999471306800842,0.5051237344741821,0.21191127598285675,-0.6559839844703674,0.9999424815177917,0.46423956751823425,0.21264798939228058,-0.6580163240432739,0.9999638795852661,0.45463550090789795,0.2124219387769699,-0.6581076979637146,0.9999648928642273,0.4471575617790222,0.21269755065441132,-0.6583507061004639,0.9999685287475586,0.5164552330970764,0.2347414344549179,-0.40888088941574097,0.9999311566352844,0.4365210235118866,0.23883327841758728,-0.4147401750087738,0.9999660849571228,0.49454575777053833,0.28857332468032837,-0.5966061949729919,0.9999867677688599,0.46289369463920593,0.28488513827323914,-0.5992357134819031,0.9999889731407166,0.5759623646736145,0.4688962399959564,-0.23642633855342865,0.9999030828475952,0.3791784942150116,0.46972769498825073,-0.23756448924541473,0.9998916983604431,0.6086997389793396,0.7884941697120667,-0.32996442914009094,0.9950329065322876,0.3150990307331085,0.7695271372795105,-0.42842769622802734,0.9962201714515686,0.49993935227394104,0.7740262150764465,-0.6462491154670715,0.9857541918754578,0.4050229489803314,0.6967838406562805,-0.8990853428840637,0.9819760322570801,0.4648037552833557,0.7882002592086792,-0.7172396779060364,0.9416809678077698,0.443138062953949,0.6866926550865173,-0.9921063780784607,0.9265783429145813,0.4657897353172302,0.7649388313293457,-0.713248074054718,0.9398072957992554,0.44890353083610535,0.6430448889732361,-0.9802337884902954,0.9232061505317688,0.47628217935562134,0.7388979196548462,-0.6480273604393005,0.927971363067627,0.43928784132003784,0.6437762379646301,-0.9006890654563904,0.913112461566925,0.5374701023101807,0.9742323160171509,-0.009960739873349667,0.9251851439476013,0.4150012135505676,0.9706102013587952,0.011323251761496067,0.9284924864768982,0.5429443120956421,1.3649160861968994,0.11462310701608658,0.045279018580913544,0.4066849648952484,1.3639918565750122,0.12638847529888153,0.04105573520064354,0.5451647043228149,1.707011342048645,0.49400022625923157,0.0032273721881210804,0.4181695878505707,1.704474687576294,0.45970141887664795,0.0027906440664082766,0.5485390424728394,1.757720947265625,0.5144074559211731,0.0018815953517332673,0.41632094979286194,1.7533928155899048,0.48307427763938904,0.004001559689640999,0.5269361138343811,1.8238259553909302,0.21398331224918365,0.0012579133035615087,0.4391299784183502,1.8253896236419678,0.16409020125865936,0.004437386058270931,0.4944957494735718,0.8210651278495789,2.7978117600468977e-08,0.4737626612186432,0.7990448474884033,-0.014682704582810402,0.44797927141189575,0.7896435856819153,-0.018814940005540848,0.42638662457466125,0.781059980392456,-0.019944196566939354,0.4150107800960541,0.7875644564628601,-0.018148155882954597,0.4351564943790436,0.856328547000885,-0.009060311131179333,0.41375258564949036,0.8097548484802246,-0.014468234032392502,0.4260121285915375,0.7972539663314819,-0.017572762444615364,0.4353821873664856,0.8033729791641235,-0.018703719601035118,0.43554383516311646,0.8630948662757874,-0.0022321713622659445,0.4160284996032715,0.8137997984886169,-0.007333679590374231,0.4275535047054291,0.8021867871284485,-0.0088798888027668,0.43691354990005493,0.8080317974090576,-0.009092902764678001,0.4371616542339325,0.858762800693512,0.003079041838645935,0.4190336763858795,0.8146896362304688,-0.0006098092999309301,0.42965710163116455,0.8074043989181519,0.000574217236135155,0.4388046860694885,0.8142457604408264,0.0021909596398472786,0.43930327892303467,0.8503139019012451,0.007045926991850138,0.42396634817123413,0.8172598481178284,0.005778080318123102,0.43187764286994934,0.8123521208763123,0.007058169227093458,0.4392993450164795,0.818195641040802,0.008460795506834984,0.4097152650356293,0.6649820804595947,-1.5815473375369038e-07,0.4228052496910095,0.6170893907546997,-0.008779562078416348,0.4428293704986572,0.5947892665863037,-0.012385077774524689,0.46329769492149353,0.5847417116165161,-0.014243809506297112,0.4789317548274994,0.5814811587333679,-0.01463683694601059,0.46015438437461853,0.6524880528450012,-0.011054527945816517,0.4802527129650116,0.610659658908844,-0.013548354618251324,0.46873486042022705,0.5983613133430481,-0.014132235199213028,0.4591233730316162,0.6063406467437744,-0.014141437597572803,0.4633605182170868,0.6688784956932068,-0.006954215466976166,0.48091593384742737,0.6242078542709351,-0.00996899139136076,0.4709613025188446,0.6127727031707764,-0.010889948345720768,0.4622997045516968,0.6217899322509766,-0.011516842991113663,0.46335160732269287,0.6768851280212402,-0.0029272460378706455,0.47995075583457947,0.6349830627441406,-0.006244845222681761,0.4714711308479309,0.6238264441490173,-0.005587100982666016,0.4623475968837738,0.6326434016227722,-0.004772640764713287,0.46277862787246704,0.6768720746040344,0.0007829225505702198,0.47595328092575073,0.6439096927642822,-0.002780257724225521,0.46944302320480347,0.6352189183235168,-0.00226930296048522,0.46213585138320923,0.6435836553573608,-0.0011658831499516964
0.47741982340812683,0.24152427911758423,-0.7063993811607361,0.9999560713768005,0.4895307719707489,0.21239805221557617,-0.6659547686576843,0.999943733215332,0.4980502724647522,0.2119394838809967,-0.6659886837005615,0.9999344944953918,0.5067278742790222,0.2123110294342041,-0.6658626198768616,0.9999269843101501,0.46544376015663147,0.2123527079820633,-0.6759284734725952,0.9999557137489319,0.4557878375053406,0.21219658851623535,-0.6760857701301575,0.9999580979347229,0.4482018053531647,0.21263740956783295,-0.6763818860054016,0.9999626278877258,0.517230212688446,0.2352954000234604,-0.41155874729156494,0.9999145865440369,0.43666139245033264,0.23915131390094757,-0.43533575534820557,0.9999600648880005,0.4963955879211426,0.2885400652885437,-0.6054787039756775,0.9999836087226868,0.46410468220710754,0.2849676012992859,-0.6160697937011719,0.9999868273735046,0.5765384435653687,0.4690271019935608,-0.2469603270292282,0.9998793601989746,0.37897950410842896,0.47121530771255493,-0.24832336604595184,0.9998863339424133,0.6075965166091919,0.7937975525856018,-0.3636125922203064,0.9942156076431274,0.3168448209762573,0.7719692587852478,-0.43255022168159485,0.9961240291595459,0.4888049066066742,0.7550275325775146,-0.7161934971809387,0.9819782972335815,0.40660250186920166,0.6939994692802429,-0.8873966932296753,0.9805549383163452,0.4575856328010559,0.763856053352356,-0.7896982431411743,0.9312697649002075,0.44589996337890625,0.683605432510376,-0.9798152446746826,0.9213209748268127,0.4539467692375183,0.7222639918327332,-0.7833111882209778,0.9290544390678406,0.44969382882118225,0.6409072279930115,-0.9668355584144592,0.9178160429000854,0.463970810174942,0.7178730368614197,-0.7179514765739441,0.9158200025558472,0.4401542544364929,0.6414729356765747,-0.8884953856468201,0.9069905877113342,0.538084089756012,0.9739521145820618,-0.008508892729878426,0.9242713451385498,0.4150037467479706,0.9694148302078247,0.009837314486503601,0.9289290308952332,0.5440762042999268,1.3656233549118042,0.13210009038448334,0.04497022554278374,0.40783560276031494,1.3653925657272339,0.10839496552944183,0.041105445474386215,0.5469189882278442,1.7080986499786377,0.5244662165641785,0.0032720735762268305,0.4190208315849304,1.7056610584259033,0.42506539821624756,0.0028413226827979088,0.550778329372406,1.7589162588119507,0.5465335249900818,0.0019256650703027844,0.4174996614456177,1.7550755739212036,0.44620946049690247,0.004078782629221678,0.5279117226600647,1.825452446937561,0.24772609770298004,0.0012901099398732185,0.4389481544494629,1.8269981145858765,0.1268104761838913,0.004546679090708494,0.0,0.0,0.0,0.0,0.0,0.0,0.0,0.0,0.0,0.0,0.0,0.0,0.0,0.0,0.0,0.0,0.0,0.0,0.0,0.0,0.0,0.0,0.0,0.0,0.0,0.0,0.0,0.0,0.0,0.0,0.0,0.0,0.0,0.0,0.0,0.0,0.0,0.0,0.0,0.0,0.0,0.0,0.0,0.0,0.0,0.0,0.0,0.0,0.0,0.0,0.0,0.0,0.0,0.0,0.0,0.0,0.0,0.0,0.0,0.0,0.0,0.0,0.0,0.41009271144866943,0.6641588807106018,-1.6328161223100324e-07,0.4228416383266449,0.6174174547195435,-0.009166562929749489,0.4422326385974884,0.5955925583839417,-0.013117753900587559,0.46253353357315063,0.5860348343849182,-0.015207708813250065,0.47811710834503174,0.5827875733375549,-0.01586020179092884,0.4595954120159149,0.6536025404930115,-0.012203415855765343,0.4794188141822815,0.6115803122520447,-0.014890908263623714,0.46817126870155334,0.5993108153343201,-0.01558297872543335,0.45869991183280945,0.6071207523345947,-0.01570572704076767,0.4631069004535675,0.6693770885467529,-0.007964420132339,0.4805295467376709,0.6238881349563599,-0.01106179878115654,0.4708361327648163,0.6125624179840088,-0.011924780905246735,0.46210476756095886,0.6213995218276978,-0.012581737712025642,0.4632822871208191,0.6767779588699341,-0.003758369479328394,0.47959184646606445,0.6337766647338867,-0.007163378410041332,0.47124698758125305,0.6230876445770264,-0.006401097867637873,0.46221694350242615,0.6320239901542664,-0.005585134960711002,0.46273618936538696,0.6762194633483887,0.00010188550368184224,0.47567018866539,0.6427205801010132,-0.003833661088719964,0.4691311717033386,0.6343004107475281,-0.0034146502148360014,0.46175432205200195,0.6428243517875671,-0.0023337958846241236
0.4782518446445465,0.24158407747745514,-0.7105480432510376,0.9999542832374573,0.4901333451271057,0.21238258481025696,-0.6718180179595947,0.9999418258666992,0.4988550543785095,0.21200789511203766,-0.6718387603759766,0.9999322891235352,0.5073340535163879,0.2125682830810547,-0.6717180013656616,0.9999242424964905,0.4660806357860565,0.21233655512332916,-0.6793527007102966,0.9999542832374573,0.4565243721008301,0.21250441670417786,-0.6794636845588684,0.9999567866325378,0.4488998353481293,0.2132195085287094,-0.6797072887420654,0.9999614357948303,0.5174026489257812,0.23551328480243683,-0.41634395718574524,0.9999116063117981,0.43745192885398865,0.23976895213127136,-0.43908625841140747,0.9999593496322632,0.49716898798942566,0.28854846954345703,-0.611042857170105,0.9999828934669495,0.46503946185112,0.2853659689426422,-0.6207096576690674,0.9999862909317017,0.5762518048286438,0.4697493314743042,-0.2429817020893097,0.999867856502533,0.37883108854293823,0.4714525043964386,-0.25366076827049255,0.9998820424079895,0.6076450347900391,0.7952523827552795,-0.3568299114704132,0.9937191009521484,0.31652015447616577,0.7729756832122803,-0.43873441219329834,0.9961138367652893,0.5021867752075195,0.7647683024406433,-0.7041236758232117,0.9808213710784912,0.40685731172561646,0.6978924870491028,-0.9130321741104126,0.9803884029388428,0.4698151648044586,0.7811562418937683,-0.7792815566062927,0.9275546669960022,0.4459618628025055,0.6870533227920532,-1.007178544998169,0.9203550815582275,0.4741903841495514,0.7403289079666138,-0.7750608325004578,0.9250649213790894,0.4494723677635193,0.6443908214569092,-0.9956789016723633,0.9167861342430115,0.48208290338516235,0.734895646572113,-0.7069311738014221,0.9117875695228577,0.4397466480731964,0.6445828080177307,-0.9148687124252319,0.906025767326355,0.5378852486610413,0.9733548760414124,-0.0056890151463449,0.9251458644866943,0.41413983702659607,0.9699106812477112,0.007017947733402252,0.9303010106086731,0.5475242733955383,1.3665478229522705,0.11983908712863922,0.04338361695408821,0.41016313433647156,1.3667023181915283,0.1256738156080246,0.03991302102804184,0.5516936779022217,1.7097878456115723,0.5063616633415222,0.0030628065578639507,0.42193570733070374,1.7069597244262695,0.4613064229488373,0.002704617567360401,0.5553990006446838,1.760995626449585,0.5275368094444275,0.001838197000324726,0.41984811425209045,1.7566207647323608,0.48478588461875916,0.0038972196634858847,0.5336633324623108,1.827508568763733,0.2263326495885849,0.0012220372445881367,0.4435960352420807,1.8282932043075562,0.16428712010383606,0.00439974432811141,0.0,0.0,0.0,0.0,0.0,0.0,0.0,0.0,0.0,0.0,0.0,0.0,0.0,0.0,0.0,0.0,0.0,0.0,0.0,0.0,0.0,0.0,0.0,0.0,0.0,0.0,0.0,0.0,0.0,0.0,0.0,0.0,0.0,0.0,0.0,0.0,0.0,0.0,0.0,0.0,0.0,0.0,0.0,0.0,0.0,0.0,0.0,0.0,0.0,0.0,0.0,0.0,0.0,0.0,0.0,0.0,0.0,0.0,0.0,0.0,0.0,0.0,0.0,0.40926745533943176,0.665774941444397,-1.7015300102229958e-07,0.42176029086112976,0.6187683343887329,-0.009197051636874676,0.441350519657135,0.5979413986206055,-0.013326119631528854,0.46181371808052063,0.5884687304496765,-0.01552616897970438,0.4773070812225342,0.5838648080825806,-0.016347050666809082,0.4599176347255707,0.6554956436157227,-0.013180585578083992,0.4792141914367676,0.6121577024459839,-0.015585236251354218,0.4674508273601532,0.6005396246910095,-0.015925927087664604,0.45815372467041016,0.6084728837013245,-0.01586868055164814,0.4634540379047394,0.6712990403175354,-0.008849292062222958,0.48061832785606384,0.6247267723083496,-0.012177481316030025,0.4703059792518616,0.6133643388748169,-0.012978864833712578,0.46140962839126587,0.6221390962600708,-0.0135385412722826,0.46332642436027527,0.678347110748291,-0.004376939032226801,0.47990161180496216,0.6345416307449341,-0.00817122682929039,0.471278578042984,0.6234809756278992,-0.007378983311355114,0.46199971437454224,0.6323515176773071,-0.006416825111955404,0.46258071064949036,0.6771520972251892,-0.00015012759831734002,0.47578856348991394,0.6426550149917603,-0.004319868516176939,0.4688833951950073,0.6339772939682007,-0.0037826269399374723,0.46125468611717224,0.6427042484283447,-0.002529844408854842
0.47850319743156433,0.24186968803405762,-0.707149863243103,0.9999520182609558,0.4904397428035736,0.21244663000106812,-0.6696100234985352,0.9999400973320007,0.4991743862628937,0.2122705578804016,-0.6695948243141174,0.9999306797981262,0.5075734853744507,0.21309757232666016,-0.669467568397522,0.9999223947525024,0.4663897454738617,0.2124941498041153,-0.6752188205718994,0.9999520778656006,0.4569549858570099,0.2128770798444748,-0.6753221750259399,0.9999545812606812,0.44929879903793335,0.21371828019618988,-0.6755526065826416,0.9999593496322632,0.5175413489341736,0.23603585362434387,-0.40701955556869507,0.9999098181724548,0.43813714385032654,0.24013856053352356,-0.4347752630710602,0.999957799911499,0.49729442596435547,0.28869831562042236,-0.6095157861709595,0.999982476234436,0.4652749001979828,0.28585708141326904,-0.6171005368232727,0.9999856948852539,0.5763636231422424,0.47013431787490845,-0.2245280146598816,0.9998658299446106,0.3790038526058197,0.47225645184516907,-0.2494165450334549,0.9998732209205627,0.6080730557441711,0.792192816734314,-0.33851370215415955,0.9934313297271729,0.3187806308269501,0.7717999219894409,-0.4364708662033081,0.9958927631378174,0.525235652923584,0.7767513394355774,-0.7122822403907776,0.9803426265716553,0.40664398670196533,0.6963041424751282,-0.915101170539856,0.9795448184013367,0.4924045205116272,0.7973702549934387,-0.7918375134468079,0.9264882206916809,0.4450420141220093,0.6861303448677063,-1.0100972652435303,0.9178088307380676,0.49895572662353516,0.7731545567512512,-0.7922307252883911,0.9239448308944702,0.448609858751297,0.642791748046875,-1.0020986795425415,0.9142442345619202,0.5031948089599609,0.7473523020744324,-0.717978298664093,0.9109308123588562,0.43904298543930054,0.6414710879325867,-0.9183089137077332,0.9039214253425598,0.538504421710968,0.9737094640731812,-0.004151554778218269,0.9274899363517761,0.4142226278781891,0.969998300075531,0.0054466151632368565,0.9316458106040955,0.546290934085846,1.3676615953445435,0.1295882612466812,0.043362390249967575,0.4088430106639862,1.36728835105896,0.12550990283489227,0.0397784560918808,0.5496531128883362,1.712442398071289,0.5203799605369568,0.0029451651498675346,0.4195901155471802,1.709092378616333,0.4644799828529358,0.0026040172670036554,0.5534340739250183,1.7645403146743774,0.5418050289154053,0.0017987487372010946,0.4173094630241394,1.7596421241760254,0.48809748888015747,0.0037621946539729834,0.531183660030365,1.8297382593154907,0.2391013652086258,0.0011829354334622622,0.44162479043006897,1.8301165103912354,0.1655145287513733,0.004266560543328524,0.0,0.0,0.0,0.0,0.0,0.0,0.0,0.0,0.0,0.0,0.0,0.0,0.0,0.0,0.0,0.0,0.0,0.0,0.0,0.0,0.0,0.0,0.0,0.0,0.0,0.0,0.0,0.0,0.0,0.0,0.0,0.0,0.0,0.0,0.0,0.0,0.0,0.0,0.0,0.0,0.0,0.0,0.0,0.0,0.0,0.0,0.0,0.0,0.0,0.0,0.0,0.0,0.0,0.0,0.0,0.0,0.0,0.0,0.0,0.0,0.0,0.0,0.0,0.4097529947757721,0.6665297746658325,-1.5945614961765386e-07,0.42227718234062195,0.6201046109199524,-0.00971581507474184,0.4415642321109772,0.5986399054527283,-0.013811119832098484,0.46198877692222595,0.5893325805664062,-0.01591149903833866,0.4776890277862549,0.5862810611724854,-0.01654227450489998,0.4595736861228943,0.6560227870941162,-0.012250845320522785,0.47926488518714905,0.6151673197746277,-0.014793513342738152,0.46824634075164795,0.6019785404205322,-0.015457537025213242,0.4588349461555481,0.6088481545448303,-0.015593764372169971,0.4628831446170807,0.6715492606163025,-0.007690112106502056,0.480339378118515,0.6273374557495117,-0.010707119479775429,0.47066351771354675,0.6153321862220764,-0.011654709465801716,0.4618147015571594,0.6237478256225586,-0.012351537123322487,0.46286600828170776,0.6790284514427185,-0.003213081508874893,0.47931015491485596,0.6373459100723267,-0.006642290391027927,0.47078511118888855,0.6261340379714966,-0.0060637411661446095,0.46148061752319336,0.6347694993019104,-0.005346130114048719,0.4622943103313446,0.6790478825569153,0.000878910708706826,0.4752156138420105,0.6463390588760376,-0.003154620761051774,0.4685584306716919,0.6374912858009338,-0.0029214166570454836,0.4611501693725586,0.6458085775375366,-0.001946041127666831
0.4795851707458496,0.2422519028186798,-0.740533709526062,0.999950647354126,0.49114593863487244,0.21255826950073242,-0.7045936584472656,0.9999392628669739,0.49988165497779846,0.21250799298286438,-0.7045564651489258,0.9999299645423889,0.5081139206886292,0.21349212527275085,-0.7044327855110168,0.9999211430549622,0.46696439385414124,0.21281249821186066,-0.707990288734436,0.9999510049819946,0.45773813128471375,0.2134801596403122,-0.7081079483032227,0.99995356798172,0.44988080859184265,0.21454371511936188,-0.7083744406700134,0.999958336353302,0.5178145170211792,0.23648521304130554,-0.4398801624774933,0.9999087452888489,0.4389098584651947,0.24141263961791992,-0.4543854594230652,0.9999567866325378,0.4987907111644745,0.28899434208869934,-0.6405433416366577,0.9999817609786987,0.4663847088813782,0.2864491045475006,-0.645102322101593,0.9999849796295166,0.5769021511077881,0.4717884063720703,-0.24779929220676422,0.9998595714569092,0.37891408801078796,0.4734993875026703,-0.2728472054004669,0.9998653531074524,0.6074460744857788,0.7925081849098206,-0.34799954295158386,0.9930362105369568,0.3181169331073761,0.7736304998397827,-0.4704758822917938,0.9956728219985962,0.5230187773704529,0.7716864347457886,-0.7354081869125366,0.9796713590621948,0.4035010039806366,0.698495090007782,-0.9606431722640991,0.9787413477897644,0.4876239597797394,0.7916690111160278,-0.8135015964508057,0.9249377846717834,0.44010603427886963,0.6882097125053406,-1.0569872856140137,0.9155140519142151,0.4931606352329254,0.7591480016708374,-0.8130084872245789,0.9225499033927917,0.4433360695838928,0.6454790830612183,-1.0481878519058228,0.9122546315193176,0.5007462501525879,0.7344720959663391,-0.7406602501869202,0.9093964099884033,0.43391484022140503,0.6447428464889526,-0.9637280702590942,0.9023377299308777,0.5387645363807678,0.9735084772109985,-0.0035731708630919456,0.9290605783462524,0.4147091507911682,0.9715385437011719,0.004752730019390583,0.9330545663833618,0.5477059483528137,1.368726134300232,0.14798153936862946,0.043538425117731094,0.40883252024650574,1.368850588798523,0.12343950569629669,0.03890276700258255,0.5507751703262329,1.7142353057861328,0.5597876906394958,0.0028884517960250378,0.41997843980789185,1.7104383707046509,0.46684470772743225,0.0024835977237671614,0.5551863312721252,1.7663503885269165,0.5833799242973328,0.0018230751156806946,0.41813740134239197,1.7607829570770264,0.4909355342388153,0.003640982089564204,0.5319478511810303,1.831200361251831,0.28089651465415955,0.0011735254665836692,0.44183793663978577,1.831573486328125,0.16588659584522247,0.004149989690631628,0.4930163323879242,0.8269218802452087,1.115491983227912e-07,0.4711496829986572,0.8056365251541138,-0.011225171387195587,0.44609373807907104,0.7963146567344666,-0.013457715511322021,0.42544329166412354,0.7891228795051575,-0.013421750627458096,0.4125444293022156,0.7983025908470154,-0.011105273850262165,0.43030261993408203,0.8554098606109619,-0.0017481166869401932,0.41267499327659607,0.8130537867546082,-0.004199432209134102,0.4216955602169037,0.8030281066894531,-0.006481198128312826,0.4301535487174988,0.8070852756500244,-0.007088224403560162,0.4293292462825775,0.8620749711990356,0.003977262414991856,0.4140871465206146,0.8173163533210754,0.002261646557599306,0.42307645082473755,0.80743408203125,0.0002613082469906658,0.4319480061531067,0.810459554195404,-0.00016453566786367446,0.4310043752193451,0.8580964803695679,0.008460985496640205,0.41692161560058594,0.8193637728691101,0.008387072011828423,0.42580488324165344,0.8142468333244324,0.009426440112292767,0.43389853835105896,0.8190039396286011,0.010659193620085716,0.4336766302585602,0.8517778515815735,0.011808042414486408,0.4197676181793213,0.8226991891860962,0.01368148997426033,0.42649123072624207,0.8195564150810242,0.01609944924712181,0.43325796723365784,0.8231523633003235,0.018330534920096397,0.409709095954895,0.6678809523582458,-1.6778867006905784e-07,0.4210582375526428,0.6223292946815491,-0.01022353209555149,0.4400843679904938,0.6029216051101685,-0.014950058422982693,0.46031203866004944,0.594494104385376,-0.0175007376819849,0.47606244683265686,0.5892142653465271,-0.018504673615098,0.4593084454536438,0.6589587330818176,-0.014760883525013924,0.4790142774581909,0.6156165599822998,-0.017717765644192696,0.46723824739456177,0.6054274439811707,-0.017894942313432693,0.4572972059249878,0.6144136786460876,-0.017569787800312042,0.46241822838783264,0.6756325960159302,-0.010137605480849743,0.4796864688396454,0.6296407580375671,-0.01429818756878376,0.4693185091018677,0.6189243197441101,-0.014939948916435242,0.46051934361457825,0.6277321577072144,-0.01519347820430994,0.46222078800201416,0.6830263137817383,-0.0054435133934021,0.47882527112960815,0.6404134631156921,-0.010097728110849857,0.4705991744995117,0.6299372911453247,-0.0091220298781991,0.4620298743247986,0.6387037038803101,-0.007870342582464218,0.46189379692077637,0.6821517944335938,-0.0010643975110724568,0.4755949079990387,0.6479817032814026,-0.006039387080818415,0.46869295835494995,0.6392549872398376,-0.005613444373011589,0.46121835708618164,0.6475797295570374,-0.004251946695148945
0.47942912578582764,0.24234768748283386,-0.760989785194397,0.9999496340751648,0.4915490746498108,0.21266138553619385,-0.7248886227607727,0.9999391436576843,0.5003958940505981,0.2127707451581955,-0.7248522043228149,0.9999298453330994,0.5088070034980774,0.21390150487422943,-0.7247207164764404,0.9999212622642517,0.46702951192855835,0.21286170184612274,-0.7262589335441589,0.9999500513076782,0.4574710726737976,0.21360716223716736,-0.726385772228241,0.9999523162841797,0.4497092068195343,0.2146642953157425,-0.7266375422477722,0.9999570846557617,0.5186934471130371,0.23686043918132782,-0.45992428064346313,0.9999090433120728,0.4388028681278229,0.2410329431295395,-0.4647630751132965,0.9999550580978394,0.49846598505973816,0.2890307307243347,-0.6610841751098633,0.9999813437461853,0.46591874957084656,0.2866641879081726,-0.6630122661590576,0.9999843239784241,0.577117383480072,0.4729883372783661,-0.2753838300704956,0.999851644039154,0.37926924228668213,0.4731993079185486,-0.2762736678123474,0.9998496174812317,0.6039412021636963,0.7976335883140564,-0.37333354353904724,0.9927148222923279,0.31805869936943054,0.7743034362792969,-0.46964031457901,0.995365560054779,0.5077149868011475,0.762421190738678,-0.7684685587882996,0.9789353609085083,0.40480050444602966,0.6980808973312378,-0.9649193286895752,0.9765321612358093,0.4750334620475769,0.7785351872444153,-0.8465894460678101,0.9232063889503479,0.44091418385505676,0.68874192237854,-1.063062310218811,0.9087544083595276,0.4810675382614136,0.73073810338974,-0.8478458523750305,0.9210339784622192,0.4447796642780304,0.6475346088409424,-1.0524719953536987,0.9056638479232788,0.48920413851737976,0.7265885472297668,-0.7740640640258789,0.9073607325553894,0.43523865938186646,0.646985650062561,-0.967816948890686,0.8957343697547913,0.5390522480010986,0.9743524789810181,-0.004389418754726648,0.929581344127655,0.4141964316368103,0.9732959866523743,0.005485254805535078,0.9332847595214844,0.5464761257171631,1.370141625404358,0.14889857172966003,0.045410655438899994,0.40735965967178345,1.3685599565505981,0.12443461269140244,0.03984924778342247,0.5486389994621277,1.714057207107544,0.5783916711807251,0.0030205226503312588,0.4188896119594574,1.709193229675293,0.4749533236026764,0.0025066803209483624,0.5526768565177917,1.7657089233398438,0.6040685176849365,0.0019539669156074524,0.41749274730682373,1.7587642669677734,0.49993225932121277,0.003772369585931301,0.5306505560874939,1.8300812244415283,0.3031882345676422,0.0012326795840635896,0.4402692914009094,1.830464243888855,0.17542223632335663,0.004295657854527235,0.0,0.0,0.0,0.0,0.0,0.0,0.0,0.0,0.0,0.0,0.0,0.0,0.0,0.0,0.0,0.0,0.0,0.0,0.0,0.0,0.0,0.0,0.0,0.0,0.0,0.0,0.0,0.0,0.0,0.0,0.0,0.0,0.0,0.0,0.0,0.0,0.0,0.0,0.0,0.0,0.0,0.0,0.0,0.0,0.0,0.0,0.0,0.0,0.0,0.0,0.0,0.0,0.0,0.0,0.0,0.0,0.0,0.0,0.0,0.0,0.0,0.0,0.0,0.4104495644569397,0.6688499450683594,-1.604246335773496e-07,0.42227354645729065,0.6230268478393555,-0.009665201418101788,0.4412538409233093,0.6035097241401672,-0.014246189035475254,0.46154946088790894,0.595352292060852,-0.016777031123638153,0.47713547945022583,0.5902490615844727,-0.01787918619811535,0.45967552065849304,0.6595398187637329,-0.014678888022899628,0.47907185554504395,0.6157035827636719,-0.017429275438189507,0.46682286262512207,0.6058576703071594,-0.017681313678622246,0.4569815993309021,0.6154544353485107,-0.01746562123298645,0.462706059217453,0.676178514957428,-0.010254829190671444,0.480077862739563,0.6298924088478088,-0.014143047854304314,0.46978628635406494,0.6193822622299194,-0.014916573651134968,0.4607110321521759,0.6286582350730896,-0.015319792553782463,0.4623428285121918,0.6839627027511597,-0.005636652931571007,0.4789734184741974,0.6414504051208496,-0.009719214402139187,0.4708820581436157,0.6309959292411804,-0.008783592842519283,0.4618687629699707,0.6402943730354309,-0.007664503529667854,0.4619150459766388,0.6835073828697205,-0.0013084056554362178,0.475481778383255,0.6499660015106201,-0.005803546402603388,0.4688386917114258,0.6414474844932556,-0.005324998404830694,0.46139436960220337,0.6503462195396423,-0.004035681486129761
0.4798889458179474,0.24254481494426727,-0.7701610326766968,0.9999491572380066,0.4922121465206146,0.21260800957679749,-0.7359286546707153,0.99993896484375,0.501193106174469,0.21276643872261047,-0.7358866333961487,0.999929666519165,0.5094653367996216,0.21391403675079346,-0.7357915043830872,0.9999207258224487,0.4672369956970215,0.21276670694351196,-0.7372834086418152,0.9999499917030334,0.4576879143714905,0.2135869562625885,-0.7373877167701721,0.9999523758888245,0.4496832489967346,0.21460844576358795,-0.737640380859375,0.9999571442604065,0.5189782977104187,0.2368461787700653,-0.4764217436313629,0.9999091029167175,0.438535213470459,0.24076609313488007,-0.48061034083366394,0.9999551177024841,0.4985071122646332,0.2891369163990021,-0.6716041564941406,0.9999810457229614,0.4660681188106537,0.28710243105888367,-0.6735756397247314,0.999984085559845,0.5773633718490601,0.47304126620292664,-0.2918154299259186,0.9998378157615662,0.37935736775398254,0.4723864495754242,-0.2930520176887512,0.9998462200164795,0.6035090684890747,0.8034262657165527,-0.3850330114364624,0.9919090270996094,0.3190111815929413,0.7735658288002014,-0.4841000437736511,0.9952430129051208,0.5105483531951904,0.7716861963272095,-0.7518911957740784,0.9764463305473328,0.40579143166542053,0.6972907185554504,-0.9729892611503601,0.9757075905799866,0.4647909104824066,0.7810115218162537,-0.8262885808944702,0.9166287183761597,0.4423965811729431,0.6870362162590027,-1.0699666738510132,0.9054679870605469,0.47296202182769775,0.7329597473144531,-0.8245269060134888,0.9145311713218689,0.447031706571579,0.6478487849235535,-1.058324933052063,0.9023216962814331,0.48142650723457336,0.7292352914810181,-0.7556774020195007,0.9001023173332214,0.43696317076683044,0.6474899649620056,-0.975376546382904,0.8918642997741699,0.5392500162124634,0.973882257938385,-0.0056769526563584805,0.9278613328933716,0.4130413234233856,0.9705674052238464,0.006751350127160549,0.9327120184898376,0.5442436337471008,1.3688892126083374,0.14757739007472992,0.044312912970781326,0.4036557972431183,1.367187261581421,0.13583220541477203,0.03908809274435043,0.5471607446670532,1.711439847946167,0.5574643015861511,0.0030439470428973436,0.41487303376197815,1.7080949544906616,0.47952213883399963,0.002479254500940442,0.551189661026001,1.76261568069458,0.5811846256256104,0.0019910011906176805,0.4133407175540924,1.7572132349014282,0.504131019115448,0.003747665323317051,0.5280011296272278,1.8285934925079346,0.27793094515800476,0.0012343403650447726,0.4364262819290161,1.8300423622131348,0.17979207634925842,0.004303352907299995,0.0,0.0,0.0,0.0,0.0,0.0,0.0,0.0,0.0,0.0,0.0,0.0,0.0,0.0,0.0,0.0,0.0,0.0,0.0,0.0,0.0,0.0,0.0,0.0,0.0,0.0,0.0,0.0,0.0,0.0,0.0,0.0,0.0,0.0,0.0,0.0,0.0,0.0,0.0,0.0,0.0,0.0,0.0,0.0,0.0,0.0,0.0,0.0,0.0,0.0,0.0,0.0,0.0,0.0,0.0,0.0,0.0,0.0,0.0,0.0,0.0,0.0,0.0,0.40972650051116943,0.6703097224235535,-1.664476485530031e-07,0.422037273645401,0.6253443956375122,-0.009699714370071888,0.441394567489624,0.6058565378189087,-0.014276567846536636,0.46197596192359924,0.5970990061759949,-0.016839774325489998,0.47764676809310913,0.5933849811553955,-0.017916664481163025,0.4598506689071655,0.6613966226577759,-0.0137418732047081,0.4792506992816925,0.618854820728302,-0.016557659953832626,0.46748432517051697,0.6085798144340515,-0.01702934503555298,0.45771241188049316,0.6171616315841675,-0.016952505335211754,0.46277281641960144,0.6776579022407532,-0.00934207160025835,0.48034757375717163,0.6325399279594421,-0.013244749046862125,0.4703948199748993,0.6220853924751282,-0.014245997183024883,0.4612220823764801,0.6306511163711548,-0.01475664135068655,0.4625285863876343,0.6856840252876282,-0.0048149339854717255,0.4795088469982147,0.6440630555152893,-0.008745439350605011,0.47158482670783997,0.6337000727653503,-0.007855396717786789,0.46233493089675903,0.6422249674797058,-0.0067713879980146885,0.46209976077079773,0.6863144636154175,-0.0006162002100609243,0.4756947159767151,0.653302788734436,-0.0048309615813195705,0.4692203104496002,0.6445598602294922,-0.004312979523092508,0.4617568552494049,0.6525964736938477,-0.0030138499569147825
0.4785479009151459,0.24236659705638885,-0.7561099529266357,0.9999441504478455,0.4910541772842407,0.2124011516571045,-0.7221215963363647,0.999933660030365,0.49994170665740967,0.21259130537509918,-0.7220770120620728,0.9999240040779114,0.5086767673492432,0.21369627118110657,-0.7219659686088562,0.9999139308929443,0.4665987193584442,0.2124074250459671,-0.723457932472229,0.9999452829360962,0.4569384753704071,0.21308811008930206,-0.7235901951789856,0.9999480843544006,0.4494442939758301,0.21391762793064117,-0.7238693833351135,0.9999531507492065,0.5188149213790894,0.23674297332763672,-0.4638197720050812,0.999902069568634,0.43861818313598633,0.24025578796863556,-0.46812596917152405,0.9999510049819946,0.4974338412284851,0.28903183341026306,-0.6580854058265686,0.9999791979789734,0.46502476930618286,0.28693708777427673,-0.6599286198616028,0.999982476234436,0.5774131417274475,0.4739210605621338,-0.280538946390152,0.9998162388801575,0.37861451506614685,0.4727335572242737,-0.2869706451892853,0.999832808971405,0.6026600003242493,0.8073427081108093,-0.3890783190727234,0.991267204284668,0.3191669285297394,0.7752333879470825,-0.4808449149131775,0.9948851466178894,0.5070702433586121,0.7664263248443604,-0.7651864886283875,0.9744568467140198,0.40490397810935974,0.6973937153816223,-0.958659827709198,0.9736730456352234,0.4607557952404022,0.7709370255470276,-0.8415035009384155,0.9111629128456116,0.4416083097457886,0.68522709608078,-1.0540896654129028,0.898834228515625,0.4700298309326172,0.7228223085403442,-0.8374913334846497,0.9090539813041687,0.4467626214027405,0.6467723250389099,-1.0425267219543457,0.8956241011619568,0.4788060486316681,0.7202685475349426,-0.7686509490013123,0.8942229151725769,0.43656298518180847,0.646941602230072,-0.9608480334281921,0.8850528001785278,0.5377784371376038,0.9743810296058655,-0.005460062529891729,0.9269228577613831,0.41131654381752014,0.9717576503753662,0.006532571744173765,0.9321240782737732,0.542481005191803,1.3707036972045898,0.15392754971981049,0.04387359321117401,0.4016067683696747,1.3682070970535278,0.13418008387088776,0.03865326941013336,0.544108510017395,1.715525507926941,0.5704320669174194,0.002983581740409136,0.41130444407463074,1.7111821174621582,0.48514261841773987,0.0024153473787009716,0.5483100414276123,1.7678967714309692,0.5948476195335388,0.002009722637012601,0.4092172384262085,1.761797308921814,0.5100094676017761,0.003705512033775449,0.5238387584686279,1.8328840732574463,0.290046364068985,0.0012194163864478469,0.4323699176311493,1.8324508666992188,0.18430738151073456,0.004280849359929562,0.0,0.0,0.0,0.0,0.0,0.0,0.0,0.0,0.0,0.0,0.0,0.0,0.0,0.0,0.0,0.0,0.0,0.0,0.0,0.0,0.0,0.0,0.0,0.0,0.0,0.0,0.0,0.0,0.0,0.0,0.0,0.0,0.0,0.0,0.0,0.0,0.0,0.0,0.0,0.0,0.0,0.0,0.0,0.0,0.0,0.0,0.0,0.0,0.0,0.0,0.0,0.0,0.0,0.0,0.0,0.0,0.0,0.0,0.0,0.0,0.0,0.0,0.0,0.40963977575302124,0.6737462282180786,-1.6117880363708537e-07,0.4219403564929962,0.6288830041885376,-0.009385449811816216,0.4415670931339264,0.6089457869529724,-0.013597166165709496,0.4621982276439667,0.5998561978340149,-0.015783989802002907,0.4776538908481598,0.5962479114532471,-0.016506019979715347,0.4593198597431183,0.6652219295501709,-0.01369679719209671,0.4788692593574524,0.6218528151512146,-0.01622544229030609,0.46673282980918884,0.6112129092216492,-0.016288908198475838,0.4570581018924713,0.6200608015060425,-0.015926990658044815,0.46245330572128296,0.6802828311920166,-0.009236135520040989,0.4799681305885315,0.6346191763877869,-0.012944691814482212,0.4693639576435089,0.623482346534729,-0.01352676935493946,0.46049466729164124,0.6327635049819946,-0.013729558326303959,0.4624654948711395,0.6872496604919434,-0.0046057794243097305,0.4794915020465851,0.6454808712005615,-0.008463996462523937,0.4708258807659149,0.6342200040817261,-0.007373136468231678,0.4617063105106354,0.643349826335907,-0.006123643834143877,0.46237796545028687,0.6867708563804626,-0.00026029179571196437,0.47615066170692444,0.6536900997161865,-0.004405717831104994,0.46900972723960876,0.6447139978408813,-0.003787287510931492,0.4614879786968231,0.6534928679466248,-0.002413955284282565
0.47830578684806824,0.24250894784927368,-0.7457515597343445,0.999944269657135,0.49037548899650574,0.212453693151474,-0.7110210061073303,0.9999338984489441,0.49913033843040466,0.21269236505031586,-0.7109626531600952,0.9999243021011353,0.5081918835639954,0.21384216845035553,-0.7108409404754639,0.9999139904975891,0.4664415121078491,0.21271362900733948,-0.711654782295227,0.9999455809593201,0.45706474781036377,0.2135317176580429,-0.7117737531661987,0.9999484419822693,0.4498077929019928,0.21449825167655945,-0.7120257616043091,0.9999535083770752,0.5185043811798096,0.23707501590251923,-0.45455610752105713,0.9999018907546997,0.43868646025657654,0.2412303239107132,-0.45569610595703125,0.9999511241912842,0.4967505633831024,0.2891904413700104,-0.6492081880569458,0.9999788999557495,0.46528205275535583,0.28717806935310364,-0.65008145570755,0.9999822974205017,0.5759748220443726,0.4767328202724457,-0.27585452795028687,0.9998070001602173,0.37960949540138245,0.474331259727478,-0.272763192653656,0.9998340606689453,0.6015650629997253,0.8069013953208923,-0.3825884759426117,0.9909130930900574,0.31910479068756104,0.7753154039382935,-0.4579210877418518,0.9947667121887207,0.5082700848579407,0.7693085074424744,-0.7613149881362915,0.9731111526489258,0.4039638340473175,0.7044628858566284,-0.9337445497512817,0.9732272624969482,0.465069442987442,0.7748226523399353,-0.8384197950363159,0.9077874422073364,0.4403410255908966,0.6952003240585327,-1.0286256074905396,0.8973664045333862,0.47191306948661804,0.7281870245933533,-0.8350945115089417,0.9057947397232056,0.4462341368198395,0.6558094024658203,-1.0162497758865356,0.8941990733146667,0.48045170307159424,0.7247834801673889,-0.7651453614234924,0.8907341361045837,0.43625667691230774,0.6550894379615784,-0.9355524182319641,0.8832905888557434,0.5359688401222229,0.9743014574050903,-0.006337817292660475,0.9247093200683594,0.4104551374912262,0.9713436365127563,0.00753777427598834,0.9307634234428406,0.5392152667045593,1.3725364208221436,0.1413077712059021,0.04261855036020279,0.39884695410728455,1.369956612586975,0.1254781037569046,0.03789833188056946,0.539997398853302,1.717900276184082,0.5481386184692383,0.002956588286906481,0.4079534411430359,1.713565468788147,0.4593299925327301,0.002369099063798785,0.544017493724823,1.7698180675506592,0.571539580821991,0.0020085459109395742,0.40617698431015015,1.7637596130371094,0.48220911622047424,0.0036416819784790277,0.5199817419052124,1.8347116708755493,0.2685803771018982,0.0012135904980823398,0.42861542105674744,1.834920048713684,0.1578884869813919,0.004252752289175987,0.0,0.0,0.0,0.0,0.0,0.0,0.0,0.0,0.0,0.0,0.0,0.0,0.0,0.0,0.0,0.0,0.0,0.0,0.0,0.0,0.0,0.0,0.0,0.0,0.0,0.0,0.0,0.0,0.0,0.0,0.0,0.0,0.0,0.0,0.0,0.0,0.0,0.0,0.0,0.0,0.0,0.0,0.0,0.0,0.0,0.0,0.0,0.0,0.0,0.0,0.0,0.0,0.0,0.0,0.0,0.0,0.0,0.0,0.0,0.0,0.0,0.0,0.0,0.4098234176635742,0.6748319864273071,-1.6038289629705105e-07,0.4216560125350952,0.6307672262191772,-0.010302632115781307,0.4407176971435547,0.6113939881324768,-0.015125185251235962,0.4611603915691376,0.6028247475624084,-0.017878081649541855,0.47699958086013794,0.5987383723258972,-0.01911233365535736,0.459175705909729,0.6672770380973816,-0.014004562050104141,0.47888287901878357,0.6238276958465576,-0.017009831964969635,0.4668276906013489,0.613817036151886,-0.01769171841442585,0.4571368098258972,0.6229500770568848,-0.017766457051038742,0.4621865749359131,0.6830123066902161,-0.00938255712389946,0.48018112778663635,0.6380527019500732,-0.013475101441144943,0.4700697362422943,0.627703845500946,-0.014634969644248486,0.46108385920524597,0.6365513801574707,-0.0152116185054183,0.46198540925979614,0.6906811594963074,-0.004712452180683613,0.47913888096809387,0.6496661901473999,-0.008853858336806297,0.4710833728313446,0.6393623948097229,-0.008133127354085445,0.4621149003505707,0.6482076048851013,-0.007109059486538172,0.46182432770729065,0.6909575462341309,-0.0004414584836922586,0.4757063388824463,0.6588010191917419,-0.0049328855238854885,0.4692309498786926,0.6500738859176636,-0.004646096844226122,0.4618840217590332,0.6584504842758179,-0.0034664017148315907
0.47840777039527893,0.2437346875667572,-0.7489851713180542,0.9999449849128723,0.4905024468898773,0.2134992629289627,-0.7150849103927612,0.9999348521232605,0.49933871626853943,0.21402649581432343,-0.7150367498397827,0.9999252557754517,0.5084678530693054,0.2152889370918274,-0.7149208784103394,0.9999151229858398,0.46625417470932007,0.21362008154392242,-0.7151935696601868,0.9999464154243469,0.45691078901290894,0.21447303891181946,-0.7153280377388,0.9999492168426514,0.44957876205444336,0.21557702124118805,-0.7155764102935791,0.9999542832374573,0.518622875213623,0.23906342685222626,-0.4604393541812897,0.9999029040336609,0.4382195472717285,0.24237467348575592,-0.45905256271362305,0.9999514222145081,0.49720561504364014,0.289710134267807,-0.6528605818748474,0.9999789595603943,0.46517667174339294,0.2877347469329834,-0.6530562043190002,0.9999824166297913,0.5761207938194275,0.47832077741622925,-0.28487369418144226,0.9998018741607666,0.3789201080799103,0.4756312668323517,-0.27145153284072876,0.9998372197151184,0.6017056107521057,0.8083614110946655,-0.390725702047348,0.9907686710357666,0.3179391324520111,0.777185320854187,-0.45591822266578674,0.9946947693824768,0.5060256719589233,0.772816002368927,-0.7710363268852234,0.9725406765937805,0.4015575051307678,0.7063435912132263,-0.9402112364768982,0.9731443524360657,0.4624693989753723,0.7820565104484558,-0.8498432636260986,0.9062753915786743,0.4362833797931671,0.6988001465797424,-1.036803126335144,0.8971133232116699,0.46890968084335327,0.7329187989234924,-0.847344160079956,0.9042887091636658,0.44308212399482727,0.657524049282074,-1.025138258934021,0.8940809369087219,0.47761884331703186,0.7289441823959351,-0.7750898599624634,0.8892649412155151,0.4330960512161255,0.6568683981895447,-0.942654013633728,0.8830437064170837,0.5366230010986328,0.9774360656738281,-0.007091311737895012,0.9267299771308899,0.41073092818260193,0.9734755754470825,0.008255520835518837,0.9330640435218811,0.5411837697029114,1.3747271299362183,0.1431889832019806,0.042494527995586395,0.4007270038127899,1.372809648513794,0.142551988363266,0.03803640976548195,0.5435575246810913,1.7202515602111816,0.5536257028579712,0.002940570469945669,0.41097700595855713,1.717225432395935,0.48862630128860474,0.002360731130465865,0.5476371645927429,1.7718775272369385,0.5776488780975342,0.0020108181051909924,0.4094600975513458,1.7669044733047485,0.5129883289337158,0.003601385746151209,0.5239323377609253,1.837580680847168,0.27537256479263306,0.0012150994734838605,0.4317519962787628,1.8398587703704834,0.19078078866004944,0.004250061698257923,0.0,0.0,0.0,0.0,0.0,0.0,0.0,0.0,0.0,0.0,0.0,0.0,0.0,0.0,0.0,0.0,0.0,0.0,0.0,0.0,0.0,0.0,0.0,0.0,0.0,0.0,0.0,0.0,0.0,0.0,0.0,0.0,0.0,0.0,0.0,0.0,0.0,0.0,0.0,0.0,0.0,0.0,0.0,0.0,0.0,0.0,0.0,0.0,0.0,0.0,0.0,0.0,0.0,0.0,0.0,0.0,0.0,0.0,0.0,0.0,0.0,0.0,0.0,0.41142064332962036,0.676588773727417,-1.478155695622263e-07,0.42176753282546997,0.6325788497924805,-0.0102128516882658,0.4410037696361542,0.6136508584022522,-0.014577996917068958,0.46124207973480225,0.6054632663726807,-0.016673758625984192,0.4766869843006134,0.5999043583869934,-0.017319105565547943,0.46014928817749023,0.6679983735084534,-0.014416181482374668,0.4789482653141022,0.6264904141426086,-0.01700754463672638,0.4672645032405853,0.6158519387245178,-0.01723184995353222,0.4579148292541504,0.6243454813957214,-0.017023665830492973,0.4632284939289093,0.6841027140617371,-0.009494060650467873,0.479907363653183,0.6397430300712585,-0.013283454813063145,0.46931323409080505,0.6286229491233826,-0.013894982635974884,0.460798978805542,0.6377753615379333,-0.014104867354035378,0.4629342257976532,0.6913135051727295,-0.0044662985019385815,0.4791044294834137,0.6503743529319763,-0.00873648189008236,0.47050464153289795,0.6393682360649109,-0.0076589640229940414,0.46201518177986145,0.6485989093780518,-0.0063262032344937325,0.4625926911830902,0.690364420413971,0.00023210688959807158,0.4760443866252899,0.6584027409553528,-0.004399817902594805,0.4689209461212158,0.6497055888175964,-0.0038876119069755077,0.46173161268234253,0.6585326194763184,-0.002483558375388384
0.4786982834339142,0.24498632550239563,-0.7444413900375366,0.999945342540741,0.49083617329597473,0.21459996700286865,-0.7099546790122986,0.999934732913971,0.4996739625930786,0.21534617245197296,-0.7099254727363586,0.9999252557754517,0.5086330771446228,0.2166881412267685,-0.7098029851913452,0.9999145269393921,0.4666575789451599,0.21449318528175354,-0.7115605473518372,0.999946653842926,0.45728570222854614,0.21532541513442993,-0.7117063403129578,0.9999497532844543,0.44972869753837585,0.2164778709411621,-0.7119734883308411,0.9999547004699707,0.5187541246414185,0.24082893133163452,-0.4527190029621124,0.9999018907546997,0.4380964934825897,0.24324773252010345,-0.45849671959877014,0.9999517798423767,0.49725106358528137,0.2903149127960205,-0.647333562374115,0.9999787211418152,0.46532776951789856,0.2882668375968933,-0.6495327353477478,0.999982476234436,0.5757576823234558,0.47884079813957214,-0.27079489827156067,0.9997972249984741,0.37791022658348083,0.4754754602909088,-0.27214494347572327,0.9998415112495422,0.5993513464927673,0.8071973919868469,-0.3731240928173065,0.9904294610023499,0.31936824321746826,0.7772369980812073,-0.4563070237636566,0.9945513010025024,0.5093905329704285,0.7802063226699829,-0.7432162165641785,0.9718196988105774,0.39690494537353516,0.712765097618103,-0.9419219493865967,0.9733137488365173,0.4637953042984009,0.786958634853363,-0.8203428983688354,0.9048489332199097,0.43027740716934204,0.7055112719535828,-1.037947416305542,0.8982141017913818,0.473550945520401,0.744694709777832,-0.8199596405029297,0.9029076099395752,0.43613868951797485,0.6651005744934082,-1.0297259092330933,0.8955544829368591,0.48122739791870117,0.7396225333213806,-0.7482376098632812,0.8878760933876038,0.4262707829475403,0.6647816896438599,-0.9454953670501709,0.8847694396972656,0.5362941026687622,0.9775784015655518,-0.006981727667152882,0.9268509149551392,0.41119393706321716,0.9747974276542664,0.008125712163746357,0.933862030506134,0.5413874983787537,1.375345230102539,0.13566313683986664,0.04203192517161369,0.40198272466659546,1.3739356994628906,0.13468845188617706,0.036897510290145874,0.542941153049469,1.720823884010315,0.5343720316886902,0.002910431008785963,0.41125667095184326,1.7188999652862549,0.4787820875644684,0.0022971711587160826,0.5470638871192932,1.7720197439193726,0.5569639205932617,0.002010754309594631,0.40909427404403687,1.7682151794433594,0.502946674823761,0.0035272068344056606,0.5225263237953186,1.8381030559539795,0.25456559658050537,0.0012030861107632518,0.4325871169567108,1.8413211107254028,0.1798887550830841,0.004166934173554182,0.0,0.0,0.0,0.0,0.0,0.0,0.0,0.0,0.0,0.0,0.0,0.0,0.0,0.0,0.0,0.0,0.0,0.0,0.0,0.0,0.0,0.0,0.0,0.0,0.0,0.0,0.0,0.0,0.0,0.0,0.0,0.0,0.0,0.0,0.0,0.0,0.0,0.0,0.0,0.0,0.0,0.0,0.0,0.0,0.0,0.0,0.0,0.0,0.0,0.0,0.0,0.0,0.0,0.0,0.0,0.0,0.0,0.0,0.0,0.0,0.0,0.0,0.0,0.4118751287460327,0.6762630343437195,-1.5142741460749676e-07,0.4228547215461731,0.6322954893112183,-0.009547476656734943,0.4415890872478485,0.6131781935691833,-0.013996222987771034,0.46207764744758606,0.6050412654876709,-0.016435611993074417,0.4775776267051697,0.6006288528442383,-0.01742127165198326,0.4590328633785248,0.666632354259491,-0.013999519869685173,0.47854083776474,0.6256910562515259,-0.016833942383527756,0.4669889509677887,0.6159971356391907,-0.017135243862867355,0.4574359655380249,0.6247187852859497,-0.01690092869102955,0.462614506483078,0.6825373768806458,-0.009713206440210342,0.4802219271659851,0.6396462917327881,-0.013307083398103714,0.47052374482154846,0.6294753551483154,-0.01401891466230154,0.4617457091808319,0.6382024884223938,-0.014360311441123486,0.46288564801216125,0.6910816431045532,-0.00531691312789917,0.47930097579956055,0.6515721678733826,-0.00883881002664566,0.4714148938655853,0.6414764523506165,-0.007829566486179829,0.46279269456863403,0.6501373052597046,-0.0067753721959888935,0.4628795385360718,0.6923614144325256,-0.0012851671781390905,0.47581830620765686,0.6615055799484253,-0.0051385387778282166,0.4693729281425476,0.6530312895774841,-0.0045644608326256275,0.4623609781265259,0.6610385775566101,-0.0033433884382247925
0.4799210727214813,0.24559642374515533,-0.7529213428497314,0.9999459385871887,0.4918185770511627,0.21516172587871552,-0.7168170213699341,0.9999359250068665,0.5007033944129944,0.21595123410224915,-0.7167866230010986,0.9999266862869263,0.509360671043396,0.2173933982849121,-0.7166741490364075,0.9999161958694458,0.46747010946273804,0.2150665819644928,-0.7197452187538147,0.9999473094940186,0.4583367109298706,0.21606741845607758,-0.7198807597160339,0.9999503493309021,0.45052045583724976,0.21742971241474152,-0.7201462984085083,0.9999551773071289,0.5190771818161011,0.24150218069553375,-0.4514065384864807,0.9999034404754639,0.4387274980545044,0.24443788826465607,-0.46360570192337036,0.9999524354934692,0.4984894394874573,0.29067930579185486,-0.6527544856071472,0.9999788403511047,0.46631160378456116,0.2888171076774597,-0.6566578149795532,0.999982476234436,0.5761615037918091,0.47822242975234985,-0.2602755129337311,0.9997975826263428,0.3783714473247528,0.4753281772136688,-0.27885711193084717,0.9998413324356079,0.6024671196937561,0.805868923664093,-0.3711189925670624,0.9905470013618469,0.3196961283683777,0.7775968313217163,-0.46372947096824646,0.9945923089981079,0.513149082660675,0.7706514596939087,-0.770691990852356,0.972390353679657,0.4001067876815796,0.7046664357185364,-0.9497447609901428,0.9734500646591187,0.47683483362197876,0.7849104404449463,-0.8521392345428467,0.9063776135444641,0.43381044268608093,0.6993197202682495,-1.0462614297866821,0.8985300064086914,0.4891745150089264,0.7391461730003357,-0.8527470827102661,0.9045858979225159,0.4411362409591675,0.6564501523971558,-1.0388410091400146,0.8959391713142395,0.4961717426776886,0.733832061290741,-0.7769853472709656,0.8894200325012207,0.430534303188324,0.6566241383552551,-0.9533798098564148,0.8852582573890686,0.5355465412139893,0.9788908958435059,-0.004472486674785614,0.9279468655586243,0.4101818799972534,0.9750857949256897,0.005513566080480814,0.9348323345184326,0.5421920418739319,1.3758949041366577,0.14401711523532867,0.04281703382730484,0.4022355079650879,1.3734670877456665,0.1144610345363617,0.03690977022051811,0.5432215929031372,1.7209608554840088,0.5555312633514404,0.00295129232108593,0.4107604920864105,1.717842698097229,0.4481005072593689,0.0023002743255347013,0.5471163988113403,1.772233486175537,0.5792900919914246,0.0020494849886745214,0.4084925949573517,1.7669427394866943,0.4707692861557007,0.0035159927792847157,0.5240949392318726,1.836300253868103,0.27699506282806396,0.0012351786717772484,0.432079941034317,1.8390494585037231,0.1444265991449356,0.004190440289676189,0.0,0.0,0.0,0.0,0.0,0.0,0.0,0.0,0.0,0.0,0.0,0.0,0.0,0.0,0.0,0.0,0.0,0.0,0.0,0.0,0.0,0.0,0.0,0.0,0.0,0.0,0.0,0.0,0.0,0.0,0.0,0.0,0.0,0.0,0.0,0.0,0.0,0.0,0.0,0.0,0.0,0.0,0.0,0.0,0.0,0.0,0.0,0.0,0.0,0.0,0.0,0.0,0.0,0.0,0.0,0.0,0.0,0.0,0.0,0.0,0.0,0.0,0.0,0.4116164445877075,0.6772759556770325,-1.540485499162969e-07,0.4221636950969696,0.6336717009544373,-0.0106693459674716,0.4417162239551544,0.6146354079246521,-0.015021661296486855,0.4622138440608978,0.6060136556625366,-0.01691793091595173,0.47762149572372437,0.6014816761016846,-0.01729241944849491,0.4604039192199707,0.6701894402503967,-0.014728134498000145,0.4787350594997406,0.627167284488678,-0.017170995473861694,0.4671081602573395,0.6160730123519897,-0.017056802287697792,0.4577476680278778,0.6242895126342773,-0.016594981774687767,0.46372219920158386,0.6856873035430908,-0.00943339429795742,0.479984313249588,0.6397655010223389,-0.013020860962569714,0.4695478677749634,0.6283254027366638,-0.013366585597395897,0.46111682057380676,0.637161910533905,-0.013425297103822231,0.4636417329311371,0.6923825740814209,-0.004058891907334328,0.4794808626174927,0.6498565673828125,-0.008282113820314407,0.47070080041885376,0.6389682292938232,-0.007153159007430077,0.46217361092567444,0.6479249000549316,-0.005793857388198376,0.46337974071502686,0.691279947757721,0.0009589980472810566,0.4760597050189972,0.6582087278366089,-0.0038712082896381617,0.46887269616127014,0.6495831608772278,-0.003552587702870369,0.46181684732437134,0.6579962968826294,-0.002235573250800371
0.4787995219230652,0.24607215821743011,-0.7468520402908325,0.9999462366104126,0.4910293221473694,0.21570080518722534,-0.7110226154327393,0.9999368786811829,0.49999502301216125,0.21657143533229828,-0.7109962701797485,0.9999279975891113,0.5089296698570251,0.2180333435535431,-0.7108811736106873,0.9999179244041443,0.4666784703731537,0.21544340252876282,-0.7135766744613647,0.9999474287033081,0.45739203691482544,0.21646617352962494,-0.7137185335159302,0.9999503493309021,0.44975006580352783,0.21788743138313293,-0.7139788866043091,0.9999549984931946,0.5193790197372437,0.24210843443870544,-0.44628965854644775,0.9999052286148071,0.4382423758506775,0.24493063986301422,-0.4567703306674957,0.999952495098114,0.49731045961380005,0.2909581661224365,-0.6469288468360901,0.9999789595603943,0.4652022123336792,0.2892055809497833,-0.6502944827079773,0.9999823570251465,0.5763099193572998,0.47822830080986023,-0.25526171922683716,0.999803900718689,0.3782219886779785,0.4752967655658722,-0.27109140157699585,0.9998419284820557,0.601035475730896,0.8056593537330627,-0.35835450887680054,0.9908763766288757,0.3210920989513397,0.7781603932380676,-0.44905659556388855,0.994719386100769,0.5170994997024536,0.7686010003089905,-0.7644668221473694,0.9735497832298279,0.40501442551612854,0.7053987979888916,-0.9305633902549744,0.9742851853370667,0.4772956967353821,0.7824058532714844,-0.846206545829773,0.9094527363777161,0.43981266021728516,0.696720540523529,-1.02510666847229,0.9008380770683289,0.49312224984169006,0.7349739074707031,-0.8461322784423828,0.9078060388565063,0.4455149471759796,0.6541027426719666,-1.0183384418487549,0.898163378238678,0.4996556043624878,0.729981005191803,-0.770403265953064,0.8927632570266724,0.43466606736183167,0.6535125970840454,-0.9341796040534973,0.8874052166938782,0.5364564657211304,0.9784799218177795,-0.0035146509762853384,0.9290662407875061,0.410697340965271,0.9757490158081055,0.004526758100837469,0.9355449080467224,0.5420738458633423,1.3765212297439575,0.1282922774553299,0.04374806955456734,0.4020569920539856,1.373211145401001,0.09776533395051956,0.03771601989865303,0.5417206883430481,1.7217206954956055,0.5370846390724182,0.003026917576789856,0.409973680973053,1.7180349826812744,0.4252636134624481,0.002358682220801711,0.5453794002532959,1.7727141380310059,0.5605032444000244,0.002102893078699708,0.40773269534111023,1.766996145248413,0.4469163715839386,0.003577904310077429,0.5229352116584778,1.837071180343628,0.2596913278102875,0.001272324356250465,0.43100929260253906,1.8390202522277832,0.11962234973907471,0.00426213163882494,0.0,0.0,0.0,0.0,0.0,0.0,0.0,0.0,0.0,0.0,0.0,0.0,0.0,0.0,0.0,0.0,0.0,0.0,0.0,0.0,0.0,0.0,0.0,0.0,0.0,0.0,0.0,0.0,0.0,0.0,0.0,0.0,0.0,0.0,0.0,0.0,0.0,0.0,0.0,0.0,0.0,0.0,0.0,0.0,0.0,0.0,0.0,0.0,0.0,0.0,0.0,0.0,0.0,0.0,0.0,0.0,0.0,0.0,0.0,0.0,0.0,0.0,0.0,0.41058164834976196,0.6774256229400635,-1.6763563337462983e-07,0.42136654257774353,0.6332752704620361,-0.011297708377242088,0.44041338562965393,0.61518394947052,-0.01643468625843525,0.46100914478302,0.606779932975769,-0.019034074619412422,0.47678130865097046,0.6009348630905151,-0.019997043535113335,0.45968496799468994,0.6700118780136108,-0.01661105826497078,0.4790651500225067,0.6256058216094971,-0.019752811640501022,0.46728137135505676,0.6158177852630615,-0.019582001492381096,0.457387238740921,0.6246159672737122,-0.018916325643658638,0.4629029333591461,0.6857425570487976,-0.011354080401360989,0.4801477789878845,0.6385865211486816,-0.01604537107050419,0.46965745091438293,0.6280829310417175,-0.016553085297346115,0.4606548547744751,0.6366016864776611,-0.01651364378631115,0.46298497915267944,0.6921048164367676,-0.006002022884786129,0.4794529974460602,0.6483784914016724,-0.010979289188981056,0.47118833661079407,0.638171374797821,-0.009920114651322365,0.46254962682724,0.6467180848121643,-0.008465985767543316,0.46300241351127625,0.6905263066291809,-0.0010272783692926168,0.4762551784515381,0.6555125713348389,-0.006341096013784409,0.46930983662605286,0.6471017599105835,-0.006090146489441395,0.4619101285934448,0.6551786661148071,-0.004721801728010178
0.47948968410491943,0.246382474899292,-0.7382462620735168,0.9999458193778992,0.4915376603603363,0.2159648835659027,-0.7031576633453369,0.9999359250068665,0.5003992319107056,0.21688434481620789,-0.7031416296958923,0.9999270439147949,0.5091373324394226,0.21833327412605286,-0.7030213475227356,0.9999167323112488,0.46724027395248413,0.21571531891822815,-0.7058824300765991,0.9999470114707947,0.4579351842403412,0.21681314706802368,-0.7060388922691345,0.999950110912323,0.45029115676879883,0.2183222621679306,-0.7063040137290955,0.9999547600746155,0.5190412402153015,0.24222084879875183,-0.44308167695999146,0.9999032616615295,0.4382787346839905,0.24518783390522003,-0.45374566316604614,0.9999521970748901,0.4978766441345215,0.2911219894886017,-0.6398192048072815,0.9999784827232361,0.4657595753669739,0.28945448994636536,-0.6434339880943298,0.9999821186065674,0.5752044320106506,0.4764555096626282,-0.25735530257225037,0.9998026490211487,0.37785619497299194,0.47429159283638,-0.2680162191390991,0.9998446106910706,0.599780797958374,0.8009771704673767,-0.35536617040634155,0.9906989336013794,0.3208393156528473,0.777500569820404,-0.44510188698768616,0.994696855545044,0.5015108585357666,0.7661146521568298,-0.7339984774589539,0.9733433723449707,0.40273523330688477,0.7071766257286072,-0.9206467270851135,0.9742567539215088,0.4654309153556824,0.7792312502861023,-0.8117249608039856,0.9090504050254822,0.4373847544193268,0.6967484354972839,-1.014550805091858,0.9006739258766174,0.47453051805496216,0.7330993413925171,-0.8099378943443298,0.907484769821167,0.4431920349597931,0.6567646861076355,-1.007269263267517,0.898075520992279,0.482552707195282,0.7283293008804321,-0.7383807301521301,0.8922232389450073,0.4324988126754761,0.6567948460578918,-0.9241847395896912,0.887060821056366,0.5379762649536133,0.9784488081932068,-0.0032971836626529694,0.9281888008117676,0.41346219182014465,0.9752503633499146,0.004386940971016884,0.9354640245437622,0.5437634587287903,1.3753864765167236,0.13392356038093567,0.04403011500835419,0.4049401581287384,1.3717913627624512,0.12259199470281601,0.0373455248773098,0.5454198718070984,1.718440055847168,0.5284414887428284,0.0032209644559770823,0.414846271276474,1.7155883312225342,0.4577255845069885,0.002420860342681408,0.5492064952850342,1.7690626382827759,0.550830066204071,0.0022443507332354784,0.41286367177963257,1.76408052444458,0.48072242736816406,0.003705061273649335,0.5263143181800842,1.8338298797607422,0.2524240016937256,0.0013323613675311208,0.4359140396118164,1.8364619016647339,0.16157175600528717,0.004381914623081684,0.0,0.0,0.0,0.0,0.0,0.0,0.0,0.0,0.0,0.0,0.0,0.0,0.0,0.0,0.0,0.0,0.0,0.0,0.0,0.0,0.0,0.0,0.0,0.0,0.0,0.0,0.0,0.0,0.0,0.0,0.0,0.0,0.0,0.0,0.0,0.0,0.0,0.0,0.0,0.0,0.0,0.0,0.0,0.0,0.0,0.0,0.0,0.0,0.0,0.0,0.0,0.0,0.0,0.0,0.0,0.0,0.0,0.0,0.0,0.0,0.0,0.0,0.0,0.41113194823265076,0.677298367023468,-1.569206347085128e-07,0.42135879397392273,0.6326756477355957,-0.01115809939801693,0.4409168064594269,0.6134595274925232,-0.015604532323777676,0.46193522214889526,0.604597270488739,-0.01737436279654503,0.477229505777359,0.5994922518730164,-0.017604835331439972,0.45966508984565735,0.6699078679084778,-0.01616303250193596,0.47858577966690063,0.6248260736465454,-0.018504491075873375,0.4668906629085541,0.6134042143821716,-0.017844954505562782,0.45737865567207336,0.6216723322868347,-0.016939157620072365,0.4632023870944977,0.6848058700561523,-0.010496794246137142,0.4801420271396637,0.6368748545646667,-0.014321272261440754,0.4693342447280884,0.6247491240501404,-0.014413828030228615,0.4604817032814026,0.6336767077445984,-0.01418217271566391,0.46341589093208313,0.6904778480529785,-0.004692439455538988,0.47999486327171326,0.6461402177810669,-0.009176244959235191,0.4708826243877411,0.6347314119338989,-0.00810614787042141,0.46190398931503296,0.6437665224075317,-0.00668218033388257,0.46344882249832153,0.6882504224777222,0.0007693978259339929,0.4766862392425537,0.6536908745765686,-0.004393709357827902,0.4691404104232788,0.6448455452919006,-0.004276919644325972,0.4617132842540741,0.6533927321434021,-0.003038210328668356
0.47996100783348083,0.2465735226869583,-0.748354971408844,0.9999415278434753,0.4921332001686096,0.21603165566921234,-0.7123744487762451,0.9999319314956665,0.5009425282478333,0.21692222356796265,-0.7123584151268005,0.9999231696128845,0.5095609426498413,0.21836894750595093,-0.7122458815574646,0.9999122619628906,0.4677678048610687,0.21595200896263123,-0.7163481116294861,0.9999430775642395,0.45866331458091736,0.21702492237091064,-0.7165043354034424,0.9999465346336365,0.45077183842658997,0.21842946112155914,-0.7167735695838928,0.9999512434005737,0.5192412734031677,0.2422262728214264,-0.44739672541618347,0.9998971819877625,0.43888795375823975,0.24534234404563904,-0.4640069603919983,0.9999486207962036,0.49816328287124634,0.2913360297679901,-0.6481322050094604,0.9999764561653137,0.46631962060928345,0.2897745370864868,-0.6532592177391052,0.9999804496765137,0.5762585401535034,0.4768804907798767,-0.25513288378715515,0.9997918605804443,0.37731707096099854,0.47544601559638977,-0.2812846004962921,0.9998390674591064,0.6007339358329773,0.8056501746177673,-0.37422701716423035,0.9902747869491577,0.32154926657676697,0.7806076407432556,-0.45757970213890076,0.9946933388710022,0.5251145362854004,0.7572402954101562,-0.7888677716255188,0.9734643697738647,0.4059840142726898,0.7054803371429443,-0.925765872001648,0.9743393659591675,0.48389238119125366,0.767920196056366,-0.8822639584541321,0.9097660183906555,0.43981197476387024,0.695353090763092,-1.0186493396759033,0.9007875323295593,0.5018565654754639,0.7151442766189575,-0.868977427482605,0.9083647131919861,0.4453272521495819,0.654719352722168,-1.0127203464508057,0.8982021808624268,0.5073081851005554,0.7125181555747986,-0.7924231290817261,0.8931326866149902,0.4349960386753082,0.6547995209693909,-0.9295490384101868,0.886709451675415,0.5367754101753235,0.9778311252593994,-0.00070011435309425,0.9273899793624878,0.4115188717842102,0.9740003943443298,0.0017158208647742867,0.9349995851516724,0.544853150844574,1.3747384548187256,0.14312651753425598,0.044173114001750946,0.4060150980949402,1.3703073263168335,0.11584442108869553,0.03745207563042641,0.5460389852523804,1.7159006595611572,0.5440091490745544,0.003287423634901643,0.41513141989707947,1.713321566581726,0.441863477230072,0.0024394970387220383,0.5495639443397522,1.7664368152618408,0.5668643116950989,0.0023608191404491663,0.4127340316772461,1.7616534233093262,0.46355757117271423,0.0037917487788945436,0.5279378294944763,1.8300211429595947,0.2686060965061188,0.0013706913450732827,0.43620243668556213,1.832655668258667,0.14315134286880493,0.004458460956811905,0.0,0.0,0.0,0.0,0.0,0.0,0.0,0.0,0.0,0.0,0.0,0.0,0.0,0.0,0.0,0.0,0.0,0.0,0.0,0.0,0.0,0.0,0.0,0.0,0.0,0.0,0.0,0.0,0.0,0.0,0.0,0.0,0.0,0.0,0.0,0.0,0.0,0.0,0.0,0.0,0.0,0.0,0.0,0.0,0.0,0.0,0.0,0.0,0.0,0.0,0.0,0.0,0.0,0.0,0.0,0.0,0.0,0.0,0.0,0.0,0.0,0.0,0.0,0.4108782410621643,0.6775774359703064,-1.6479569353577972e-07,0.4209601879119873,0.6333888173103333,-0.011650068685412407,0.4397922158241272,0.6151981353759766,-0.016699379310011864,0.460221529006958,0.6064921021461487,-0.01910880021750927,0.4757273197174072,0.599791407585144,-0.019878892228007317,0.45893943309783936,0.6694351434707642,-0.01690286211669445,0.4786987602710724,0.6254509687423706,-0.01999581791460514,0.46696001291275024,0.6149543523788452,-0.019708819687366486,0.45709919929504395,0.6236409544944763,-0.018973030149936676,0.462644100189209,0.6849801540374756,-0.011341790668666363,0.480074942111969,0.6379536390304565,-0.01605006866157055,0.4694201946258545,0.6263854503631592,-0.01643660105764866,0.46055591106414795,0.6349416971206665,-0.01627742312848568,0.4630555808544159,0.6909016966819763,-0.005728143732994795,0.47973811626434326,0.6468575596809387,-0.010946637950837612,0.47124382853507996,0.6356889605522156,-0.01000357884913683,0.46263888478279114,0.6441731452941895,-0.008531434461474419,0.46322008967399597,0.6886855959892273,-0.0004993193433620036,0.47645923495292664,0.6532409191131592,-0.006086166016757488,0.4692956805229187,0.6444209218025208,-0.0060160099528729916,0.46186137199401855,0.6526747345924377,-0.004733290523290634
0.4795505702495575,0.24696697294712067,-0.749111533164978,0.9999343156814575,0.49213263392448425,0.2162325531244278,-0.7118872404098511,0.9999248385429382,0.5010847449302673,0.21711285412311554,-0.7118756175041199,0.9999157190322876,0.5096622705459595,0.21858146786689758,-0.711770236492157,0.9999032616615295,0.46742770075798035,0.21630410850048065,-0.7177841067314148,0.9999372363090515,0.4582991600036621,0.21739667654037476,-0.71794193983078,0.9999414682388306,0.45033496618270874,0.21875987946987152,-0.718232274055481,0.9999465942382812,0.51927250623703,0.24256449937820435,-0.4415595829486847,0.9998852610588074,0.43829280138015747,0.24550761282444,-0.4665008783340454,0.9999443292617798,0.497694194316864,0.2916548252105713,-0.6466366052627563,0.9999729990959167,0.46584197878837585,0.29018130898475647,-0.65406733751297,0.9999779462814331,0.575779139995575,0.4770953059196472,-0.23846599459648132,0.9997687935829163,0.37643393874168396,0.4756510555744171,-0.2853388488292694,0.9998317360877991,0.6002179980278015,0.8056789636611938,-0.3612297475337982,0.9898507595062256,0.3220957815647125,0.7810478806495667,-0.45294758677482605,0.9946723580360413,0.5205107927322388,0.753260612487793,-0.7882677912712097,0.9726116061210632,0.40508854389190674,0.7058511972427368,-0.904075562953949,0.9742859601974487,0.4823971092700958,0.7596278786659241,-0.8730979561805725,0.9077748656272888,0.4393453001976013,0.6961727738380432,-0.9941161870956421,0.9004732966423035,0.5005971789360046,0.7111096978187561,-0.8714500069618225,0.9063811898231506,0.4437800347805023,0.6534327268600464,-0.9900557398796082,0.8979328274726868,0.506364643573761,0.7086194157600403,-0.79510098695755,0.8907324075698853,0.43361911177635193,0.653215765953064,-0.9077195525169373,0.885975182056427,0.5354557037353516,0.976641058921814,0.005206609610468149,0.9262235760688782,0.4109165072441101,0.9737629294395447,-0.004310321528464556,0.9342149496078491,0.5423635840415955,1.374369740486145,0.148011714220047,0.04546567052602768,0.4032169282436371,1.3701733350753784,0.09535346925258636,0.03825439140200615,0.5427234768867493,1.715706467628479,0.5496076345443726,0.003484840504825115,0.41247352957725525,1.7133949995040894,0.4196493327617645,0.0025576786138117313,0.5460879802703857,1.76636803150177,0.5724211931228638,0.002582804998382926,0.409757137298584,1.7618451118469238,0.440421462059021,0.004010368138551712,0.5260283946990967,1.8290518522262573,0.2738131582736969,0.001485211425460875,0.43481743335723877,1.8326340913772583,0.11605754494667053,0.00468086963519454,0.0,0.0,0.0,0.0,0.0,0.0,0.0,0.0,0.0,0.0,0.0,0.0,0.0,0.0,0.0,0.0,0.0,0.0,0.0,0.0,0.0,0.0,0.0,0.0,0.0,0.0,0.0,0.0,0.0,0.0,0.0,0.0,0.0,0.0,0.0,0.0,0.0,0.0,0.0,0.0,0.0,0.0,0.0,0.0,0.0,0.0,0.0,0.0,0.0,0.0,0.0,0.0,0.0,0.0,0.0,0.0,0.0,0.0,0.0,0.0,0.0,0.0,0.0,0.4100983738899231,0.6784031987190247,-1.6537119051918125e-07,0.42067480087280273,0.6338391304016113,-0.011758907698094845,0.439525842666626,0.6154603958129883,-0.01692342385649681,0.46006348729133606,0.6070740818977356,-0.01945165917277336,0.4758186638355255,0.6005939841270447,-0.0202970989048481,0.45971837639808655,0.6690595149993896,-0.016278330236673355,0.4788832366466522,0.6251163482666016,-0.019292648881673813,0.4667815864086151,0.6152356266975403,-0.01920299418270588,0.4568933844566345,0.6245911121368408,-0.01867779530584812,0.4632444977760315,0.6848155856132507,-0.0107174813747406,0.4801366329193115,0.6377583146095276,-0.015338906086981297,0.4693371057510376,0.6267975568771362,-0.01586165465414524,0.46050921082496643,0.6358513236045837,-0.01584223285317421,0.46338286995887756,0.691051185131073,-0.005150382407009602,0.4794718325138092,0.6473457217216492,-0.010233746841549873,0.4709501266479492,0.6368779540061951,-0.009272533468902111,0.46252956986427307,0.6458501815795898,-0.007861677557229996,0.46327874064445496,0.6893830299377441,-1.2064447219017893e-05,0.4760420024394989,0.6543920040130615,-0.005529544781893492,0.46877411007881165,0.6461407542228699,-0.0054088919423520565,0.46152251958847046,0.6547372937202454,-0.004099820740520954
0.4819307029247284,0.2474076747894287,-0.7494730353355408,0.999930739402771,0.49347159266471863,0.21657107770442963,-0.7129780054092407,0.999920666217804,0.502208948135376,0.21745064854621887,-0.712986409664154,0.9999113082885742,0.5103910565376282,0.2189497947692871,-0.7128859162330627,0.9998981356620789,0.46871525049209595,0.21664714813232422,-0.7179518938064575,0.9999341368675232,0.45976904034614563,0.21776163578033447,-0.71812504529953,0.99993896484375,0.4516717195510864,0.21925322711467743,-0.7183944582939148,0.9999443292617798,0.5188239216804504,0.2431105673313141,-0.44770243763923645,0.9998780488967896,0.439293771982193,0.24614091217517853,-0.4685080945491791,0.9999412298202515,0.49999892711639404,0.2919371426105499,-0.6489583253860474,0.9999708533287048,0.46794167160987854,0.29054367542266846,-0.6553605198860168,0.9999764561653137,0.575782060623169,0.4771241843700409,-0.2562573552131653,0.9997533559799194,0.37689200043678284,0.4765322208404541,-0.28288033604621887,0.9998248815536499,0.601563572883606,0.8031699061393738,-0.3687342703342438,0.9892539381980896,0.3216956555843353,0.7832469344139099,-0.44677865505218506,0.9944452047348022,0.5184205174446106,0.7614666819572449,-0.7840436100959778,0.9706302285194397,0.4041343927383423,0.7063902020454407,-0.9034647345542908,0.9733818173408508,0.4808850884437561,0.7727167010307312,-0.8662267923355103,0.9035935401916504,0.43779468536376953,0.6942077875137329,-0.99635249376297,0.8982406258583069,0.49200913310050964,0.7232598066329956,-0.8680784702301025,0.9024349451065063,0.4423350989818573,0.6527507305145264,-0.9899943470954895,0.895767331123352,0.49856844544410706,0.7188195586204529,-0.7913736701011658,0.8858870267868042,0.4323703348636627,0.6533819437026978,-0.9069551229476929,0.8826971650123596,0.5363354086875916,0.9755558967590332,0.0045273182913661,0.9235566854476929,0.41213148832321167,0.9733172655105591,-0.0035329204984009266,0.9321733713150024,0.5426727533340454,1.373114824295044,0.15067872405052185,0.04871227219700813,0.40590015053749084,1.368901014328003,0.1054198369383812,0.04100963473320007,0.545181393623352,1.7118072509765625,0.5541550517082214,0.004044286906719208,0.4163958728313446,1.7107599973678589,0.4336172938346863,0.0029760939069092274,0.5482438802719116,1.762156367301941,0.5775681734085083,0.0029145507141947746,0.4149048924446106,1.7584624290466309,0.4552648365497589,0.004561827052384615,0.5284745097160339,1.824038028717041,0.2813291847705841,0.0017324095824733377,0.4367045760154724,1.8295263051986694,0.1358252465724945,0.005337252747267485,0.0,0.0,0.0,0.0,0.0,0.0,0.0,0.0,0.0,0.0,0.0,0.0,0.0,0.0,0.0,0.0,0.0,0.0,0.0,0.0,0.0,0.0,0.0,0.0,0.0,0.0,0.0,0.0,0.0,0.0,0.0,0.0,0.0,0.0,0.0,0.0,0.0,0.0,0.0,0.0,0.0,0.0,0.0,0.0,0.0,0.0,0.0,0.0,0.0,0.0,0.0,0.0,0.0,0.0,0.0,0.0,0.0,0.0,0.0,0.0,0.0,0.0,0.0,0.41066887974739075,0.6791835427284241,-1.6531538449271466e-07,0.4207257032394409,0.6333228945732117,-0.011158427223563194,0.44008031487464905,0.6141911745071411,-0.01584790088236332,0.4604712128639221,0.605038583278656,-0.017974557355046272,0.4758758842945099,0.5988715291023254,-0.018561847507953644,0.46069076657295227,0.6687924861907959,-0.016096830368041992,0.47879257798194885,0.6228169798851013,-0.01881711184978485,0.4662282168865204,0.6142348647117615,-0.018684877082705498,0.45643025636672974,0.6246681213378906,-0.01812388375401497,0.46406227350234985,0.6841578483581543,-0.010682287625968456,0.4802429974079132,0.6356204748153687,-0.015051260590553284,0.4690864682197571,0.6253048181533813,-0.015542727895081043,0.46029695868492126,0.6351781487464905,-0.015526878647506237,0.4639688730239868,0.6901390552520752,-0.0051328279078006744,0.4798069894313812,0.6455026268959045,-0.010187439620494843,0.47075799107551575,0.6353706121444702,-0.009297814220190048,0.4621420204639435,0.6455041766166687,-0.007917494513094425,0.46365466713905334,0.687804102897644,8.736205199966207e-05,0.4767879247665405,0.6524396538734436,-0.005493715405464172,0.4688114523887634,0.6442020535469055,-0.0053700534626841545,0.4611377418041229,0.6537973284721375,-0.004040816333144903
0.4808245301246643,0.2475336641073227,-0.7596548199653625,0.999926745891571,0.4927026033401489,0.21668775379657745,-0.7230560779571533,0.9999159574508667,0.5015015006065369,0.2175949066877365,-0.723048210144043,0.9999062418937683,0.5099069476127625,0.21912367641925812,-0.7229447960853577,0.9998920559883118,0.4681452214717865,0.21674194931983948,-0.7280811071395874,0.9999309778213501,0.4590989649295807,0.2178676426410675,-0.7282534241676331,0.9999364018440247,0.45113319158554077,0.2193339616060257,-0.7285333871841431,0.9999421834945679,0.5187089443206787,0.24325668811798096,-0.45657095313072205,0.9998695850372314,0.43880695104599,0.2463139295578003,-0.4775483012199402,0.9999386072158813,0.4989028871059418,0.2920747399330139,-0.6585521697998047,0.9999682307243347,0.4669226109981537,0.2906830310821533,-0.6649656891822815,0.9999749064445496,0.5757495760917664,0.4760672152042389,-0.2632911801338196,0.9997300505638123,0.3766781985759735,0.47653985023498535,-0.2941392958164215,0.9998195171356201,0.600418210029602,0.8023301362991333,-0.37848275899887085,0.9886375069618225,0.3220265805721283,0.7802660465240479,-0.46061140298843384,0.9943538308143616,0.5082328915596008,0.7588580846786499,-0.7955976724624634,0.9685642123222351,0.4054717421531677,0.7055986523628235,-0.9085763096809387,0.9726899862289429,0.4761990010738373,0.7696395516395569,-0.8781997561454773,0.8989967703819275,0.4397812783718109,0.6947212815284729,-1.0008162260055542,0.8961045742034912,0.4846399128437042,0.7193336486816406,-0.878620445728302,0.8980057835578918,0.4447435140609741,0.6524786949157715,-0.9929426312446594,0.8938146829605103,0.4921879172325134,0.7154368758201599,-0.8024332523345947,0.8805317282676697,0.43529656529426575,0.6548332571983337,-0.9111461043357849,0.8800088167190552,0.5367473363876343,0.9748142957687378,0.004569509066641331,0.9205765724182129,0.4126557409763336,0.9721179008483887,-0.003581749740988016,0.9305344820022583,0.5433563590049744,1.3725981712341309,0.15668918192386627,0.05146701633930206,0.40544024109840393,1.3687994480133057,0.10987579077482224,0.04252929985523224,0.5461312532424927,1.7110122442245483,0.5632136464118958,0.004516615532338619,0.4168511629104614,1.7105712890625,0.43907681107521057,0.0032169767655432224,0.5498325228691101,1.761385202407837,0.587135374546051,0.003264494240283966,0.4155822694301605,1.7582478523254395,0.4608477056026459,0.004904584027826786,0.5289523601531982,1.8232401609420776,0.2905941903591156,0.001952670281752944,0.43722227215766907,1.829574465751648,0.14080028235912323,0.005761222913861275,0.0,0.0,0.0,0.0,0.0,0.0,0.0,0.0,0.0,0.0,0.0,0.0,0.0,0.0,0.0,0.0,0.0,0.0,0.0,0.0,0.0,0.0,0.0,0.0,0.0,0.0,0.0,0.0,0.0,0.0,0.0,0.0,0.0,0.0,0.0,0.0,0.0,0.0,0.0,0.0,0.0,0.0,0.0,0.0,0.0,0.0,0.0,0.0,0.0,0.0,0.0,0.0,0.0,0.0,0.0,0.0,0.0,0.0,0.0,0.0,0.0,0.0,0.0,0.4112531840801239,0.6776253581047058,-1.6314695017172198e-07,0.42101818323135376,0.6331875324249268,-0.010633226484060287,0.43958210945129395,0.6142404675483704,-0.015363313257694244,0.45964106917381287,0.6048847436904907,-0.017791612073779106,0.47518065571784973,0.5978118777275085,-0.018697470426559448,0.46020838618278503,0.6670049428939819,-0.015397603623569012,0.4786394238471985,0.6224477291107178,-0.01832965388894081,0.46683478355407715,0.6131005883216858,-0.018323926255106926,0.4569868743419647,0.6225627660751343,-0.017784861847758293,0.4637520909309387,0.6823769211769104,-0.010532619431614876,0.4800155460834503,0.6354914307594299,-0.014842869713902473,0.46946001052856445,0.6250641345977783,-0.015485689975321293,0.46066826581954956,0.6343161463737488,-0.015594537369906902,0.46383681893348694,0.6890186071395874,-0.005573345348238945,0.4797075092792511,0.6456736326217651,-0.010392541997134686,0.47117358446121216,0.6352536082267761,-0.009483326226472855,0.4626066982746124,0.6443845629692078,-0.008159324526786804,0.46362486481666565,0.6874855756759644,-0.0009437014814466238,0.47689101099967957,0.6530879735946655,-0.006139431614428759,0.46946555376052856,0.6447332501411438,-0.005788510665297508,0.46193981170654297,0.6534928679466248,-0.0043780202977359295
0.4772878885269165,0.24762877821922302,-0.7449720501899719,0.9999188184738159,0.48966580629348755,0.2166406363248825,-0.7085722088813782,0.9999070167541504,0.4986795485019684,0.21748849749565125,-0.7085770964622498,0.9998968243598938,0.5074155926704407,0.21888424456119537,-0.7084730863571167,0.9998805522918701,0.464603066444397,0.21676436066627502,-0.7141357660293579,0.9999241828918457,0.45555293560028076,0.21787656843662262,-0.714284360408783,0.9999310374259949,0.4478148818016052,0.21931280195713043,-0.7145541906356812,0.9999377131462097,0.5178558230400085,0.24281373620033264,-0.44496384263038635,0.9998545050621033,0.4361932873725891,0.24623152613639832,-0.4661802053451538,0.9999347925186157,0.4957239329814911,0.29209885001182556,-0.6442239284515381,0.9999649524688721,0.463125079870224,0.29070845246315,-0.650840163230896,0.9999730587005615,0.5759922862052917,0.47520169615745544,-0.24672436714172363,0.9996954202651978,0.37674441933631897,0.4751299321651459,-0.28757116198539734,0.9998172521591187,0.5984766483306885,0.8058759570121765,-0.37738165259361267,0.9876489043235779,0.3221967816352844,0.7802760601043701,-0.43859413266181946,0.9943250417709351,0.5096041560173035,0.7557481527328491,-0.809016764163971,0.9653748869895935,0.4034603536128998,0.7096551656723022,-0.857710599899292,0.9725460410118103,0.4764905571937561,0.7617870569229126,-0.893257200717926,0.8919612169265747,0.43725454807281494,0.6997883915901184,-0.9447599649429321,0.8955250978469849,0.49025166034698486,0.7131738662719727,-0.891961932182312,0.890876054763794,0.4423322081565857,0.6567786931991577,-0.9394795298576355,0.8932484984397888,0.4965973496437073,0.7106261849403381,-0.8163741230964661,0.8730504512786865,0.43210989236831665,0.658203125,-0.8602432012557983,0.8789135217666626,0.5354222655296326,0.975598156452179,0.007169001270085573,0.9205062389373779,0.4114667475223541,0.9709864854812622,-0.006210182793438435,0.9312494397163391,0.5415664315223694,1.3726164102554321,0.15084315836429596,0.05214466527104378,0.40150830149650574,1.3687800168991089,0.10915932059288025,0.043520621955394745,0.5437005162239075,1.7114081382751465,0.5537440776824951,0.004625755827873945,0.4119543135166168,1.7105556726455688,0.4314161539077759,0.0033539868891239166,0.5471571087837219,1.7621822357177734,0.5770943760871887,0.0033791097812354565,0.4095396399497986,1.7583580017089844,0.45242998003959656,0.005072139203548431,0.5267763137817383,1.8242733478546143,0.27898624539375305,0.002024020766839385,0.43485403060913086,1.8300426006317139,0.1315789520740509,0.005998210981488228,0.0,0.0,0.0,0.0,0.0,0.0,0.0,0.0,0.0,0.0,0.0,0.0,0.0,0.0,0.0,0.0,0.0,0.0,0.0,0.0,0.0,0.0,0.0,0.0,0.0,0.0,0.0,0.0,0.0,0.0,0.0,0.0,0.0,0.0,0.0,0.0,0.0,0.0,0.0,0.0,0.0,0.0,0.0,0.0,0.0,0.0,0.0,0.0,0.0,0.0,0.0,0.0,0.0,0.0,0.0,0.0,0.0,0.0,0.0,0.0,0.0,0.0,0.0,0.4123186469078064,0.6774801015853882,-1.4406521131604677e-07,0.4220116436481476,0.6334056854248047,-0.011116543784737587,0.44091612100601196,0.6126610636711121,-0.015407831408083439,0.46135202050209045,0.601858913898468,-0.017181208357214928,0.4764237403869629,0.5972970724105835,-0.017399048432707787,0.4601442515850067,0.6687864065170288,-0.014900578185915947,0.4781329929828644,0.6243731379508972,-0.017340190708637238,0.4664413034915924,0.6133898496627808,-0.017196495085954666,0.45767778158187866,0.6218851208686829,-0.016746465116739273,0.46400296688079834,0.6830300688743591,-0.009374593384563923,0.4794630706310272,0.6357529163360596,-0.01311494316905737,0.46854543685913086,0.6247915625572205,-0.013555102050304413,0.46045130491256714,0.6345334053039551,-0.013569558970630169,0.4642494320869446,0.6885743141174316,-0.0038589313626289368,0.4794324040412903,0.6443535089492798,-0.008178078569471836,0.4700850546360016,0.6335440874099731,-0.007196848280727863,0.461666077375412,0.6434268355369568,-0.005815028212964535,0.4639434814453125,0.6862555742263794,0.001244598301127553,0.4760308265686035,0.6515479683876038,-0.0037383546587079763,0.46864038705825806,0.6431561708450317,-0.00365124992094934,0.46177026629447937,0.652439534664154,-0.0024716390762478113
0.47618353366851807,0.2479659467935562,-0.7295199036598206,0.9999159574508667,0.4888072609901428,0.21678775548934937,-0.6946516036987305,0.9999040961265564,0.49762049317359924,0.21765804290771484,-0.6946803331375122,0.9998940825462341,0.5062834620475769,0.2190716564655304,-0.6945835947990417,0.9998771548271179,0.4637768566608429,0.21683147549629211,-0.6984429955482483,0.9999210238456726,0.4550836682319641,0.2179596722126007,-0.6986034512519836,0.9999282360076904,0.4468269944190979,0.21933947503566742,-0.6988965272903442,0.9999348521232605,0.51747065782547,0.2429574429988861,-0.43269479274749756,0.9998511672019958,0.4355330169200897,0.24611106514930725,-0.44668978452682495,0.9999323487281799,0.49361419677734375,0.2923128604888916,-0.6297850012779236,0.9999639391899109,0.46178966760635376,0.2908035218715668,-0.6342267990112305,0.9999720454216003,0.5757818222045898,0.4760172665119171,-0.23874717950820923,0.9996896386146545,0.3762407898902893,0.47460779547691345,-0.26697903871536255,0.9998123645782471,0.5982793569564819,0.8062820434570312,-0.37741485238075256,0.987530529499054,0.3244708776473999,0.7770516872406006,-0.4358711242675781,0.9940995573997498,0.5165807008743286,0.7507252097129822,-0.8041159510612488,0.9654037356376648,0.40360918641090393,0.7056314945220947,-0.8886811137199402,0.9721136093139648,0.4799704849720001,0.7591716647148132,-0.8890844583511353,0.8919610977172852,0.43876340985298157,0.6955158710479736,-0.9792273044586182,0.894666314125061,0.4977882504463196,0.7092463374137878,-0.8894927501678467,0.8909880518913269,0.44237932562828064,0.653969943523407,-0.9758104681968689,0.8925257325172424,0.5035657286643982,0.7067230343818665,-0.8118950724601746,0.8731653094291687,0.43228134512901306,0.6527682542800903,-0.8929463028907776,0.8782955408096313,0.5352374315261841,0.9744377136230469,0.0035328748635947704,0.9176228642463684,0.4114519953727722,0.9715123772621155,-0.002509559504687786,0.9285252690315247,0.5431622862815857,1.3729619979858398,0.13599853217601776,0.052713312208652496,0.40423399209976196,1.3688993453979492,0.09955480694770813,0.04370022565126419,0.5454837083816528,1.7136213779449463,0.5356921553611755,0.004601349588483572,0.4150945246219635,1.7119419574737549,0.4195558428764343,0.003364862408488989,0.549329936504364,1.7645167112350464,0.5583270192146301,0.003404857823625207,0.41302958130836487,1.7602512836456299,0.4402254521846771,0.005127552896738052,0.5276755094528198,1.8269764184951782,0.25832033157348633,0.0020193245727568865,0.4365440905094147,1.831406593322754,0.116548553109169,0.006034571211785078,0.0,0.0,0.0,0.0,0.0,0.0,0.0,0.0,0.0,0.0,0.0,0.0,0.0,0.0,0.0,0.0,0.0,0.0,0.0,0.0,0.0,0.0,0.0,0.0,0.0,0.0,0.0,0.0,0.0,0.0,0.0,0.0,0.0,0.0,0.0,0.0,0.0,0.0,0.0,0.0,0.0,0.0,0.0,0.0,0.0,0.0,0.0,0.0,0.0,0.0,0.0,0.0,0.0,0.0,0.0,0.0,0.0,0.0,0.0,0.0,0.0,0.0,0.0,0.4111364781856537,0.6790395975112915,-1.6451443229925644e-07,0.4207766652107239,0.6337248682975769,-0.011867367662489414,0.4398678243160248,0.6134580373764038,-0.016671795397996902,0.460715115070343,0.6030789613723755,-0.01876835897564888,0.47616565227508545,0.5967536568641663,-0.01930997520685196,0.4600902199745178,0.670653223991394,-0.016888044774532318,0.47784727811813354,0.6228979229927063,-0.019935986027121544,0.46557193994522095,0.6122916340827942,-0.01990225538611412,0.45600005984306335,0.6217337250709534,-0.019417550414800644,0.46407556533813477,0.6850043535232544,-0.011150366626679897,0.4795008599758148,0.6345301866531372,-0.015674138441681862,0.46822890639305115,0.6234484910964966,-0.016094425693154335,0.4597153067588806,0.6333843469619751,-0.016050390899181366,0.46428540349006653,0.6899271607398987,-0.005383700132369995,0.479739785194397,0.6431812047958374,-0.010684064589440823,0.47027119994163513,0.6323782205581665,-0.009743788279592991,0.461683452129364,0.6424193382263184,-0.008250837214291096,0.4640626311302185,0.686492919921875,-3.132170968456194e-05,0.47648489475250244,0.6497911810874939,-0.006027230992913246,0.46874865889549255,0.6412057876586914,-0.006188596598803997,0.461529016494751,0.650642454624176,-0.005005187820643187
0.4767455756664276,0.2488376498222351,-0.7319848537445068,0.9999138712882996,0.4892510771751404,0.2172478288412094,-0.6983227133750916,0.9999011754989624,0.49810272455215454,0.21819400787353516,-0.6983344554901123,0.9998914003372192,0.5067275166511536,0.21964454650878906,-0.6982451677322388,0.9998735189437866,0.46417558193206787,0.21703346073627472,-0.7015998363494873,0.9999182224273682,0.4554029703140259,0.21809417009353638,-0.7017737030982971,0.999925971031189,0.44732794165611267,0.21941092610359192,-0.7020607590675354,0.9999324083328247,0.5171844959259033,0.24343450367450714,-0.43963199853897095,0.9998478889465332,0.43556874990463257,0.24611163139343262,-0.4524202048778534,0.9999297857284546,0.49474048614501953,0.29271358251571655,-0.6334353089332581,0.9999632239341736,0.46227356791496277,0.2912115454673767,-0.6374858021736145,0.999971330165863,0.5752084851264954,0.47631242871284485,-0.24767225980758667,0.9996872544288635,0.37580469250679016,0.47479814291000366,-0.27138131856918335,0.9998119473457336,0.5971863865852356,0.8035832643508911,-0.3772861659526825,0.9873955845832825,0.3251728117465973,0.7781562805175781,-0.44291549921035767,0.9938861131668091,0.517421305179596,0.7548652291297913,-0.7878217697143555,0.9654588103294373,0.40595850348472595,0.7003400325775146,-0.8984019756317139,0.972177267074585,0.4795965254306793,0.7668978571891785,-0.8691079616546631,0.8920252919197083,0.4424239695072174,0.6891879439353943,-0.988482654094696,0.8952970504760742,0.4988022446632385,0.7154927253723145,-0.8690558671951294,0.8909996151924133,0.44363537430763245,0.647827684879303,-0.9834710359573364,0.8931081295013428,0.5041510462760925,0.7122932076454163,-0.7944852113723755,0.8734103441238403,0.4336546063423157,0.6465032696723938,-0.9020289182662964,0.8789986968040466,0.5343919396400452,0.974179744720459,0.00015263607201632112,0.9154690504074097,0.4109415113925934,0.9716274738311768,0.0009053635294549167,0.9265713095664978,0.5421672463417053,1.3730319738388062,0.13844723999500275,0.05299847200512886,0.40431058406829834,1.3693649768829346,0.10402438044548035,0.04438653588294983,0.5439146161079407,1.714619755744934,0.53216952085495,0.004698570817708969,0.41324517130851746,1.713459849357605,0.4220745265483856,0.003475466277450323,0.5472375750541687,1.7654533386230469,0.5543367266654968,0.0034821047447621822,0.4110451340675354,1.762113332748413,0.44274359941482544,0.005291928071528673,0.5262519717216492,1.8288381099700928,0.25765833258628845,0.0020387633703649044,0.43412747979164124,1.83290433883667,0.12238176167011261,0.006201186217367649,0.0,0.0,0.0,0.0,0.0,0.0,0.0,0.0,0.0,0.0,0.0,0.0,0.0,0.0,0.0,0.0,0.0,0.0,0.0,0.0,0.0,0.0,0.0,0.0,0.0,0.0,0.0,0.0,0.0,0.0,0.0,0.0,0.0,0.0,0.0,0.0,0.0,0.0,0.0,0.0,0.0,0.0,0.0,0.0,0.0,0.0,0.0,0.0,0.0,0.0,0.0,0.0,0.0,0.0,0.0,0.0,0.0,0.0,0.0,0.0,0.0,0.0,0.0,0.4105569124221802,0.6790631413459778,-1.5714857681814465e-07,0.4198870062828064,0.6325848698616028,-0.01190369762480259,0.4385982155799866,0.6134161949157715,-0.0169085506349802,0.45899441838264465,0.6038713455200195,-0.019175341352820396,0.47430235147476196,0.5955591201782227,-0.01985260285437107,0.4603779911994934,0.6678357720375061,-0.017265470698475838,0.4784765839576721,0.6217143535614014,-0.020173439756035805,0.46598199009895325,0.6127563118934631,-0.01993636228144169,0.4564133882522583,0.623250424861908,-0.01930290460586548,0.46406134963035583,0.6827822327613831,-0.011511179618537426,0.4800076484680176,0.6338271498680115,-0.016066526994109154,0.4685062766075134,0.6231873035430908,-0.016445187851786613,0.4600895345211029,0.6332712769508362,-0.016363371163606644,0.46409210562705994,0.6880013346672058,-0.005678397603332996,0.4794784188270569,0.6423835754394531,-0.010888800956308842,0.47029104828834534,0.6318443417549133,-0.009960301220417023,0.46210169792175293,0.6421449184417725,-0.008550128899514675,0.46373462677001953,0.6846350431442261,-0.00023959529062267393,0.476531445980072,0.6480605006217957,-0.005887710954993963,0.46861782670021057,0.6398720741271973,-0.005794642958790064,0.46125513315200806,0.6498394012451172,-0.004524842835962772
0.4763795733451843,0.24937297403812408,-0.7338424921035767,0.9999117255210876,0.48912227153778076,0.21752943098545074,-0.7003101706504822,0.9998982548713684,0.4978669583797455,0.21847771108150482,-0.7003311514854431,0.9998887181282043,0.5064336061477661,0.21990889310836792,-0.7002343535423279,0.9998696446418762,0.46400967240333557,0.21717658638954163,-0.7033583521842957,0.9999154210090637,0.4553249180316925,0.218148335814476,-0.7035343647003174,0.999923825263977,0.4470638334751129,0.2194226235151291,-0.7038225531578064,0.9999300837516785,0.517152726650238,0.2436269372701645,-0.4425240159034729,0.9998438954353333,0.4356290400028229,0.24599815905094147,-0.45422589778900146,0.9999268651008606,0.49343591928482056,0.29290252923965454,-0.6357707381248474,0.9999622106552124,0.4616265594959259,0.29152992367744446,-0.6395283937454224,0.9999704957008362,0.575271725654602,0.4765518307685852,-0.252490371465683,0.9996815919876099,0.37512609362602234,0.47635555267333984,-0.2710823714733124,0.9998114109039307,0.5952202677726746,0.8045240044593811,-0.3768717050552368,0.9871406555175781,0.32557782530784607,0.7817072868347168,-0.4392015337944031,0.993704080581665,0.5187786817550659,0.7604872584342957,-0.7962003946304321,0.9650518298149109,0.4060036242008209,0.7025476098060608,-0.8999509215354919,0.9723883867263794,0.4815482199192047,0.7733450531959534,-0.8785901665687561,0.891288697719574,0.4421125650405884,0.6900955438613892,-0.9909168481826782,0.8966765999794006,0.5011987090110779,0.7220449447631836,-0.8807989954948425,0.8902121186256409,0.44289836287498474,0.6486127376556396,-0.9869703054428101,0.894476592540741,0.5058122277259827,0.7180700898170471,-0.8039294481277466,0.8729062676429749,0.4331015646457672,0.6473318338394165,-0.9040868878364563,0.880534291267395,0.5349322557449341,0.9738429188728333,-0.002454549539834261,0.9144316911697388,0.4103829264640808,0.9713369011878967,0.0035265658516436815,0.9252924919128418,0.542932391166687,1.3725148439407349,0.13497085869312286,0.05295799300074577,0.4055579602718353,1.3683903217315674,0.10824007540941238,0.04510299488902092,0.5452974438667297,1.7136439085006714,0.5267435312271118,0.004721315577626228,0.41430580615997314,1.7127805948257446,0.4234849512577057,0.003580083604902029,0.5486084222793579,1.764196753501892,0.5485912561416626,0.0034961840137839317,0.41189470887184143,1.7613282203674316,0.44399112462997437,0.0054362742230296135,0.5277329087257385,1.8283132314682007,0.25147441029548645,0.002038187114521861,0.43553784489631653,1.8320561647415161,0.12407182902097702,0.006331509444862604,0.0,0.0,0.0,0.0,0.0,0.0,0.0,0.0,0.0,0.0,0.0,0.0,0.0,0.0,0.0,0.0,0.0,0.0,0.0,0.0,0.0,0.0,0.0,0.0,0.0,0.0,0.0,0.0,0.0,0.0,0.0,0.0,0.0,0.0,0.0,0.0,0.0,0.0,0.0,0.0,0.0,0.0,0.0,0.0,0.0,0.0,0.0,0.0,0.0,0.0,0.0,0.0,0.0,0.0,0.0,0.0,0.0,0.0,0.0,0.0,0.0,0.0,0.0,0.41039803624153137,0.677895724773407,-1.4950632021282217e-07,0.4201774597167969,0.6320149302482605,-0.011849849484860897,0.438759446144104,0.6132304668426514,-0.016812043264508247,0.4593469500541687,0.6044255495071411,-0.01908029057085514,0.47484201192855835,0.5966323018074036,-0.01968393661081791,0.4596671760082245,0.666929304599762,-0.016330458223819733,0.477759450674057,0.6223594546318054,-0.019076146185398102,0.4658842086791992,0.6131298542022705,-0.018856069073081017,0.45639750361442566,0.62322598695755,-0.018329361453652382,0.46362730860710144,0.6824727058410645,-0.010741819627583027,0.47934359312057495,0.6340816020965576,-0.014955727383494377,0.4687555432319641,0.623377799987793,-0.015395049005746841,0.4603802561759949,0.6327748894691467,-0.015490016900002956,0.46403607726097107,0.6880184412002563,-0.005166554357856512,0.47893962264060974,0.6429238319396973,-0.009939341805875301,0.4704236388206482,0.6327486038208008,-0.008920259773731232,0.4624338448047638,0.6421816945075989,-0.007652150467038155,0.4638305902481079,0.6849694848060608,-6.127143569756299e-05,0.4759991466999054,0.6489231586456299,-0.005494181998074055,0.4686713218688965,0.6413717269897461,-0.005396523047238588,0.46168550848960876,0.6504435539245605,-0.004204467870295048
0.4762689471244812,0.24947533011436462,-0.7700363993644714,0.9999170899391174,0.48909759521484375,0.21754837036132812,-0.7357072234153748,0.9999040961265564,0.49797162413597107,0.21848255395889282,-0.7356923222541809,0.9998952746391296,0.5065838694572449,0.21987858414649963,-0.7355668544769287,0.9998770356178284,0.4638746380805969,0.21719668805599213,-0.7375094294548035,0.9999196529388428,0.45519599318504333,0.21814414858818054,-0.737661600112915,0.9999274611473083,0.4469606280326843,0.21936368942260742,-0.737922728061676,0.9999329447746277,0.5172771215438843,0.2435607612133026,-0.4736948013305664,0.9998539686203003,0.4356650710105896,0.2458091676235199,-0.4803129732608795,0.9999293684959412,0.4936402142047882,0.2929683029651642,-0.6705594658851624,0.9999643564224243,0.46139049530029297,0.29159384965896606,-0.6728852391242981,0.9999718070030212,0.5757724046707153,0.47641614079475403,-0.2816523313522339,0.9996909499168396,0.37560927867889404,0.47664332389831543,-0.2918277978897095,0.9998099207878113,0.596629798412323,0.8058756589889526,-0.38930031657218933,0.9869383573532104,0.32500964403152466,0.7840323448181152,-0.46839621663093567,0.9934013485908508,0.5158066153526306,0.7649044394493103,-0.800976037979126,0.9653084874153137,0.4059949517250061,0.702815055847168,-0.9476654529571533,0.9722537994384766,0.4771023392677307,0.7768053412437439,-0.8819872736930847,0.893043577671051,0.44168463349342346,0.6901025772094727,-1.042982816696167,0.8973223567008972,0.49380671977996826,0.7295577526092529,-0.8859806656837463,0.892316997051239,0.4434075653553009,0.6484199166297913,-1.03672456741333,0.8952944874763489,0.4994775652885437,0.7250369787216187,-0.8087148070335388,0.8749560713768005,0.4336622655391693,0.647386372089386,-0.951741635799408,0.8815597295761108,0.5347654223442078,0.9741100072860718,-0.005742092151194811,0.911627471446991,0.4102883040904999,0.9711346626281738,0.0069748638197779655,0.9227518439292908,0.541639506816864,1.3715184926986694,0.14568553864955902,0.052775219082832336,0.40489962697029114,1.3668667078018188,0.11929722130298615,0.04458693042397499,0.5433761477470398,1.7113142013549805,0.5535668134689331,0.0048169041983783245,0.4139324128627777,1.7091788053512573,0.44775131344795227,0.0035464430693536997,0.5467854142189026,1.7614846229553223,0.5771147608757019,0.0035401571076363325,0.4120247960090637,1.7570596933364868,0.47003573179244995,0.005447306204587221,0.5255056619644165,1.8257163763046265,0.27834612131118774,0.002063935389742255,0.4345794916152954,1.8285102844238281,0.14821690320968628,0.006348366849124432,0.0,0.0,0.0,0.0,0.0,0.0,0.0,0.0,0.0,0.0,0.0,0.0,0.0,0.0,0.0,0.0,0.0,0.0,0.0,0.0,0.0,0.0,0.0,0.0,0.0,0.0,0.0,0.0,0.0,0.0,0.0,0.0,0.0,0.0,0.0,0.0,0.0,0.0,0.0,0.0,0.0,0.0,0.0,0.0,0.0,0.0,0.0,0.0,0.0,0.0,0.0,0.0,0.0,0.0,0.0,0.0,0.0,0.0,0.0,0.0,0.0,0.0,0.0,0.4107999801635742,0.6787812113761902,-1.565349379006875e-07,0.4200226366519928,0.6323140859603882,-0.01166924275457859,0.43837442994117737,0.6132427453994751,-0.016637548804283142,0.4584759771823883,0.603778600692749,-0.019037602469325066,0.4738844037055969,0.5949596762657166,-0.019851386547088623,0.4604458510875702,0.6675392389297485,-0.016544120386242867,0.47831764817237854,0.6210247278213501,-0.019642096012830734,0.4657975733280182,0.6125237941741943,-0.0197225920855999,0.45625776052474976,0.6235381364822388,-0.019292181357741356,0.46423178911209106,0.6820049285888672,-0.01115371473133564,0.4799939692020416,0.6330357789993286,-0.01581868715584278,0.46871188282966614,0.6228005886077881,-0.016476787626743317,0.46045148372650146,0.6332532167434692,-0.01659361645579338,0.4643310308456421,0.6870815753936768,-0.005746977869421244,0.47967132925987244,0.641730785369873,-0.01096438430249691,0.4706442654132843,0.6314254403114319,-0.010085811838507652,0.4627382159233093,0.6419423222541809,-0.008741938509047031,0.4639859199523926,0.6836656332015991,-0.0007623095298185945,0.4769928455352783,0.6475052237510681,-0.006319759879261255,0.46908676624298096,0.6395073533058167,-0.006128260400146246,0.4617597758769989,0.6496136784553528,-0.004822564776986837
0.47509023547172546,0.24983038008213043,-0.748892605304718,0.9999206066131592,0.4881623089313507,0.21767248213291168,-0.7145253419876099,0.9999079704284668,0.4971047043800354,0.21859869360923767,-0.7145171761512756,0.9998995661735535,0.5057185292243958,0.21998174488544464,-0.7144040465354919,0.9998821020126343,0.46297162771224976,0.21725594997406006,-0.7162533402442932,0.9999223947525024,0.454499751329422,0.21815451979637146,-0.7163941860198975,0.9999297261238098,0.44612932205200195,0.2193562388420105,-0.7166635394096375,0.999934732913971,0.5168077945709229,0.24362996220588684,-0.45322898030281067,0.9998607635498047,0.435528427362442,0.2456679493188858,-0.4594655930995941,0.9999306797981262,0.49206411838531494,0.2930712401866913,-0.6498357057571411,0.9999660849571228,0.4602857828140259,0.2917574346065521,-0.6520669460296631,0.9999727606773376,0.5752636790275574,0.4767061471939087,-0.2635660469532013,0.9997045397758484,0.37535926699638367,0.4769248068332672,-0.27285581827163696,0.9998108148574829,0.596998929977417,0.8057671189308167,-0.38750824332237244,0.9875099658966064,0.32448849081993103,0.7845615744590759,-0.45791879296302795,0.9933407306671143,0.5072309970855713,0.7626611590385437,-0.7789145708084106,0.9669230580329895,0.4056774079799652,0.7039429545402527,-0.9444348216056824,0.9726766347885132,0.4731651246547699,0.7775254845619202,-0.8592113256454468,0.8968422412872314,0.4412064552307129,0.6910061836242676,-1.039505958557129,0.8989868760108948,0.48669666051864624,0.731130063533783,-0.8599531650543213,0.896084725856781,0.44347265362739563,0.6502837538719177,-1.0329893827438354,0.8969839811325073,0.4930947721004486,0.7265799641609192,-0.7849476337432861,0.8789447546005249,0.4337024688720703,0.6495020985603333,-0.9483019113540649,0.8835601806640625,0.5351895093917847,0.9751638770103455,-0.00582093233242631,0.913636326789856,0.40970751643180847,0.9729117155075073,0.006984839681535959,0.9238959550857544,0.5403904318809509,1.3720142841339111,0.13684146106243134,0.053486790508031845,0.40301036834716797,1.3673095703125,0.11330951750278473,0.04507552832365036,0.5412994623184204,1.7134852409362793,0.533524751663208,0.0048422664403915405,0.41070324182510376,1.7098777294158936,0.43972620368003845,0.0035566992592066526,0.5448266267776489,1.7640571594238281,0.5556123852729797,0.0035343181807547808,0.408409059047699,1.7582545280456543,0.4614010453224182,0.005459899548441172,0.5226237773895264,1.8286710977554321,0.2546769380569458,0.0020618827547878027,0.4312227964401245,1.8294302225112915,0.13780711591243744,0.006369662471115589,0.0,0.0,0.0,0.0,0.0,0.0,0.0,0.0,0.0,0.0,0.0,0.0,0.0,0.0,0.0,0.0,0.0,0.0,0.0,0.0,0.0,0.0,0.0,0.0,0.0,0.0,0.0,0.0,0.0,0.0,0.0,0.0,0.0,0.0,0.0,0.0,0.0,0.0,0.0,0.0,0.0,0.0,0.0,0.0,0.0,0.0,0.0,0.0,0.0,0.0,0.0,0.0,0.0,0.0,0.0,0.0,0.0,0.0,0.0,0.0,0.0,0.0,0.0,0.4109354615211487,0.6798164248466492,-1.6466063357256644e-07,0.41986286640167236,0.633321225643158,-0.011433483101427555,0.4385164976119995,0.6129696369171143,-0.01633589155972004,0.4590222239494324,0.6030170321464539,-0.018702242523431778,0.4747242331504822,0.595247209072113,-0.019533846527338028,0.4600207805633545,0.6668105721473694,-0.016830289736390114,0.47797346115112305,0.6190066337585449,-0.020031942054629326,0.46532467007637024,0.6108194589614868,-0.020100517198443413,0.45572909712791443,0.6215535998344421,-0.01959768682718277,0.46408382058143616,0.6819711327552795,-0.011512329801917076,0.48012882471084595,0.6324701905250549,-0.01628316380083561,0.4688303768634796,0.6229475140571594,-0.016948705539107323,0.4600783586502075,0.6333099007606506,-0.016968965530395508,0.4642806053161621,0.6879943609237671,-0.006100032012909651,0.4797676205635071,0.6422386169433594,-0.011340809054672718,0.4705204963684082,0.6325945258140564,-0.010525014251470566,0.4620451331138611,0.6430292725563049,-0.009133143350481987,0.46400442719459534,0.6854060292243958,-0.001067956443876028,0.4767386019229889,0.6491830945014954,-0.006703369319438934,0.4690389633178711,0.6411177515983582,-0.006694421172142029,0.46169739961624146,0.6509674787521362,-0.005446708295494318
0.4748350977897644,0.25002744793891907,-0.7393845319747925,0.9999251365661621,0.4877820312976837,0.21776083111763,-0.7050910592079163,0.9999123811721802,0.4966362714767456,0.2186364233493805,-0.7050678730010986,0.9999043345451355,0.5051920413970947,0.2199716418981552,-0.7049502730369568,0.9998874068260193,0.46271878480911255,0.2173386961221695,-0.7064357995986938,0.9999262690544128,0.45429888367652893,0.21818450093269348,-0.706582248210907,0.9999331831932068,0.4458928406238556,0.21936063468456268,-0.7068459391593933,0.9999377727508545,0.5163883566856384,0.24356712400913239,-0.44675102829933167,0.9998675584793091,0.43540316820144653,0.24547097086906433,-0.45143553614616394,0.9999336004257202,0.4915033280849457,0.29311516880989075,-0.641555666923523,0.9999677538871765,0.4598301947116852,0.2918022572994232,-0.6433743238449097,0.9999740123748779,0.5743802785873413,0.4763784408569336,-0.2590656876564026,0.9997155070304871,0.375431627035141,0.4769524931907654,-0.26867738366127014,0.9998157024383545,0.596291184425354,0.8048815727233887,-0.37109553813934326,0.9878144264221191,0.3241349458694458,0.7841008901596069,-0.44875743985176086,0.9933067560195923,0.5167574286460876,0.7718398571014404,-0.745114266872406,0.9679884910583496,0.4056892693042755,0.7076830267906189,-0.9260073900222778,0.9729127287864685,0.4691927134990692,0.7799200415611267,-0.822540819644928,0.8992440104484558,0.44155776500701904,0.6970710754394531,-1.0198158025741577,0.9003264307975769,0.48269861936569214,0.7348561882972717,-0.8226535320281982,0.8984970450401306,0.4460919499397278,0.6559138298034668,-1.0122852325439453,0.8983904719352722,0.48930156230926514,0.7300921082496643,-0.7504227757453918,0.8815897703170776,0.4358386695384979,0.6556870341300964,-0.929260790348053,0.8848585486412048,0.5362717509269714,0.9758453369140625,-0.006258371286094189,0.9116532206535339,0.41069895029067993,0.9745111465454102,0.007362219970673323,0.9224109649658203,0.5408880114555359,1.3720498085021973,0.1355130523443222,0.05281416326761246,0.40376242995262146,1.3677270412445068,0.10556330531835556,0.04474871605634689,0.5423523187637329,1.7137451171875,0.5280658602714539,0.0048072305507957935,0.41183215379714966,1.7105216979980469,0.4276755452156067,0.003560110926628113,0.5459109544754028,1.7641397714614868,0.55013108253479,0.003501124447211623,0.4096561670303345,1.759513258934021,0.44914084672927856,0.0054643102921545506,0.5232831239700317,1.8301987648010254,0.254112184047699,0.002032277174293995,0.43239468336105347,1.8296931982040405,0.129389688372612,0.006371363066136837,0.0,0.0,0.0,0.0,0.0,0.0,0.0,0.0,0.0,0.0,0.0,0.0,0.0,0.0,0.0,0.0,0.0,0.0,0.0,0.0,0.0,0.0,0.0,0.0,0.0,0.0,0.0,0.0,0.0,0.0,0.0,0.0,0.0,0.0,0.0,0.0,0.0,0.0,0.0,0.0,0.0,0.0,0.0,0.0,0.0,0.0,0.0,0.0,0.0,0.0,0.0,0.0,0.0,0.0,0.0,0.0,0.0,0.0,0.0,0.0,0.0,0.0,0.0,0.4105851948261261,0.6794506907463074,-1.6430348637186398e-07,0.42041414976119995,0.6328226923942566,-0.010333658196032047,0.438968688249588,0.6121184825897217,-0.01508646085858345,0.45920613408088684,0.6019548177719116,-0.017656998708844185,0.4746825098991394,0.5949497222900391,-0.01871565170586109,0.45978957414627075,0.6669631600379944,-0.015540658496320248,0.4777858257293701,0.6200125217437744,-0.018431270495057106,0.46510690450668335,0.611944854259491,-0.01828817091882229,0.4557464122772217,0.6225996613502502,-0.01771961711347103,0.46371451020240784,0.6819028854370117,-0.010883379727602005,0.47965186834335327,0.6329229474067688,-0.015186242759227753,0.46853405237197876,0.6237799525260925,-0.01578197441995144,0.4600259065628052,0.6341238617897034,-0.015904106199741364,0.4639846682548523,0.6882852911949158,-0.006093280389904976,0.4792670011520386,0.6428747773170471,-0.010562353767454624,0.47035539150238037,0.6333808898925781,-0.009633737616240978,0.4619528651237488,0.6438428163528442,-0.008391154929995537,0.4638744592666626,0.6865363717079163,-0.001645709853619337,0.47623929381370544,0.6502421498298645,-0.006459672003984451,0.4689936935901642,0.6425932049751282,-0.006166751962155104,0.4619157016277313,0.6526565551757812,-0.00493108993396163
0.4765125513076782,0.25022491812705994,-0.7512378096580505,0.9999303221702576,0.4893975257873535,0.2178920954465866,-0.7166605591773987,0.9999182224273682,0.4983709454536438,0.21872448921203613,-0.7166244387626648,0.9999104142189026,0.5069739818572998,0.22003713250160217,-0.7165066003799438,0.9998945593833923,0.4640062749385834,0.21744802594184875,-0.7184165716171265,0.999931275844574,0.4551793038845062,0.2182353287935257,-0.7185327410697937,0.9999375939369202,0.446987509727478,0.2193840593099594,-0.718783438205719,0.9999419450759888,0.5172522068023682,0.24358554184436798,-0.4552193582057953,0.9998765587806702,0.43571627140045166,0.2453429400920868,-0.46191176772117615,0.9999379515647888,0.4946292042732239,0.2931736707687378,-0.6522208452224731,0.9999698400497437,0.46184590458869934,0.29184308648109436,-0.6546039581298828,0.9999756813049316,0.5746616721153259,0.4751081168651581,-0.2659192383289337,0.9997293949127197,0.37503325939178467,0.4763133227825165,-0.27766525745391846,0.999823272228241,0.5965487360954285,0.8026813268661499,-0.3613218069076538,0.9880201816558838,0.3248009979724884,0.7847333550453186,-0.4595182538032532,0.9934293627738953,0.5170163512229919,0.7724887132644653,-0.7386197447776794,0.9681749939918518,0.4062715470790863,0.7068008184432983,-0.9441607594490051,0.9730753302574158,0.4712425768375397,0.7798699736595154,-0.8167961835861206,0.8995532393455505,0.4428940713405609,0.6955652832984924,-1.0402923822402954,0.9011881947517395,0.4826037585735321,0.7362011671066284,-0.8182942271232605,0.8989008665084839,0.4462338984012604,0.6554803848266602,-1.0338554382324219,0.899303138256073,0.48947206139564514,0.7307426929473877,-0.7446027398109436,0.8818273544311523,0.4364307224750519,0.654235303401947,-0.9482364654541016,0.8856014609336853,0.5363239049911499,0.975799560546875,-0.00612844480201602,0.9104272723197937,0.4114191234111786,0.9751864075660706,0.0072212787345051765,0.9217551946640015,0.5416043400764465,1.37152099609375,0.13848307728767395,0.05187579244375229,0.404232382774353,1.3672459125518799,0.1113564744591713,0.04374880716204643,0.5427603125572205,1.7127894163131714,0.5411113500595093,0.0047102575190365314,0.4131928086280823,1.709848403930664,0.44164788722991943,0.003467939095571637,0.5463536381721497,1.7627203464508057,0.5641623139381409,0.0034191834274679422,0.41115042567253113,1.7581350803375244,0.4642011523246765,0.005369212478399277,0.5235879421234131,1.8291583061218262,0.26469916105270386,0.0019808970391750336,0.4339942932128906,1.8294800519943237,0.14077019691467285,0.006205986253917217,0.0,0.0,0.0,0.0,0.0,0.0,0.0,0.0,0.0,0.0,0.0,0.0,0.0,0.0,0.0,0.0,0.0,0.0,0.0,0.0,0.0,0.0,0.0,0.0,0.0,0.0,0.0,0.0,0.0,0.0,0.0,0.0,0.0,0.0,0.0,0.0,0.0,0.0,0.0,0.0,0.0,0.0,0.0,0.0,0.0,0.0,0.0,0.0,0.0,0.0,0.0,0.0,0.0,0.0,0.0,0.0,0.0,0.0,0.0,0.0,0.0,0.0,0.0,0.41025346517562866,0.6796150207519531,-1.6573672212416568e-07,0.42037490010261536,0.6327103972434998,-0.010728582739830017,0.439388245344162,0.6123597621917725,-0.015522733330726624,0.46002620458602905,0.6024627685546875,-0.0180515069514513,0.4754476249217987,0.5962875485420227,-0.019078705459833145,0.4595959782600403,0.6680715084075928,-0.015600832179188728,0.4776363670825958,0.6214688420295715,-0.018537696450948715,0.465098112821579,0.6123912930488586,-0.018651431426405907,0.45574772357940674,0.6224954724311829,-0.018316617235541344,0.46359196305274963,0.6828014254570007,-0.010703645646572113,0.47978153824806213,0.6341199278831482,-0.014986000955104828,0.4688527286052704,0.624440610408783,-0.01579448953270912,0.4601224660873413,0.6344621777534485,-0.01608816348016262,0.46396249532699585,0.6891248822212219,-0.005708424374461174,0.47972217202186584,0.6439697742462158,-0.010119161568582058,0.4708459973335266,0.6341796517372131,-0.009349601343274117,0.4620976746082306,0.6443443894386292,-0.008229845203459263,0.4638296067714691,0.687491774559021,-0.0011098505929112434,0.4763317108154297,0.6517822742462158,-0.005930651910603046,0.46935299038887024,0.6437361836433411,-0.0058537195436656475,0.4623333215713501,0.6533090472221375,-0.00480321841314435
0.47490194439888,0.2505548894405365,-0.7295147180557251,0.9999302625656128,0.48763927817344666,0.2180739790201187,-0.6949424147605896,0.9999179840087891,0.4963838458061218,0.21884101629257202,-0.694942831993103,0.9999099373817444,0.5047862529754639,0.22012408077716827,-0.6948368549346924,0.9998939633369446,0.46268028020858765,0.21759645640850067,-0.6983628869056702,0.999931275844574,0.4543229639530182,0.21832360327243805,-0.6984901428222656,0.9999375343322754,0.4458167254924774,0.21943600475788116,-0.6987655162811279,0.9999419450759888,0.5160425305366516,0.24355819821357727,-0.43457502126693726,0.9998757839202881,0.4352186620235443,0.24523118138313293,-0.4476267993450165,0.9999379515647888,0.4909686744213104,0.2933272123336792,-0.6303921937942505,0.9999697208404541,0.459764689207077,0.2920130491256714,-0.6345809698104858,0.9999756813049316,0.573197066783905,0.4746178388595581,-0.2411070615053177,0.9997301697731018,0.3752201795578003,0.4767380356788635,-0.2679263949394226,0.9998253583908081,0.5943801999092102,0.8037664294242859,-0.35914328694343567,0.9879378080368042,0.32450059056282043,0.7892849445343018,-0.44836780428886414,0.9934818148612976,0.5071098208427429,0.7601302266120911,-0.7549532651901245,0.9685547947883606,0.4067040681838989,0.7085158824920654,-0.9213882088661194,0.9733868837356567,0.47537901997566223,0.7707810401916504,-0.835944414138794,0.9004809260368347,0.44172507524490356,0.6957641243934631,-1.0142409801483154,0.9025823473930359,0.4903869032859802,0.7252263426780701,-0.8357988595962524,0.8997557163238525,0.44499796628952026,0.6558622121810913,-1.0098551511764526,0.9007517695426941,0.4958122968673706,0.7213994860649109,-0.761248767375946,0.8828341364860535,0.4356788694858551,0.6551873087882996,-0.9256728887557983,0.8870786428451538,0.5364370346069336,0.9769861102104187,-0.0028873460832983255,0.9133131504058838,0.4114929735660553,0.9750309586524963,0.003898077877238393,0.9247987866401672,0.5419995784759521,1.371533989906311,0.13547006249427795,0.05242179334163666,0.4053340554237366,1.367308497428894,0.11335814744234085,0.043662503361701965,0.5431712865829468,1.7129175662994385,0.5238085985183716,0.004675302654504776,0.4128534197807312,1.7102152109146118,0.44174155592918396,0.003446567105129361,0.5466164350509644,1.7629274129867554,0.5455002188682556,0.003441125387325883,0.4101346731185913,1.7587140798568726,0.463731586933136,0.005366518162190914,0.5244302153587341,1.8292789459228516,0.2483852207660675,0.0019637246150523424,0.43328696489334106,1.8297353982925415,0.14386948943138123,0.006133231334388256,0.0,0.0,0.0,0.0,0.0,0.0,0.0,0.0,0.0,0.0,0.0,0.0,0.0,0.0,0.0,0.0,0.0,0.0,0.0,0.0,0.0,0.0,0.0,0.0,0.0,0.0,0.0,0.0,0.0,0.0,0.0,0.0,0.0,0.0,0.0,0.0,0.0,0.0,0.0,0.0,0.0,0.0,0.0,0.0,0.0,0.0,0.0,0.0,0.0,0.0,0.0,0.0,0.0,0.0,0.0,0.0,0.0,0.0,0.0,0.0,0.0,0.0,0.0,0.4112378656864166,0.6796395182609558,-1.545901682220574e-07,0.42099645733833313,0.6343145966529846,-0.010960670188069344,0.43964532017707825,0.6135650277137756,-0.01563378982245922,0.4599953591823578,0.6027253270149231,-0.017916373908519745,0.4754716157913208,0.5955449342727661,-0.018693936988711357,0.45984727144241333,0.6683871746063232,-0.015785159543156624,0.47681212425231934,0.6208915710449219,-0.018546879291534424,0.4643128216266632,0.612481415271759,-0.018542282283306122,0.45523801445961,0.6231663823127747,-0.018166542053222656,0.46396878361701965,0.6823607087135315,-0.01064552552998066,0.47937455773353577,0.6332670450210571,-0.01472424529492855,0.4683958888053894,0.6240074634552002,-0.015380961820483208,0.4599444568157196,0.6343348026275635,-0.015628527849912643,0.4643774926662445,0.6882262825965881,-0.005416983272880316,0.47947773337364197,0.642798125743866,-0.009838550351560116,0.4703045189380646,0.6332741379737854,-0.008918404579162598,0.4617503583431244,0.6437528729438782,-0.007689302787184715,0.4643065929412842,0.6861968636512756,-0.0006019173306412995,0.4762396812438965,0.6508381962776184,-0.005703228060156107,0.46883881092071533,0.6429424285888672,-0.005682285409420729,0.4619104564189911,0.6526607275009155,-0.0046230945736169815
0.4752610921859741,0.25069206953048706,-0.7287014722824097,0.9999262690544128,0.48775622248649597,0.21814671158790588,-0.6930654048919678,0.9999125599861145,0.4965333640575409,0.21885691583156586,-0.6930786967277527,0.9999040961265564,0.5048432350158691,0.2200944721698761,-0.6929671168327332,0.999886155128479,0.46268919110298157,0.2177061289548874,-0.6976140737533569,0.9999271631240845,0.4545340836048126,0.21842938661575317,-0.6977654695510864,0.9999342560768127,0.44578883051872253,0.2195313274860382,-0.698074460029602,0.9999387860298157,0.5159342885017395,0.2434273362159729,-0.4274345636367798,0.9998664855957031,0.43527284264564514,0.24518926441669464,-0.4459068179130554,0.9999354481697083,0.4913819134235382,0.29349517822265625,-0.6275771856307983,0.9999675154685974,0.46043646335601807,0.29214370250701904,-0.6332471966743469,0.9999743103981018,0.5736634135246277,0.473922461271286,-0.22188352048397064,0.9997125267982483,0.3751826286315918,0.4769514799118042,-0.27106210589408875,0.99982088804245,0.5945503115653992,0.8027089834213257,-0.3490395247936249,0.9870742559432983,0.3265496492385864,0.7855517268180847,-0.4550040662288666,0.9932528734207153,0.5280774831771851,0.7570298910140991,-0.7550073266029358,0.9677251577377319,0.40731728076934814,0.708038330078125,-0.9244919419288635,0.9725439548492432,0.5012580156326294,0.7676706314086914,-0.8363438844680786,0.8991361260414124,0.4441034197807312,0.6949008703231812,-1.016517162322998,0.90151447057724,0.4986959993839264,0.7163101434707642,-0.8347073793411255,0.8984256386756897,0.4468740224838257,0.6540229916572571,-1.0134556293487549,0.8999698758125305,0.5033769607543945,0.7136930227279663,-0.7614924907684326,0.881415069103241,0.43680307269096375,0.6540881395339966,-0.928909957408905,0.8860496282577515,0.5372129678726196,0.9748115539550781,0.002699787961319089,0.9097279906272888,0.4124343991279602,0.9731050729751587,-0.0017451229505240917,0.9224857687950134,0.5448464751243591,1.3712657690048218,0.13887587189674377,0.0513516440987587,0.4074050784111023,1.3670179843902588,0.09573493897914886,0.04254763573408127,0.5471997857093811,1.712700366973877,0.529522716999054,0.004559515044093132,0.41619715094566345,1.7102831602096558,0.41730430722236633,0.0033897850662469864,0.5506547689437866,1.7628672122955322,0.551142692565918,0.003426671028137207,0.41262614727020264,1.7592793703079224,0.4384536147117615,0.005385173950344324,0.5303559899330139,1.8285577297210693,0.2538911700248718,0.0019290444906800985,0.44029930233955383,1.8289588689804077,0.11685311049222946,0.00611309427767992,0.0,0.0,0.0,0.0,0.0,0.0,0.0,0.0,0.0,0.0,0.0,0.0,0.0,0.0,0.0,0.0,0.0,0.0,0.0,0.0,0.0,0.0,0.0,0.0,0.0,0.0,0.0,0.0,0.0,0.0,0.0,0.0,0.0,0.0,0.0,0.0,0.0,0.0,0.0,0.0,0.0,0.0,0.0,0.0,0.0,0.0,0.0,0.0,0.0,0.0,0.0,0.0,0.0,0.0,0.0,0.0,0.0,0.0,0.0,0.0,0.0,0.0,0.0,0.4087197184562683,0.6814388632774353,-1.6897580223940167e-07,0.419698029756546,0.6338539123535156,-0.01029917411506176,0.4388565421104431,0.612906813621521,-0.014725479297339916,0.45947039127349854,0.6022845506668091,-0.017139870673418045,0.47513484954833984,0.5963630676269531,-0.01809019036591053,0.4596075117588043,0.6689096093177795,-0.013215510174632072,0.47699233889579773,0.6222833395004272,-0.01610945723950863,0.46451330184936523,0.613430380821228,-0.016780024394392967,0.45519542694091797,0.6238440871238708,-0.016875097528100014,0.4638722240924835,0.682531476020813,-0.00852867029607296,0.4791605472564697,0.6339895725250244,-0.012390604242682457,0.4684148132801056,0.6248403787612915,-0.013624894432723522,0.4598107635974884,0.6349930167198181,-0.01432920154184103,0.464376837015152,0.6883205771446228,-0.003894656663760543,0.479644238948822,0.6429260969161987,-0.008086520247161388,0.47035014629364014,0.633569061756134,-0.007562924176454544,0.4613760709762573,0.6438169479370117,-0.006673470605164766,0.46403348445892334,0.6863969564437866,0.0003184428787790239,0.4758204221725464,0.6505476236343384,-0.004317684564739466,0.4685877859592438,0.6430079936981201,-0.0042737144976854324,0.4615301191806793,0.652661919593811,-0.00328004639595747
0.47614267468452454,0.25086310505867004,-0.743849515914917,0.9999255537986755,0.48874154686927795,0.21821534633636475,-0.7081919312477112,0.9999113082885742,0.49747687578201294,0.21887889504432678,-0.7081819772720337,0.9999023675918579,0.5057528614997864,0.2200884073972702,-0.7080680131912231,0.9998837113380432,0.46343472599983215,0.2178298532962799,-0.7122202515602112,0.9999266266822815,0.45514705777168274,0.2185504138469696,-0.7123854756355286,0.9999338984489441,0.4464026689529419,0.21962228417396545,-0.71268230676651,0.9999384880065918,0.5162927508354187,0.24327093362808228,-0.4419633150100708,0.9998626708984375,0.43564096093177795,0.245115265250206,-0.4582875669002533,0.9999353885650635,0.4925525486469269,0.29368168115615845,-0.6426870822906494,0.9999667406082153,0.46145087480545044,0.29222697019577026,-0.6476754546165466,0.9999740123748779,0.5737360119819641,0.4736205041408539,-0.23923495411872864,0.9997060298919678,0.3744692802429199,0.4764733910560608,-0.27849456667900085,0.9998223185539246,0.5954946279525757,0.8020161986351013,-0.3505575954914093,0.9866639375686646,0.3250451982021332,0.7861542701721191,-0.4607442021369934,0.9933664798736572,0.5276708602905273,0.763139009475708,-0.7557399868965149,0.9673044681549072,0.40684381127357483,0.7090029120445251,-0.9352807402610779,0.972903847694397,0.4996742308139801,0.7763844132423401,-0.836737334728241,0.8980041146278381,0.4435141384601593,0.695307195186615,-1.0283316373825073,0.902921736240387,0.496990829706192,0.7249225974082947,-0.8363223671913147,0.8972271680831909,0.4465167820453644,0.6548827886581421,-1.0240916013717651,0.9014526605606079,0.5020994544029236,0.7210850119590759,-0.762281060218811,0.880350649356842,0.4363752603530884,0.6551867723464966,-0.9393418431282043,0.8875853419303894,0.5370628237724304,0.976563036441803,0.0021369936875998974,0.9116723537445068,0.4107649624347687,0.9738047122955322,-0.0011239583836868405,0.9247773289680481,0.5436273813247681,1.3712681531906128,0.14382325112819672,0.05157552659511566,0.40590760111808777,1.3671542406082153,0.12052978575229645,0.042138613760471344,0.5458980202674866,1.7127397060394287,0.5429400205612183,0.004559271968901157,0.41473388671875,1.7105052471160889,0.45803552865982056,0.0033655730076134205,0.5496991872787476,1.7629499435424805,0.5657049417495728,0.003480612300336361,0.4120878279209137,1.759520411491394,0.48113811016082764,0.005386978853493929,0.5273527503013611,1.8287447690963745,0.2682035267353058,0.0019295712700113654,0.43634745478630066,1.8292819261550903,0.16044695675373077,0.006077905185520649,0.0,0.0,0.0,0.0,0.0,0.0,0.0,0.0,0.0,0.0,0.0,0.0,0.0,0.0,0.0,0.0,0.0,0.0,0.0,0.0,0.0,0.0,0.0,0.0,0.0,0.0,0.0,0.0,0.0,0.0,0.0,0.0,0.0,0.0,0.0,0.0,0.0,0.0,0.0,0.0,0.0,0.0,0.0,0.0,0.0,0.0,0.0,0.0,0.0,0.0,0.0,0.0,0.0,0.0,0.0,0.0,0.0,0.0,0.0,0.0,0.0,0.0,0.0,0.4089004397392273,0.6806754469871521,-1.647031382390196e-07,0.4197671711444855,0.6339045763015747,-0.010744927451014519,0.4387953281402588,0.6130913496017456,-0.015228034928441048,0.4593181312084198,0.6021867990493774,-0.01758059673011303,0.47488832473754883,0.5964546203613281,-0.01843697763979435,0.4596138596534729,0.6688504219055176,-0.01338274497538805,0.47676533460617065,0.6230582594871521,-0.016273174434900284,0.46483588218688965,0.6136707663536072,-0.0169362835586071,0.4556909203529358,0.6233411431312561,-0.01700536720454693,0.46362483501434326,0.6823422312736511,-0.00846283882856369,0.47899582982063293,0.6344266533851624,-0.012289714999496937,0.4684920012950897,0.6248814463615417,-0.013494790531694889,0.4598684012889862,0.6345510482788086,-0.014143336564302444,0.46395617723464966,0.6880165338516235,-0.0036635431461036205,0.4794901907444,0.6431901454925537,-0.00799152534455061,0.470347136259079,0.6334701776504517,-0.007586409337818623,0.46130260825157166,0.6433647871017456,-0.0066854567267000675,0.46343353390693665,0.6862107515335083,0.0006859666318632662,0.47542890906333923,0.6509525179862976,-0.00416729599237442,0.4684326946735382,0.6430382132530212,-0.004298181738704443,0.46132150292396545,0.6523030400276184,-0.003353884443640709
0.4752661883831024,0.2510269582271576,-0.7541742920875549,0.9999232888221741,0.4880472421646118,0.21828310191631317,-0.7189003825187683,0.9999083280563354,0.49689018726348877,0.21891964972019196,-0.718894898891449,0.9998987317085266,0.5053474307060242,0.22012214362621307,-0.7187868356704712,0.9998793005943298,0.4629787802696228,0.2179170548915863,-0.722290575504303,0.9999244809150696,0.45467624068260193,0.21864177286624908,-0.7224434018135071,0.9999319911003113,0.4461542069911957,0.2196865826845169,-0.7227298617362976,0.9999367594718933,0.5163640975952148,0.2432650476694107,-0.45329415798187256,0.9998573064804077,0.4353949725627899,0.24504594504833221,-0.4663342833518982,0.9999334216117859,0.4915905296802521,0.29397740960121155,-0.6531234979629517,0.9999656081199646,0.46066680550575256,0.2923658788204193,-0.6572490334510803,0.9999732375144958,0.5739626288414001,0.47366952896118164,-0.2550162076950073,0.9996922016143799,0.37358659505844116,0.4777718484401703,-0.2825057804584503,0.9998195767402649,0.595735490322113,0.8032262921333313,-0.3696083724498749,0.9859315752983093,0.32752105593681335,0.7860734462738037,-0.45907720923423767,0.9932365417480469,0.5261176228523254,0.7589811682701111,-0.7900633215904236,0.9655159115791321,0.4064466655254364,0.7107015252113342,-0.9327021241188049,0.972337007522583,0.4975234270095825,0.769793689250946,-0.8721951246261597,0.8942581415176392,0.4429795444011688,0.6968038082122803,-1.026553750038147,0.901628315448761,0.4958599805831909,0.7178499102592468,-0.8733905553817749,0.8935943841934204,0.4451335072517395,0.6559322476387024,-1.0228991508483887,0.9004501104354858,0.5012057423591614,0.7147040963172913,-0.7976070046424866,0.8765151500701904,0.43555742502212524,0.6563223004341125,-0.9373982548713684,0.8863916993141174,0.5375654101371765,0.9757633805274963,-0.0010635217186063528,0.9099971055984497,0.4124131500720978,0.9744694232940674,0.002196066314354539,0.924060583114624,0.5439974665641785,1.3712704181671143,0.1431693136692047,0.0514700710773468,0.4059829115867615,1.3672798871994019,0.11569264531135559,0.041741933673620224,0.5458552241325378,1.7128076553344727,0.5474213361740112,0.004547927528619766,0.4146203100681305,1.7105766534805298,0.45091158151626587,0.0033290786668658257,0.5495727062225342,1.7630900144577026,0.5705820322036743,0.003495414275676012,0.4122520089149475,1.7598143815994263,0.4736573398113251,0.005379400681704283,0.5273489952087402,1.828934669494629,0.2715972661972046,0.0019260924309492111,0.4361196756362915,1.8295133113861084,0.1512787789106369,0.006087203044444323,0.0,0.0,0.0,0.0,0.0,0.0,0.0,0.0,0.0,0.0,0.0,0.0,0.0,0.0,0.0,0.0,0.0,0.0,0.0,0.0,0.0,0.0,0.0,0.0,0.0,0.0,0.0,0.0,0.0,0.0,0.0,0.0,0.0,0.0,0.0,0.0,0.0,0.0,0.0,0.0,0.0,0.0,0.0,0.0,0.0,0.0,0.0,0.0,0.0,0.0,0.0,0.0,0.0,0.0,0.0,0.0,0.0,0.0,0.0,0.0,0.0,0.0,0.0,0.40889179706573486,0.6821422576904297,-1.6730082563753967e-07,0.4193141758441925,0.6355144381523132,-0.010812497697770596,0.4380849003791809,0.6141223907470703,-0.015548540279269218,0.4585708677768707,0.6026086807250977,-0.017957305535674095,0.474290132522583,0.5961397886276245,-0.018775075674057007,0.45971357822418213,0.6688704490661621,-0.014782832935452461,0.4771023988723755,0.6218747496604919,-0.017108427360653877,0.4644168019294739,0.6132863163948059,-0.016887255012989044,0.4550420939922333,0.6234377026557922,-0.016426932066679,0.4636400043964386,0.6829410791397095,-0.009558374993503094,0.4783205986022949,0.6338284015655518,-0.013286071829497814,0.4670700132846832,0.6248449087142944,-0.014034190215170383,0.4585191011428833,0.6347854733467102,-0.014454619958996773,0.46374329924583435,0.6888397932052612,-0.0042383912950754166,0.47843918204307556,0.6434962749481201,-0.0082632377743721,0.46924063563346863,0.634213387966156,-0.007510505151003599,0.4604487121105194,0.6442979574203491,-0.006561265792697668,0.46339869499206543,0.6869540810585022,0.00069946120493114,0.47509655356407166,0.6509002447128296,-0.00389466411434114,0.467740535736084,0.6433736085891724,-0.003809140296652913,0.4607382118701935,0.6530360579490662,-0.0028015272691845894
0.4742870330810547,0.25120580196380615,-0.754639208316803,0.9999217391014099,0.4870712459087372,0.2183152437210083,-0.7195433974266052,0.9999063014984131,0.49594372510910034,0.21893268823623657,-0.7195307612419128,0.9998963475227356,0.5043630003929138,0.2201279103755951,-0.7194191217422485,0.9998766779899597,0.46210968494415283,0.21805624663829803,-0.7223751544952393,0.9999228119850159,0.454076886177063,0.21879416704177856,-0.7225244641304016,0.9999302625656128,0.44536685943603516,0.21980252861976624,-0.7228105068206787,0.9999352097511292,0.5159069299697876,0.24326160550117493,-0.4548979699611664,0.9998539686203003,0.43509772419929504,0.2450529932975769,-0.4650139808654785,0.9999315738677979,0.49042776226997375,0.2942450940608978,-0.6536791920661926,0.9999649524688721,0.4596332013607025,0.2925412356853485,-0.6570478081703186,0.9999724626541138,0.5738672614097595,0.47389206290245056,-0.2578400671482086,0.9996870160102844,0.37355273962020874,0.4778870642185211,-0.28210729360580444,0.9998155832290649,0.5942086577415466,0.8046910762786865,-0.37094566226005554,0.985358715057373,0.3272833526134491,0.7831610441207886,-0.46057116985321045,0.9931910037994385,0.5201031565666199,0.7638962268829346,-0.7674168944358826,0.9640272855758667,0.4097553789615631,0.7062685489654541,-0.9294857382774353,0.9720620512962341,0.49042266607284546,0.7748997807502747,-0.8476189374923706,0.8905913233757019,0.4471551775932312,0.6925876140594482,-1.0226114988327026,0.9001379609107971,0.48989641666412354,0.7230737805366516,-0.848082959651947,0.8899307250976562,0.44818955659866333,0.653026282787323,-1.017506718635559,0.8989569544792175,0.49568912386894226,0.7194705009460449,-0.7741231918334961,0.8726673722267151,0.4390857517719269,0.6524818539619446,-0.9335587620735168,0.8846525549888611,0.5375320911407471,0.9788668155670166,-0.002180005656555295,0.9105942845344543,0.412082701921463,0.9745708107948303,0.0033268779516220093,0.9249866008758545,0.5452784895896912,1.3715438842773438,0.1386556625366211,0.05103848874568939,0.4055803418159485,1.3679463863372803,0.12909281253814697,0.04127161204814911,0.54886794090271,1.7134582996368408,0.5363547205924988,0.00446377182379365,0.41677725315093994,1.7109909057617188,0.46834030747413635,0.0032478454522788525,0.5530863404273987,1.7641838788986206,0.5586482882499695,0.0034502570051699877,0.41471484303474426,1.7602577209472656,0.4914013743400574,0.005286462604999542,0.5302296876907349,1.8295296430587769,0.25473907589912415,0.0018920291913673282,0.4394025504589081,1.8305987119674683,0.16758069396018982,0.006010036449879408,0.0,0.0,0.0,0.0,0.0,0.0,0.0,0.0,0.0,0.0,0.0,0.0,0.0,0.0,0.0,0.0,0.0,0.0,0.0,0.0,0.0,0.0,0.0,0.0,0.0,0.0,0.0,0.0,0.0,0.0,0.0,0.0,0.0,0.0,0.0,0.0,0.0,0.0,0.0,0.0,0.0,0.0,0.0,0.0,0.0,0.0,0.0,0.0,0.0,0.0,0.0,0.0,0.0,0.0,0.0,0.0,0.0,0.0,0.0,0.0,0.0,0.0,0.0,0.40740954875946045,0.6830335259437561,-1.7235652194358408e-07,0.4184568226337433,0.6359060406684875,-0.010423773899674416,0.4383421838283539,0.6146674156188965,-0.014865405857563019,0.4590543806552887,0.6028212308883667,-0.016924481838941574,0.4744141101837158,0.5970116853713989,-0.017503516748547554,0.46020010113716125,0.6700125932693481,-0.015192650258541107,0.47679054737091064,0.6230186223983765,-0.01684580370783806,0.46410080790519714,0.6146165728569031,-0.01605082117021084,0.4552328586578369,0.624412477016449,-0.01530531793832779,0.4635036587715149,0.6839358806610107,-0.010002157650887966,0.47837042808532715,0.6343904137611389,-0.013351877219974995,0.4671655595302582,0.6249014735221863,-0.013845318928360939,0.4586488902568817,0.6348749995231628,-0.014148281887173653,0.4630471467971802,0.6894741654396057,-0.004529239144176245,0.47815755009651184,0.6436773538589478,-0.008475982584059238,0.46890100836753845,0.6337246298789978,-0.007760173641145229,0.45997360348701477,0.6441383361816406,-0.006818174384534359,0.4620804190635681,0.6870410442352295,0.0006812868523411453,0.47417670488357544,0.6504155993461609,-0.003915912006050348,0.46660614013671875,0.6426978707313538,-0.0037712494377046824,0.4593185782432556,0.6529392600059509,-0.002709914930164814
0.474242627620697,0.25133541226387024,-0.7562121152877808,0.9999232292175293,0.4869024157524109,0.2183898240327835,-0.7213708162307739,0.9999078512191772,0.4956943094730377,0.2190302312374115,-0.721356987953186,0.9998981356620789,0.5040726661682129,0.2202528715133667,-0.7212508916854858,0.9998789429664612,0.4619842767715454,0.21815665066242218,-0.7241237163543701,0.9999239444732666,0.4540466368198395,0.21891559660434723,-0.7242655158042908,0.9999310374259949,0.44522857666015625,0.21989108622074127,-0.724541425704956,0.9999358057975769,0.515990138053894,0.24335357546806335,-0.45783185958862305,0.9998571276664734,0.435406893491745,0.24505606293678284,-0.4674784541130066,0.999932050704956,0.4904259443283081,0.29444921016693115,-0.6555935144424438,0.9999656081199646,0.4597069323062897,0.2927035987377167,-0.6589335799217224,0.9999727010726929,0.5738798379898071,0.47522255778312683,-0.2630850672721863,0.9996941685676575,0.37336310744285583,0.4772540032863617,-0.2824801504611969,0.9998155832290649,0.5940740704536438,0.805339515209198,-0.3702768087387085,0.985584557056427,0.32605209946632385,0.7825064063072205,-0.4567175507545471,0.9932422041893005,0.500702440738678,0.7687972187995911,-0.7418107390403748,0.9637662768363953,0.40932080149650574,0.7040777206420898,-0.92240971326828,0.9720762968063354,0.47089508175849915,0.78324955701828,-0.8187380433082581,0.8893449902534485,0.44687071442604065,0.6910776495933533,-1.0150878429412842,0.8996647000312805,0.4841592013835907,0.7361136078834534,-0.8201436996459961,0.8886181116104126,0.4496612548828125,0.6515196561813354,-1.0084950923919678,0.898405909538269,0.49045026302337646,0.731105387210846,-0.7479410171508789,0.871260404586792,0.4393555223941803,0.6506121158599854,-0.9258825778961182,0.8837318420410156,0.5358774662017822,0.9804270267486572,-0.002304986584931612,0.9126002788543701,0.4107198417186737,0.9755600690841675,0.0034358908887952566,0.92677903175354,0.5428098440170288,1.3717625141143799,0.14054584503173828,0.051424235105514526,0.4035295844078064,1.3685028553009033,0.12438083440065384,0.04174339398741722,0.5469673275947571,1.714292049407959,0.5399684906005859,0.0044561149552464485,0.41507911682128906,1.711714744567871,0.46125492453575134,0.0032832773867994547,0.5510683655738831,1.765285849571228,0.5626707077026367,0.0034244495909661055,0.4134168028831482,1.7610810995101929,0.4839552938938141,0.0052724238485097885,0.5287079811096191,1.8300634622573853,0.2611485719680786,0.0019037198508158326,0.4367542564868927,1.8315373659133911,0.16128325462341309,0.00607340969145298,0.0,0.0,0.0,0.0,0.0,0.0,0.0,0.0,0.0,0.0,0.0,0.0,0.0,0.0,0.0,0.0,0.0,0.0,0.0,0.0,0.0,0.0,0.0,0.0,0.0,0.0,0.0,0.0,0.0,0.0,0.0,0.0,0.0,0.0,0.0,0.0,0.0,0.0,0.0,0.0,0.0,0.0,0.0,0.0,0.0,0.0,0.0,0.0,0.0,0.0,0.0,0.0,0.0,0.0,0.0,0.0,0.0,0.0,0.0,0.0,0.0,0.0,0.0,0.4067630171775818,0.6843055486679077,-1.7156359888303996e-07,0.4173314571380615,0.6374974846839905,-0.01062709093093872,0.4369979202747345,0.615370512008667,-0.014950172044336796,0.4577885568141937,0.6026002764701843,-0.016895094886422157,0.47346848249435425,0.5975731611251831,-0.017221586778759956,0.45932283997535706,0.6705288887023926,-0.01391562819480896,0.4766804277896881,0.6239098906517029,-0.015525768510997295,0.46420443058013916,0.6146842241287231,-0.014867197722196579,0.4550062417984009,0.6239758729934692,-0.014169644564390182,0.4629426598548889,0.68386310338974,-0.008558048866689205,0.47791334986686707,0.6347724795341492,-0.011595279909670353,0.46685242652893066,0.625286340713501,-0.012229271233081818,0.45819294452667236,0.6348452568054199,-0.012606397271156311,0.4628874659538269,0.6891895532608032,-0.0030756588093936443,0.4778699278831482,0.6434583067893982,-0.0066547635942697525,0.46854791045188904,0.6339003443717957,-0.00611944729462266,0.4594334363937378,0.6437511444091797,-0.00534399226307869,0.4622385501861572,0.6869945526123047,0.0020804035011678934,0.47404223680496216,0.6508890390396118,-0.0022708529140800238,0.466645210981369,0.6434596180915833,-0.002289270283654332,0.4593852460384369,0.6530370116233826,-0.0013398730661720037
0.4741753041744232,0.25139209628105164,-0.7618876695632935,0.9999264478683472,0.4869549870491028,0.2184099704027176,-0.7275295853614807,0.9999112486839294,0.4958122968673706,0.21904195845127106,-0.7274916768074036,0.999902069568634,0.5042620897293091,0.2202564924955368,-0.7273761034011841,0.999883770942688,0.46206286549568176,0.2182331383228302,-0.729633092880249,0.9999265074729919,0.4540405869483948,0.21900877356529236,-0.7297807931900024,0.9999332427978516,0.4454251229763031,0.21996530890464783,-0.7300450801849365,0.9999376535415649,0.5159862041473389,0.24334581196308136,-0.4651292860507965,0.9998631477355957,0.43528130650520325,0.2450333833694458,-0.4734211266040802,0.9999337792396545,0.49025285243988037,0.29451316595077515,-0.662225604057312,0.9999669790267944,0.4596460163593292,0.29277119040489197,-0.6650701761245728,0.999973475933075,0.5737579464912415,0.47517892718315125,-0.27327853441238403,0.9997060298919678,0.37339353561401367,0.47645461559295654,-0.2894649803638458,0.9998164176940918,0.594169020652771,0.8050816655158997,-0.3673554062843323,0.9855805039405823,0.3258189857006073,0.7830505967140198,-0.4698418080806732,0.9929478764533997,0.5007616877555847,0.7660119533538818,-0.7401944994926453,0.9634795188903809,0.40793779492378235,0.7062194347381592,-0.9411270022392273,0.9706281423568726,0.46714988350868225,0.7806574106216431,-0.817682683467865,0.8884690999984741,0.44496220350265503,0.6941949725151062,-1.035585641860962,0.8958483338356018,0.48051348328590393,0.7349327206611633,-0.818982720375061,0.8878595232963562,0.44777873158454895,0.6552637219429016,-1.0287504196166992,0.8946236371994019,0.48727381229400635,0.7297912836074829,-0.7461908459663391,0.8703584671020508,0.43803682923316956,0.6548373699188232,-0.9448642134666443,0.8796008825302124,0.5362207293510437,0.9782871007919312,-0.004450156353414059,0.911314845085144,0.41149643063545227,0.9755730628967285,0.005639847833663225,0.9253485798835754,0.5429981350898743,1.3714956045150757,0.1446153223514557,0.05009935051202774,0.4038589298725128,1.3684114217758179,0.13017430901527405,0.04045574739575386,0.5467796921730042,1.7137387990951538,0.5487756133079529,0.004374482203274965,0.41582542657852173,1.7114657163619995,0.47235262393951416,0.003177764592692256,0.5509949922561646,1.7647113800048828,0.5718797445297241,0.003356633009389043,0.4141300916671753,1.7606045007705688,0.4959997832775116,0.0051402924582362175,0.5279903411865234,1.8296517133712769,0.26811572909355164,0.0018619060283526778,0.43808066844940186,1.831425428390503,0.17095698416233063,0.00592810520902276,0.0,0.0,0.0,0.0,0.0,0.0,0.0,0.0,0.0,0.0,0.0,0.0,0.0,0.0,0.0,0.0,0.0,0.0,0.0,0.0,0.0,0.0,0.0,0.0,0.0,0.0,0.0,0.0,0.0,0.0,0.0,0.0,0.0,0.0,0.0,0.0,0.0,0.0,0.0,0.0,0.0,0.0,0.0,0.0,0.0,0.0,0.0,0.0,0.0,0.0,0.0,0.0,0.0,0.0,0.0,0.0,0.0,0.0,0.0,0.0,0.0,0.0,0.0,0.40854984521865845,0.6806913614273071,-1.712457162739156e-07,0.41906657814979553,0.6348981261253357,-0.010683301836252213,0.4383871853351593,0.6139574646949768,-0.015337553806602955,0.45880749821662903,0.6024692058563232,-0.017664095386862755,0.47390541434288025,0.5977372527122498,-0.01843678206205368,0.45883631706237793,0.6691322922706604,-0.015120251104235649,0.4764085114002228,0.6239214539527893,-0.017529679462313652,0.46418526768684387,0.6147826313972473,-0.017265331000089645,0.4550969898700714,0.623932421207428,-0.016784880310297012,0.4626379609107971,0.6836000084877014,-0.010100255720317364,0.4780665338039398,0.6355982422828674,-0.013777373358607292,0.46734240651130676,0.6259293556213379,-0.014327367767691612,0.4587503969669342,0.6351338028907776,-0.014610554091632366,0.46283602714538574,0.6898857355117798,-0.004958827514201403,0.4779864251613617,0.6450298428535461,-0.00901831779628992,0.46891769766807556,0.6353986859321594,-0.008148090913891792,0.4599549472332001,0.6449902653694153,-0.007090813014656305,0.46235013008117676,0.6884647607803345,-0.00018969224765896797,0.4742611348628998,0.6530907154083252,-0.004828531760722399,0.46719279885292053,0.6449530124664307,-0.004752020351588726,0.4600490927696228,0.6538405418395996,-0.0037522672209888697
0.4742506742477417,0.2515867054462433,-0.742508053779602,0.9999293684959412,0.4870976209640503,0.21858170628547668,-0.707115113735199,0.9999146461486816,0.49596109986305237,0.21927012503147125,-0.7071188688278198,0.9999058842658997,0.5043888688087463,0.22051845490932465,-0.7069999575614929,0.9998881816864014,0.46202564239501953,0.21833044290542603,-0.7100306749343872,0.999928891658783,0.4538576304912567,0.2190994769334793,-0.7101733684539795,0.9999353289604187,0.445158988237381,0.22002868354320526,-0.7104474306106567,0.9999392628669739,0.5157464146614075,0.24364694952964783,-0.4434051513671875,0.9998686909675598,0.43491828441619873,0.24512380361557007,-0.455032616853714,0.9999353885650635,0.49038028717041016,0.29482629895210266,-0.6425065398216248,0.9999682903289795,0.4594768285751343,0.29292792081832886,-0.6462299823760986,0.9999743103981018,0.5730520486831665,0.47530245780944824,-0.2502891719341278,0.999721109867096,0.37326040863990784,0.4756945073604584,-0.2722456753253937,0.9998148679733276,0.5953822731971741,0.80452960729599,-0.3533959984779358,0.9861709475517273,0.3272630572319031,0.7854225635528564,-0.45329248905181885,0.9927188754081726,0.5078064799308777,0.7768950462341309,-0.7315617799758911,0.965626060962677,0.4066745638847351,0.7089661359786987,-0.9323479533195496,0.9704156517982483,0.47690802812576294,0.7872536778450012,-0.8115009665489197,0.8941888809204102,0.44140997529029846,0.6996201276779175,-1.0272716283798218,0.8966231942176819,0.49202388525009155,0.7478755116462708,-0.8148671984672546,0.8936581611633301,0.4450894892215729,0.6562156081199646,-1.0242940187454224,0.8956648111343384,0.48907461762428284,0.73939448595047,-0.7386748194694519,0.876474142074585,0.4357101619243622,0.6556429862976074,-0.9374414086341858,0.8806531429290771,0.5375347137451172,0.9777979850769043,-0.00466291094198823,0.9117641448974609,0.4116958975791931,0.9760255217552185,0.005758898798376322,0.9248383045196533,0.5444315075874329,1.370874047279358,0.13452734053134918,0.050844233483076096,0.40732505917549133,1.3678405284881592,0.1229964941740036,0.039902009069919586,0.5468910932540894,1.7124825716018677,0.530184268951416,0.004420928191393614,0.4173944294452667,1.7103716135025024,0.4621860384941101,0.0031375670805573463,0.5508049726486206,1.7630891799926758,0.5526023507118225,0.0033832110930234194,0.41531509160995483,1.7594186067581177,0.48553624749183655,0.005086954217404127,0.5284713506698608,1.8278545141220093,0.254411906003952,0.001871640095487237,0.4385828375816345,1.8292254209518433,0.16655945777893066,0.0058505036868155,0.0,0.0,0.0,0.0,0.0,0.0,0.0,0.0,0.0,0.0,0.0,0.0,0.0,0.0,0.0,0.0,0.0,0.0,0.0,0.0,0.0,0.0,0.0,0.0,0.0,0.0,0.0,0.0,0.0,0.0,0.0,0.0,0.0,0.0,0.0,0.0,0.0,0.0,0.0,0.0,0.0,0.0,0.0,0.0,0.0,0.0,0.0,0.0,0.0,0.0,0.0,0.0,0.0,0.0,0.0,0.0,0.0,0.0,0.0,0.0,0.0,0.0,0.0,0.40877360105514526,0.6817647814750671,-1.6348174369795743e-07,0.41897088289260864,0.6361614465713501,-0.010431223548948765,0.4379992187023163,0.6146847605705261,-0.014799156226217747,0.4583226442337036,0.602871298789978,-0.01705402135848999,0.47381332516670227,0.5972330570220947,-0.017806272953748703,0.4587670564651489,0.6686209440231323,-0.013364335522055626,0.47613587975502014,0.6237480044364929,-0.015919053927063942,0.46405285596847534,0.6146613955497742,-0.016191234812140465,0.45490768551826477,0.6241955757141113,-0.016026178374886513,0.4626348316669464,0.6825141906738281,-0.008526013232767582,0.47781649231910706,0.6353607773780823,-0.01230801735073328,0.467186838388443,0.6261529326438904,-0.013423269614577293,0.4585731327533722,0.6359304189682007,-0.013972308486700058,0.4629586338996887,0.6887346506118774,-0.003713777055963874,0.4780767858028412,0.6448789238929749,-0.0077675143256783485,0.4689963459968567,0.6353195309638977,-0.007318556774407625,0.4598780870437622,0.6451848149299622,-0.006437167525291443,0.462612509727478,0.6875426173210144,0.0006922659231349826,0.4744541347026825,0.6527302265167236,-0.003847991582006216,0.46734437346458435,0.6448694467544556,-0.003927457612007856,0.4601639211177826,0.6540309190750122,-0.003011103719472885
0.4736550748348236,0.2518235146999359,-0.7349624037742615,0.9999306797981262,0.48664912581443787,0.2187066376209259,-0.7002319693565369,0.9999161958694458,0.4955993592739105,0.2194179743528366,-0.7002398371696472,0.9999076724052429,0.5040850639343262,0.2206890732049942,-0.7001314759254456,0.9998907446861267,0.4615603983402252,0.21843478083610535,-0.7030136585235596,0.9999296069145203,0.45355328917503357,0.21919003129005432,-0.7031519412994385,0.9999357461929321,0.44478335976600647,0.2200940102338791,-0.7034072875976562,0.999939501285553,0.5159128904342651,0.2439383864402771,-0.4413186311721802,0.9998714923858643,0.4348583519458771,0.24517856538295746,-0.4516974091529846,0.9999352693557739,0.4898114502429962,0.29518944025039673,-0.6365557312965393,0.9999691247940063,0.4588603377342224,0.2931458652019501,-0.6399902701377869,0.9999746084213257,0.5733371376991272,0.47571709752082825,-0.25275012850761414,0.9997349977493286,0.37351661920547485,0.47476714849472046,-0.2680295407772064,0.9998133182525635,0.5952489376068115,0.8040270209312439,-0.3577592074871063,0.9867579340934753,0.32674700021743774,0.7848637700080872,-0.4352758526802063,0.9926076531410217,0.5123136639595032,0.7755680084228516,-0.7334539890289307,0.9673269391059875,0.4065980613231659,0.7092800140380859,-0.8995035290718079,0.9703717827796936,0.4796198010444641,0.7870191931724548,-0.8131446838378906,0.8985824584960938,0.4406854510307312,0.7004165053367615,-0.9925181865692139,0.8971384763717651,0.49392539262771606,0.7488686442375183,-0.8171754479408264,0.8980581760406494,0.4447616636753082,0.6557849645614624,-0.9891439080238342,0.8962480425834656,0.4917125999927521,0.7407774329185486,-0.7407004833221436,0.8814436197280884,0.4352439045906067,0.6555421948432922,-0.9042325615882874,0.8812029957771301,0.5376569628715515,0.9783908128738403,-0.004050349351018667,0.9143838286399841,0.41165691614151,0.9760269522666931,0.0051105814054608345,0.9264605045318604,0.5423094034194946,1.3710811138153076,0.1331295520067215,0.05155947059392929,0.40590307116508484,1.367671012878418,0.12326305359601974,0.04041285440325737,0.5440179109573364,1.7125376462936401,0.526427149772644,0.00442499341443181,0.41476619243621826,1.7102845907211304,0.4587143063545227,0.003139135427772999,0.5476939678192139,1.7630630731582642,0.5489264726638794,0.0033789444714784622,0.4126344919204712,1.7594177722930908,0.48164302110671997,0.005079686641693115,0.5255610942840576,1.8277273178100586,0.25405165553092957,0.0018657309701666236,0.4353739619255066,1.8289785385131836,0.16570118069648743,0.005824989173561335,0.0,0.0,0.0,0.0,0.0,0.0,0.0,0.0,0.0,0.0,0.0,0.0,0.0,0.0,0.0,0.0,0.0,0.0,0.0,0.0,0.0,0.0,0.0,0.0,0.0,0.0,0.0,0.0,0.0,0.0,0.0,0.0,0.0,0.0,0.0,0.0,0.0,0.0,0.0,0.0,0.0,0.0,0.0,0.0,0.0,0.0,0.0,0.0,0.0,0.0,0.0,0.0,0.0,0.0,0.0,0.0,0.0,0.0,0.0,0.0,0.0,0.0,0.0,0.4085095524787903,0.68154376745224,-1.6444556649730657e-07,0.41854310035705566,0.6362184882164001,-0.010731561109423637,0.43735596537590027,0.6147686243057251,-0.015271329320967197,0.457752525806427,0.6028395891189575,-0.017621932551264763,0.47342008352279663,0.5974186658859253,-0.018443629145622253,0.45824041962623596,0.6690465211868286,-0.013975814916193485,0.4756825268268585,0.6235934495925903,-0.01663217507302761,0.4635455310344696,0.614497721195221,-0.016829513013362885,0.45439237356185913,0.6241260766983032,-0.016599679365754128,0.4621686041355133,0.6826077103614807,-0.009012196213006973,0.47737187147140503,0.6349155306816101,-0.013043145649135113,0.46655070781707764,0.625791072845459,-0.014146680012345314,0.4579572379589081,0.6358135342597961,-0.014625510200858116,0.462598979473114,0.6884933114051819,-0.004065376240760088,0.47783729434013367,0.644148588180542,-0.008345804177224636,0.46860381960868835,0.6345163583755493,-0.007878359407186508,0.45950552821159363,0.6445978879928589,-0.006925496738404036,0.46239128708839417,0.6869763135910034,0.0004642993735615164,0.47428470849990845,0.6515452265739441,-0.004327787552028894,0.46696680784225464,0.6436271667480469,-0.004478470887988806,0.4596865475177765,0.653078556060791,-0.003553916933014989
0.47365596890449524,0.2520723342895508,-0.7619129419326782,0.9999344944953918,0.48661717772483826,0.2187858521938324,-0.7280728816986084,0.999920666217804,0.4955820143222809,0.21950086951255798,-0.7280434370040894,0.999912440776825,0.5041182637214661,0.2207845151424408,-0.7279300093650818,0.9998968243598938,0.4614540934562683,0.2185630351305008,-0.7298699021339417,0.9999330639839172,0.4534899890422821,0.21933519840240479,-0.7300071716308594,0.9999385476112366,0.4448363482952118,0.22019577026367188,-0.7302548289299011,0.9999420642852783,0.5157384872436523,0.24408277869224548,-0.467184841632843,0.9998787641525269,0.4349591135978699,0.24529142677783966,-0.47427254915237427,0.9999377131462097,0.4900361895561218,0.29552221298217773,-0.6627466082572937,0.9999709129333496,0.4591336250305176,0.29337847232818604,-0.6652455925941467,0.9999757409095764,0.5731698870658875,0.47529342770576477,-0.27412500977516174,0.9997497200965881,0.3730473220348358,0.47441840171813965,-0.28436824679374695,0.9998164772987366,0.595231294631958,0.802157998085022,-0.35821250081062317,0.9869144558906555,0.3257182538509369,0.7826508283615112,-0.45626941323280334,0.9925490617752075,0.5099766254425049,0.7758514881134033,-0.72517329454422,0.9678793549537659,0.4060136377811432,0.7088392376899719,-0.933817982673645,0.9702987670898438,0.47776827216148376,0.7864809632301331,-0.8024222254753113,0.899874746799469,0.44081446528434753,0.6997901797294617,-1.0292502641677856,0.8970217108726501,0.49251407384872437,0.7468096017837524,-0.807339072227478,0.8994278907775879,0.4450949430465698,0.6571700572967529,-1.0243512392044067,0.8961078524589539,0.49827560782432556,0.7405477166175842,-0.7323028445243835,0.883002519607544,0.43557798862457275,0.6567071676254272,-0.9383612871170044,0.8812856078147888,0.5370339751243591,0.9797572493553162,-0.005115448497235775,0.915968120098114,0.4117380976676941,0.976481020450592,0.0063043213449418545,0.9274473786354065,0.5437555313110352,1.3705651760101318,0.14009125530719757,0.050774913281202316,0.4069068729877472,1.3677643537521362,0.1437113881111145,0.039734818041324615,0.5470035076141357,1.7114430665969849,0.5385829210281372,0.004370640963315964,0.4177093207836151,1.7096545696258545,0.4916243553161621,0.0030673390720039606,0.5506967902183533,1.7616111040115356,0.5613939166069031,0.0033154948614537716,0.415863960981369,1.7582507133483887,0.5163528323173523,0.004991124849766493,0.5285431146621704,1.8275744915008545,0.2611975371837616,0.001828018226660788,0.4394664764404297,1.828967571258545,0.1968071311712265,0.005697870627045631,0.0,0.0,0.0,0.0,0.0,0.0,0.0,0.0,0.0,0.0,0.0,0.0,0.0,0.0,0.0,0.0,0.0,0.0,0.0,0.0,0.0,0.0,0.0,0.0,0.0,0.0,0.0,0.0,0.0,0.0,0.0,0.0,0.0,0.0,0.0,0.0,0.0,0.0,0.0,0.0,0.0,0.0,0.0,0.0,0.0,0.0,0.0,0.0,0.0,0.0,0.0,0.0,0.0,0.0,0.0,0.0,0.0,0.0,0.0,0.0,0.0,0.0,0.0,0.4077714681625366,0.6811177730560303,-1.669764628786652e-07,0.4178537428379059,0.635753870010376,-0.01071856264024973,0.436837375164032,0.6144301295280457,-0.015338214114308357,0.4573814272880554,0.6026332378387451,-0.01774238795042038,0.4731683135032654,0.5976276993751526,-0.0186017919331789,0.4575796127319336,0.6696277260780334,-0.014349961653351784,0.4754544198513031,0.6240338087081909,-0.016999976709485054,0.46323978900909424,0.614943265914917,-0.017102710902690887,0.45400863885879517,0.6245288848876953,-0.01683582179248333,0.46147164702415466,0.6832426190376282,-0.00940003152936697,0.4771870970726013,0.6355465650558472,-0.013397290371358395,0.46635234355926514,0.6262682676315308,-0.014340228401124477,0.4578535556793213,0.6361359357833862,-0.014784364029765129,0.46186280250549316,0.6891505718231201,-0.004434516653418541,0.47768110036849976,0.6450594663619995,-0.008740555495023727,0.46857088804244995,0.6353809833526611,-0.008129874244332314,0.45964956283569336,0.6454050540924072,-0.007137150503695011,0.4617063105106354,0.6875993609428406,0.00013036507880315185,0.4741605520248413,0.6526592969894409,-0.004685267340391874,0.46693846583366394,0.6446202397346497,-0.004769706167280674,0.4597281515598297,0.6540442705154419,-0.0038287625648081303
0.4738830029964447,0.252361923456192,-0.7745547890663147,0.9999384880065918,0.4870127737522125,0.21883773803710938,-0.739729106426239,0.9999253153800964,0.49590393900871277,0.21953731775283813,-0.7397132515907288,0.9999176263809204,0.5042911767959595,0.2208217829465866,-0.7395936250686646,0.9999030232429504,0.46177658438682556,0.2187214195728302,-0.7413266897201538,0.9999366402626038,0.4537688195705414,0.21950861811637878,-0.7414756417274475,0.9999415874481201,0.445151150226593,0.22031839191913605,-0.741724967956543,0.9999446868896484,0.5156993865966797,0.24420474469661713,-0.4741024971008301,0.9998864531517029,0.43527016043663025,0.2454850673675537,-0.48046165704727173,0.9999401569366455,0.49028682708740234,0.29583740234375,-0.6737395524978638,0.9999726414680481,0.45921847224235535,0.29362770915031433,-0.6760804057121277,0.9999768137931824,0.5724227428436279,0.47562476992607117,-0.2782735526561737,0.999763011932373,0.3735119104385376,0.47375980019569397,-0.28533801436424255,0.9998171925544739,0.5948810577392578,0.8024289608001709,-0.3625747561454773,0.9872322678565979,0.3262861967086792,0.7813161015510559,-0.4612562954425812,0.9922855496406555,0.511414647102356,0.7763455510139465,-0.7299352288246155,0.9688794612884521,0.40586158633232117,0.7082451581954956,-0.9538911581039429,0.9697446227073669,0.47943276166915894,0.7886201739311218,-0.8076092004776001,0.9023057818412781,0.43998461961746216,0.6996426582336426,-1.0515806674957275,0.8960239887237549,0.49366825819015503,0.7481305599212646,-0.814227819442749,0.9019642472267151,0.4444405734539032,0.6578230261802673,-1.0474737882614136,0.8951328992843628,0.49026116728782654,0.7423386573791504,-0.737665593624115,0.8856104612350464,0.43501487374305725,0.6566236019134521,-0.9591119289398193,0.880448579788208,0.5365262627601624,0.9799689650535583,-0.006161056458950043,0.916386067867279,0.4116314649581909,0.9756528735160828,0.007380085531622171,0.9271314144134521,0.5443024039268494,1.3692830801010132,0.14139579236507416,0.05038595199584961,0.4076296389102936,1.3668910264968872,0.1377987414598465,0.03925665095448494,0.5479298233985901,1.7098956108093262,0.5428048968315125,0.004378016106784344,0.41902294754981995,1.7085622549057007,0.4806972146034241,0.0030536348931491375,0.5515453815460205,1.7596336603164673,0.5656976699829102,0.0032928732689470053,0.4173852205276489,1.7567325830459595,0.5048604011535645,0.004996110685169697,0.5299513936042786,1.8263931274414062,0.2637085020542145,0.0018179364269599319,0.44097545742988586,1.8280272483825684,0.18187279999256134,0.005679030437022448,0.0,0.0,0.0,0.0,0.0,0.0,0.0,0.0,0.0,0.0,0.0,0.0,0.0,0.0,0.0,0.0,0.0,0.0,0.0,0.0,0.0,0.0,0.0,0.0,0.0,0.0,0.0,0.0,0.0,0.0,0.0,0.0,0.0,0.0,0.0,0.0,0.0,0.0,0.0,0.0,0.0,0.0,0.0,0.0,0.0,0.0,0.0,0.0,0.0,0.0,0.0,0.0,0.0,0.0,0.0,0.0,0.0,0.0,0.0,0.0,0.0,0.0,0.0,0.4077710211277008,0.6817550659179688,-1.6369043009945017e-07,0.4171772003173828,0.6362389922142029,-0.011737926863133907,0.43615537881851196,0.6154884696006775,-0.016645561903715134,0.45672303438186646,0.6038086414337158,-0.01889820396900177,0.4721749424934387,0.5975645780563354,-0.019554471597075462,0.45823657512664795,0.6703339219093323,-0.01655261404812336,0.47496533393859863,0.6227624416351318,-0.01886492408812046,0.4628177881240845,0.6140377521514893,-0.018234137445688248,0.4538763761520386,0.6235286593437195,-0.017397230491042137,0.4617808759212494,0.6838683485984802,-0.010827240534126759,0.4766475558280945,0.6341215372085571,-0.015076161362230778,0.4657270312309265,0.6246065497398376,-0.0157474298030138,0.457110196352005,0.6342055201530457,-0.01582242175936699,0.4616888761520386,0.6887639164924622,-0.004959310404956341,0.47663938999176025,0.6426657438278198,-0.009676157496869564,0.4677005410194397,0.632682740688324,-0.00918057281523943,0.4588780105113983,0.6425891518592834,-0.008050079457461834,0.46126168966293335,0.6859561204910278,0.0005412023165263236,0.47330528497695923,0.6488898992538452,-0.0047696419060230255,0.465996652841568,0.6407853960990906,-0.005003022495657206,0.4585685133934021,0.6503006219863892,-0.003947965335100889
0.47454604506492615,0.2526172399520874,-0.7679012417793274,0.999942421913147,0.48738762736320496,0.21889270842075348,-0.7332796454429626,0.999930202960968,0.49626606702804565,0.21956095099449158,-0.7332713603973389,0.9999229907989502,0.5046180486679077,0.22083298861980438,-0.733159065246582,0.9999096393585205,0.46210798621177673,0.21891668438911438,-0.7346821427345276,0.9999400973320007,0.45407259464263916,0.21972227096557617,-0.734812319278717,0.9999443292617798,0.44537124037742615,0.22048842906951904,-0.7350496053695679,0.9999470710754395,0.5160101652145386,0.2442130148410797,-0.46879348158836365,0.999894917011261,0.4354589581489563,0.2456042319536209,-0.474179208278656,0.9999424815177917,0.49127131700515747,0.2959217429161072,-0.6675443053245544,0.9999746084213257,0.4601985514163971,0.2938551902770996,-0.6696203351020813,0.9999780058860779,0.5728318691253662,0.4755595922470093,-0.278238445520401,0.9997791647911072,0.37330812215805054,0.4740711748600006,-0.27799350023269653,0.9998160004615784,0.5962660908699036,0.8021731972694397,-0.36728769540786743,0.9877182841300964,0.3262689709663391,0.7804967164993286,-0.45405974984169006,0.992062509059906,0.511020839214325,0.7801856994628906,-0.7302212119102478,0.9699511528015137,0.40568965673446655,0.7088889479637146,-0.950042724609375,0.9690331220626831,0.47785475850105286,0.7932568788528442,-0.8089911937713623,0.9048283696174622,0.4400019943714142,0.6989011764526367,-1.0488802194595337,0.8943061232566833,0.49236419796943665,0.7530738115310669,-0.8169699311256409,0.9045880436897278,0.44434064626693726,0.6574355959892273,-1.0445706844329834,0.8935257792472839,0.4899671971797943,0.7470154166221619,-0.7384700775146484,0.8883047699928284,0.4349093437194824,0.6557712554931641,-0.9554367065429688,0.8788512349128723,0.5370264649391174,0.9801300168037415,-0.007524527609348297,0.9176082015037537,0.4109542667865753,0.97679603099823,0.008705733343958855,0.9275034070014954,0.5443075895309448,1.36941397190094,0.13809846341609955,0.050800323486328125,0.40726056694984436,1.3669848442077637,0.14253957569599152,0.039520516991615295,0.548481285572052,1.710412859916687,0.5390764474868774,0.004347932990640402,0.41888153553009033,1.7085896730422974,0.48822256922721863,0.0030483726877719164,0.5521253943443298,1.7603187561035156,0.5618555545806885,0.0032402921933680773,0.4174165427684784,1.7567938566207886,0.5126612782478333,0.0050122858956456184,0.5305893421173096,1.8269144296646118,0.2586604952812195,0.001795262098312378,0.4404990077018738,1.8280754089355469,0.1890266239643097,0.005648631602525711,0.0,0.0,0.0,0.0,0.0,0.0,0.0,0.0,0.0,0.0,0.0,0.0,0.0,0.0,0.0,0.0,0.0,0.0,0.0,0.0,0.0,0.0,0.0,0.0,0.0,0.0,0.0,0.0,0.0,0.0,0.0,0.0,0.0,0.0,0.0,0.0,0.0,0.0,0.0,0.0,0.0,0.0,0.0,0.0,0.0,0.0,0.0,0.0,0.0,0.0,0.0,0.0,0.0,0.0,0.0,0.0,0.0,0.0,0.0,0.0,0.0,0.0,0.0,0.40784138441085815,0.6807506680488586,-1.567126446389011e-07,0.4178929030895233,0.6359639763832092,-0.011240865103900433,0.4363555610179901,0.6152887344360352,-0.015937304124236107,0.4567858576774597,0.6036447286605835,-0.018443094566464424,0.4726080000400543,0.597882091999054,-0.019443154335021973,0.4569780230522156,0.6700708866119385,-0.013798450119793415,0.47423219680786133,0.6237454414367676,-0.016830801963806152,0.4625159502029419,0.6149080395698547,-0.017495738342404366,0.4535512328147888,0.6249067187309265,-0.017513500526547432,0.4609818160533905,0.6827678680419922,-0.008660316467285156,0.4764616787433624,0.634786069393158,-0.013054462149739265,0.465981125831604,0.6258333921432495,-0.014556434005498886,0.45739346742630005,0.636003315448761,-0.015182369388639927,0.46147674322128296,0.6878864765167236,-0.003657600376754999,0.4772481918334961,0.6432986855506897,-0.008392911404371262,0.46807560324668884,0.6336435079574585,-0.008181353099644184,0.45894721150398254,0.6437733769416809,-0.007199666928499937,0.46136733889579773,0.6856534481048584,0.0008713867864571512,0.4736826717853546,0.6505743861198425,-0.004336497746407986,0.4664420187473297,0.6426519155502319,-0.004677537828683853,0.45905667543411255,0.6521384716033936,-0.0037499601021409035
